0
0.03319575369293046
0.02083133456682801
0.026289695277229713
0.031061874144994298
0.026885792479489936
0.05709669730157852
0.012596902159612601
0.02352494228245813
0.010725796355712408
0.0
0.10373422139884411
0.008907355509815067
0.03004536348717825
0.028057595214882484
0.0
0.1115377289258732
0.02035358067159369
0.03666979288900465
0.03168563049170814
0.05406711972199365
0.031867922832909644
0.00419896788119281
0.016900518816495052
0.0
0.0
0.07701414635154302
0.011938144005517376
0.016900518816495052
0.004787559678939216
0.0
0.023900943608648063
0.0
0.022534023110038964
0.002969118585714235
0.0
0.07435848858874361
0.008907355509815067
0.015022682732899677
0.010725796355712408
0.010705308723460823
0.06615628532549682
0.005680647568918158
0.019161368473800268
0.017893673365959664
0.0
0.07113295612454666
0.012980454011683297
0.023386084635122133
0.020207445366250788
0.03448119387047199
0.10669943671054304
0.025023937987417904
0.024577668041538797
0.0030532562915276864
0.0
0.011855493108044951
0.026997307699804712
0.024583671978660588
0.010236293854629265
0.03190892701367115
0.015242777393998446
0.0
0.01437102667081558
0.0018935492422169494
0.0
0.047421972432179806
0.005680647568918158
0.009580684867830895
0.006840354460496204
0.006827288515366404
0.11035539276618138
0.01407559586569469
0.0565591722825107
0.019025312040772565
0.009655244479582744
0.029742982090685176
0.023981476328227985
0.032956600160947036
0.041783069135202494
0.01798990544935228
0.09933027024467651
0.02329566677675478
0.02288021833866693
0.0028423840079535917
0.0
0.011036696824376437
0.025132746267209793
0.022885807615566838
0.009529327110156884
0.029705145980142105
0.019708387102478537
0.019103781933930187
0.011148747847153816
0.026613855307806508
0.0
0.06385517439998428
0.0028423840079535917
0.017837993971081
0.02021466187754563
0.0
0.10273372872772711
0.01310346881199753
0.05265292902040113
0.01771133423717977
0.008988407746117087
0.027688791431627193
0.022325202437679062
0.030680461877350785
0.03889733326438048
0.016747437709610437
0.0346867611124084
0.0074788066675697965
0.011148746672442403
0.001762771798517162
0.006500780711132849
0.11078243782665764
0.041498546082602325
0.01954992440651105
0.0070980915091662785
0.0
0.02045214421543873
0.019824722395669656
0.011569480425056018
0.027618211680834375
0.0
0.06626494745306834
0.002949650184160062
0.01851116599819549
0.02097752483935639
0.0
0.035177688635695155
0.0
0.012726428833274458
0.003658590919157187
0.0
0.01799788681206266
0.0
0.0034708437008518288
0.0
0.0
0.03599577362412532
0.007761042632721893
0.011569479206013228
0.0018292954595785936
0.006746107833467048
0.11496315671025849
0.04306462242695017
0.020287701438166172
0.007365960007026303
0.0
0.05428164954318545
0.026457405002182875
0.07388405754317223
0.08724956468338194
0.04248866859381105
0.07942080361410657
0.058481710317774716
0.03546525351580141
0.017995428002753503
0.013492215666934097
0.016892837259970327
0.0
0.006111416057135473
0.001756908523416018
0.0
0.008642846779621356
0.0
0.0016667495809769657
0.0
0.0
0.015321409721272534
0.00953570141983835
0.006666998323907863
0.009021114859497973
0.0
0.020428546295030044
0.007565644346728484
0.00611141547173341
0.004953706205606842
0.0020031838050186867
0.026066836892896784
0.012705230342208582
0.035480198062718085
0.04189850880947452
0.020403676073809746
0.038139023982030104
0.028083767109145463
0.017030930094085316
0.008641666023661433
0.006479158022527526
0.01679975130721912
0.013968759812150408
0.27144827628206925
0.16543570934909818
0.08237681348262656
0.033315493633045944
0.029353387102144815
0.025115888708210368
0.0029992304864916567
0.00757882291795792
0.006298277196943181
0.0039199063207637
0.0027406488227533503
0.0037083716866924397
0.0
0.008397702929257575
0.0031100614196762333
0.002512261561233633
0.0020363540563640885
0.0008234625344505954
0.012839606095603336
0.003926851823946824
0.003197423827083283
0.014688951359761402
0.02486237365788624
0.008157935553902021
0.0037735526182521998
0.004916653889502283
0.005299713959799199
0.0013317160095268077
0.006905989233201348
0.005742234102146055
0.11158610857349308
0.0680067940684902
0.03386320288753275
0.013695228942450823
0.012066498579553015
0.010324560990771921
0.0012329142895526118
0.0031154788255267807
0.0045276007899186736
0.00864646273628616
0.14242236000655759
0.3294205676719396
0.10452761763295304
0.015787953185864807
0.00426410627428006
0.0
0.0013045003553883619
0.0060178340364016696
0.009305870834622858
0.0028460978933665
0.0023174241418957124
0.01064623657705553
0.018019714637635634
0.005912696540416908
0.0027349899203786866
0.0035634851796521832
0.003841118894389376
0.0009651991720602325
0.011529533747455648
0.012476889879102676
0.07095535004267907
0.14504932407640145
0.04396419113791648
0.007181667447310454
0.0017294044580682736
0.006139279825723896
0.01186450099993267
0.0007119727622360511
0.0032815078459569945
0.006266770553639616
0.10322466875654585
0.23875695486273074
0.07575937307579833
0.011442769505291937
0.0030905326781904296
0.0
0.0009454738502546928
0.004361596908033458
0.003076104761091032
0.004021357104917976
0.03537691924718054
0.10485136173055407
0.021690368464151902
0.008573039666716803
0.0006837475236982992
0.002580661857388844
0.00026172639196183484
0.0
0.011036908124677095
0.011943786305127813
0.06792362089648017
0.13885176091626808
0.04208572081000309
0.006874814327634169
0.0016555117086429205
0.005876965094373509
0.01135756313739001
0.0006815521022960685
0.02750462414517589
0.006759633748234936
0.04048600872090344
0.31566029819892494
0.06056269597115826
0.01337744308084223
0.004219865073824078
0.0
0.0
0.0047417997602228895
0.0029446711700319866
0.0038495354517949815
0.033865359694308345
0.10037134818420468
0.020763598006039736
0.008206736995903803
0.0006545328514432741
0.0024703971942616303
0.0002505435349910371
0.0
0.008685473872679206
0.006183989308805393
0.01803560977924552
0.00775544470631903
0.005529187063767968
0.003148395838941148
0.0010021741399641483
0.0035696846778559277
0.0011126333607917125
0.0
0.026833609158674512
0.006594722730931626
0.03949829412964201
0.3079593098263162
0.059085181630112386
0.013051081057462655
0.004116915377416525
0.0
0.0
0.004626116714153842
0.04729999022751221
0.0008345402041666025
0.003953048424736386
0.06254911846600694
0.12938256600648498
0.08269294289242167
0.12024276961987158
0.0048802378374027105
0.0061464366555251644
0.0026599929623490545
0.00847357920716144
0.00603312196807496
0.017595605058996062
0.007566239444052773
0.005394294568477913
0.0030715861803100324
0.0009777246559991757
0.00348259707021284
0.0010854890647769065
0.0
0.005369791181123913
0.0002444311639997939
0.002009693781450537
0.0020697315599144386
0.000450708763739659
0.007333013717531759
0.0019135114298051525
0.002937244481846379
0.001133944704663978
0.000450708763739659
0.036212992807906276
0.0006389261026488657
0.003026463927069043
0.04788776416771623
0.09905562157042605
0.06330992737681529
0.09205817021320264
0.0037363224993636882
0.0047057275346183754
0.002036497376665399
0.03868207963639575
0.0007939554897539712
0.003748052303956691
0.00526553270200045
0.010535287525078327
0.02888255856433021
0.14189827429429017
0.21980521955595242
0.09574478427042253
0.007202841285689993
0.004111125784311318
0.00018713712077691173
0.0015386266699782794
0.0015845917458537355
0.00034506377572719103
0.0056141739509027915
0.0014649892169549615
0.0022487618450774418
0.0008681509496523171
0.00034506377572719103
0.0032139751880573626
0.0025538946450863764
0.004982078428556189
0.002372210998640478
0.0005917795412143492
0.005561000366501858
0.016445044869699207
0.03743169728211669
0.0015050811597922128
0.001808469790809273
0.025434198154690384
0.0005220407341648376
0.002464415199209819
0.0034621872296305605
0.006927150583635141
0.018990827914237552
0.09330079613438963
0.144526084485933
0.06295400449775072
0.004736004223636769
0.0030492862878365038
0.0019510386609864483
0.002737158267228975
0.0004954657965263925
0.00045377190318347484
0.0032108787674675725
0.013389201937018822
0.11084817975471695
0.014896762109075744
0.0020653084533911866
0.002113249405556674
0.001679233978108369
0.0032758106897355383
0.0015597735481467949
0.0003891062284297587
0.0036564628011063398
0.010812927686678962
0.024612048134143426
0.0009896192970201224
0.0011891030536252817
0.0011682547334872803
0.0006649049930125976
0.0016390910359845088
0.0027076296385420075
0.0025120519387858806
0.004758958416476023
0.02371890489898069
0.345958247452201
0.047319790400896455
0.002860015546443803
0.0042181895599512735
0.0026989433375485057
0.0037864114211957002
0.0006853960084224897
0.0006277193165636874
0.0044417263637159445
0.01852177411222478
0.15334035260844606
0.020607237390676325
0.0028570169324294435
0.007160221322179431
0.0008556102767190764
0.0008112226321439903
0.0016145306271243708
0.0007762966513030033
0.006034012294819087
0.0009261154299181647
0.001995405540175299
0.003441755884188311
0.0003138596582818437
0.0016160896206489376
0.00091978746340514
0.0022674147466504742
0.0037455633861181482
0.0034750135808862123
0.006583241720758276
0.03281123107969781
0.4785767323334249
0.06545920159886484
0.003956364401542357
0.007744153326911685
0.002485644574931998
0.004203239828391042
0.005247530914864759
0.0032529815507025147
0.005050695731857003
0.008183975527424257
0.07964616608518203
0.04544027645840568
0.003620822579154063
0.028628512748850286
0.0034209626508644917
0.0032434887724142516
0.006455332672310518
0.003103845199571736
0.02412562267787101
0.003702861433932466
0.00797817418982339
0.013761076337640949
0.00125489629777765
0.019744745983362653
0.009814136448646005
0.010126927929082255
0.008123741056933496
0.01113528345830236
0.04622041871131471
0.02016554137968823
0.009923634283705157
0.019945894444260922
0.011083615805751462
0.030963231759582023
0.009938283217884031
0.016805696304502134
0.020981056162446245
0.013006305197241498
0.020194055552743777
0.03272176056868439
0.31844703935389634
0.18168258708304622
0.014477033698322244
0.011261211683065297
0.004919388748963972
0.00883902447593709
0.003282037465382327
0.0
0.013733535434329917
0.017503480823308895
0.012051923960796245
0.007233331670694649
0.0
0.05158864784145072
0.02564216473302631
0.02645941958885624
0.021225535992937743
0.029094029238418136
0.12076371638265704
0.05268809300689554
0.025928258322532483
0.05211420421588444
0.028959033106561654
0.11384774903710798
0.0035563213824886604
0.02811518760083478
0.01322059621651558
0.0
0.01829000526714238
0.005029398061807936
0.020242935641384997
0.002867197850916482
0.008109660012339833
0.029423051796929056
0.012853273168433849
0.02309441313326147
0.00857523693375066
0.0
0.03588268614530285
0.04573271841299654
0.031489007837799135
0.018899093490202887
0.0
0.062026970983883115
0.004292859277785834
0.01799371859517571
0.002514699030903968
0.0
0.011928264562259502
0.0
0.02699057848524685
0.010716377918707689
0.009844101509996083
0.040330736870244674
0.005314041634621783
0.021388603861397255
0.0
0.0
0.09746594681040918
0.015108425708512044
0.021388603861397255
0.0060589392874546896
0.0
0.03024805453072983
0.0
0.028518135977801236
0.0037575947778225667
0.0
0.09410505520129933
0.01127278402045998
0.019012091486554746
0.013574128217084381
0.013548199909495415
0.04873297340520459
0.0037575947778225667
0.03802418297310949
0.005314041634621783
0.006928661915419408
0.04873297340520459
0.009816533752269535
0.02376511373217799
0.0
0.0
0.05730160734878823
0.012829231190266917
0.040400695347952
0.021900864785641776
0.006928661915419408
0.10250729424032103
0.03933278562118838
0.06178929670528748
0.03698714081577455
0.013857323830838816
0.010574349904092731
0.0
0.009969591536387972
0.0013136091756949333
0.0
0.032897976312213785
0.00394082741766113
0.006646394649388437
0.004745349201372435
0.004736284982164944
0.07655668693112613
0.00976464275146206
0.03923671274216814
0.013198402190987094
0.006698118780955679
0.02063355592543797
0.0166366348701809
0.02286293453897358
0.02898610808791908
0.012480111074632348
0.0200319410809525
0.004484942311531505
0.014123588958221443
0.007656274462555038
0.002422175462106931
0.03583529631361023
0.013750260779203837
0.021600782391665078
0.01293025204449448
0.004844350924213862
0.02432203353699816
0.028613775226612508
0.024531589496166097
0.25200272121977374
0.10826079671904552
0.05717192120968862
0.018981466836639153
0.01495438861766601
0.011602563872175715
0.0
0.03218057805320475
0.004104564353833415
0.016493139235328472
0.005547943999545815
0.002815552016169388
0.00867330841486239
0.006993203970074791
0.009610426978359933
0.01218430095624552
0.0052460105661466805
0.010865370479728924
0.002342680682294773
0.0034922621512043796
0.0005521751829188636
0.0020363213101688695
0.03470177644241271
0.012999111565832519
0.006123868724412259
0.002223424484522444
0.0
0.010223758760017692
0.012027790961033366
0.010311845538205792
0.10592926058998194
0.04550739012587687
0.02403219818792899
0.007978853312321602
0.00628607231373144
0.004877133889581078
0.0
0.020169102865628726
0.011609474252759246
0.13319221889490818
0.30667731260623937
0.06804134108432144
0.016231000613658963
0.016879348385443044
0.011565849245136126
0.005979188216911126
0.0032945936488085388
0.00631315794813937
0.0013611789121203341
0.002029125707033624
0.0003208329758578563
0.001183173467323767
0.02016293840791695
0.007552935691764226
0.0035581806053473744
0.0012918869156591107
0.0
0.009520246205293336
0.004640260782302658
0.012958235874859562
0.015302359896591258
0.007451921401658606
0.01392930411274628
0.010256878437139441
0.006220112101327285
0.0031561477331219236
0.002366346934647534
0.011718949878473104
0.006745508106627852
0.07738930917408411
0.1781901792678132
0.03953438440685941
0.009430775574707558
0.0098074881678247
0.00672016046071671
0.0034741162011399256
0.001914273435836311
0.05057660541924929
0.09143314506711016
0.05807592697862661
0.04700068791861916
0.08237295448732299
0.06567438820211552
0.04942413803921161
0.023095118578491183
0.023397605560625503
0.03444891748283135
0.008777544340145974
0.00427826065505068
0.01194732651960291
0.014108578665383661
0.006870575519987381
0.012842638923458487
0.009456709766961809
0.005734863216008241
0.002909927545374369
0.002181741385163815
0.005657017865590134
0.004703731762000282
0.09140538573636181
0.055707536753372394
0.027738928812675576
0.011218400751093753
0.009884231749374812
0.008457329429124649
0.0010099375957913753
0.0025520340071110733
0.04663097855543845
0.08430018170531443
0.05354525641012749
0.04333402869283583
0.07594680272441819
0.06055093975778821
0.04556841847970972
0.02129340176632431
0.021572290866537357
0.03176145807105891
0.022235058751585834
0.02148143101209727
0.059722742470308565
0.07590235683894297
0.014298181747152373
0.0063081696424775865
0.0
0.005463776667947476
0.0074953813138457556
0.0051463112389487885
0.005085270261237797
0.004228331572299961
0.08216715959648124
0.05007724683032867
0.024935390539901743
0.010084571248253179
0.008885245011513622
0.0076025578948622045
0.000907864486839148
0.00229410317421291
0.003333928402471187
0.0063668792888277054
0.10487363466984637
0.24257098580005074
0.07696959370735727
0.011625562408338038
0.003139902495518657
0.0
0.0009605773538044499
0.004431271383287689
0.01998778962924827
0.01931033008736201
0.053686640809670026
0.06823100212194055
0.012853082694124038
0.005670610955793387
0.0
0.004911559705788513
0.006737832652745403
0.004626180104129837
0.013630836414856705
0.02690904910624977
0.016292179712309483
0.006882137815159999
0.020256431561545687
0.013237822272536375
0.023596194119878334
0.013818143225649752
0.0065728304485188
0.012249151519683336
0.0040007416959765936
0.007640307879791952
0.12584923021180475
0.29108719203600125
0.0923641499436979
0.013950771177851658
0.0037679090006285804
0.0
0.001152700780475005
0.005317562361617078
0.0037503188036108366
0.004902749528354446
0.04313075651541409
0.12783245826219172
0.02644441689284493
0.01045206010954779
0.0008336098391325862
0.0031462857871244775
0.00031909102108328423
0.0
0.016357116594205152
0.03229108179967448
0.019550750593524124
0.008258622378980684
0.024307885646225266
0.015885496368310693
0.02831562837755657
0.016581886318511378
0.007887450977196252
0.014699083276295915
0.0058859101712283165
0.004488070234461355
0.0048434605999860885
0.0043013383915280175
0.004060905434800827
0.010474564470307706
0.005441564298350995
0.006564441995102945
0.002372436623320959
0.0014898509014458709
0.010527531844714479
0.01376252379843444
0.12107248382870153
0.35883890026833165
0.0742322067890042
0.02934001118523371
0.0023400288314385843
0.008831948842491676
0.0008957214204249596
0.0
0.03105154956234814
0.02210845986416727
0.06447934092681343
0.027726590305432657
0.01976746792021886
0.011255870533706979
0.0035828856816998386
0.012762025690396327
0.003977789865446745
0.0
0.016522357166829503
0.012598476233304765
0.013596093658992447
0.012074300682946161
0.011399380565214483
0.029403183247917252
0.015275032453453252
0.01842706600827913
0.006659674392889289
0.004182165205194519
0.007210418358377952
0.0
0.006231543872143963
0.009044754625085763
0.0
0.008412154154532045
0.0035828856816998386
0.007931054534927444
0.0008957214204249596
0.0
0.07676496655014639
0.05465605439562205
0.15940442648389408
0.06854507447599331
0.04886870494594221
0.027826518714560853
0.008857532180686694
0.03155000278708471
0.009833805728484215
0.0
0.0486467206268477
0.0022143830451716736
0.018206483014722167
0.018750385177297265
0.004083120287952431
0.06643220520820055
0.017335135166751114
0.026609472678083564
0.010272781453400234
0.004083120287952431
0.017825439692858543
0.0
0.015405487444045182
0.022360245979186014
0.0
0.020796344832669747
0.008857532180686694
0.01960698080006066
0.0022143830451716736
0.0
0.04951510829038677
0.04226358905244156
0.04836696696570765
0.007560376706393255
0.004083120287952431
0.021908559611894668
0.0022143830451716736
0.005601994830517021
0.008477603723897031
0.0
0.03086684737096092
0.001405048944623728
0.011552201775082687
0.011897313322595216
0.0025907820527566075
0.04215192128585537
0.010999322553549011
0.016883985625186497
0.006518186079378694
0.0025907820527566075
0.024130928312241014
0.019174960910275585
0.037406068924296265
0.017810857334061462
0.00444315492501539
0.04175268735335592
0.12347145687896821
0.2810418720955426
0.011300337882509575
0.013578217728323416
0.031417848324856515
0.026816684368869095
0.030689340779589337
0.004797137214104762
0.0025907820527566075
0.013901207665059668
0.001405048944623728
0.003554523659114859
0.005379127243216522
0.0
0.02764770637606176
0.0022655732602200893
0.007109047318229718
0.0050756709153863344
0.0
0.013901207665059668
0.012404371615213345
0.06464678859814607
0.0316263678677278
0.0032040043674628903
0.0038771121735005688
0.003080837728646952
0.006010026771975514
0.002861667437607109
0.0007138809508537453
0.006708397220339919
0.019838138108531005
0.04515495009001687
0.0018156233776850782
0.002181609947521946
0.0021433601907296144
0.0012198802639442254
0.0030071887361620593
0.004967602879867757
0.004608782629595418
0.008731111226713818
0.04351632830660416
0.6347187081623804
0.08681613013986994
0.005247180509011988
0.004442152310635389
0.00036400927280948566
0.0011422094311024998
0.0008155071881235708
0.0
0.002233504686068041
0.0019930082909231524
0.010386788597952324
0.005081403180058066
0.0005147868402036506
0.0032555132327121918
0.004482185373165354
0.005961189408366649
0.004757006718000404
0.0025977231445218807
0.006887569651611953
0.004707876900675161
0.032247383762781315
0.006296848046409693
0.014614716154313433
0.0011716879454042642
0.0006668589844497723
0.0016439079194230767
0.002715586692834501
0.0025194342385575904
0.004772943819042383
0.02378860889813669
0.3469749332347497
0.04745885156937004
0.0028684204252560634
0.005614621234224133
0.0018021276467562854
0.003047408618707231
0.003804534499525059
0.00235845786080237
0.003661826194110028
0.005933498581047774
0.057744602469633505
0.03294484630176139
0.0026251478347709676
0.00177965683386817
0.0024502286612953453
0.0032587400849677798
0.0026004623263021606
0.0014200697144131635
0.0037651545311098004
0.002573605050997301
0.01762833470039125
0.0034422310267454986
0.007989271620130693
0.004656922389777248
0.0
0.0005463495687539911
0.001290714386794111
0.0
0.00469240291498218
0.006118454692393469
0.2115050418136606
0.15999264303834498
0.01017135648686793
0.009494433210850176
0.0030474327413679138
0.005153226974621239
0.006433541497676386
0.0039881979043394885
0.006192218990267059
0.01003366097806189
0.09764724076009568
0.05571037293614014
0.0044391758136620085
0.003453089878611317
0.0015084603660854015
0.0027103607332553048
0.0010063899580164868
0.0
0.004211192679838335
0.00536719264076414
0.0036955505160605213
0.0022179979458405454
0.0
0.007874945923037457
0.0
0.0009238876985489793
0.0021826230173821425
0.0
0.00793494417809173
0.010346425343252934
0.3576591206219399
0.27055065696962743
0.01719996074528795
0.017282321086169717
0.007240087975207286
0.006221047724048399
0.006963806629891768
0.0022899422552148914
0.010587617683296998
0.01259393401086548
0.020704085131415622
0.009743753779702978
0.005391009374712005
0.0214257449024498
0.009359700481413331
0.016817256343092578
0.006244452148902644
0.0
0.02612962397884815
0.03330237682940498
0.02293016556611384
0.013762241891267709
0.0
0.045167784312266444
0.0031260424113298147
0.01310295162879537
0.001831193457240545
0.0
0.00868611303150337
0.0
0.019654427874636938
0.007803622178595401
0.0071684340972750765
0.10723341005633327
0.04492332475587628
0.038600380021104636
0.04320905323844433
0.014208642209251197
0.0656940895202578
0.07814288852035496
0.1284647843115835
0.0604580796374041
0.03345015498865221
0.03011185620817763
0.01818931002305624
0.02298836562032911
0.005972429368520683
0.0
0.024321114762433895
0.0044208915811410265
0.009008280808780897
0.014090234160983161
0.0
0.006922320321211287
0.000533751028756653
0.00540118027077127
0.0007548379633896215
0.0009841881958876778
0.006922320321211287
0.001394398624360044
0.003375737580309101
0.0
0.0
0.008139459862020738
0.0018223400209029276
0.005738754171078889
0.0031109286128959586
0.0009841881958876778
0.014560743505061324
0.005587061945338248
0.008776917851080372
0.005253872657505346
0.0019683763917753556
0.005586364433773154
0.016335799106702048
0.015097732796172676
0.0993390664086286
0.07377745647508227
0.04453615540291019
0.011466262791090963
0.008118205144486936
0.00310463606975568
0.0
0.01570475352890989
0.0
0.12625382459141768
0.18507926807552252
0.19401355108041682
0.06796363746811049
0.007112192146077718
0.016080990057769817
0.004592164314807257
0.023606323888213803
0.004251210739247765
0.0009518016672792069
0.0029973307535835257
0.0016248268745554207
0.0005140379704212758
0.007605024191959228
0.0029181024472756285
0.0045841527642529484
0.0027440788753618664
0.0010280759408425517
0.005161661056958061
0.006072461377667587
0.005206133359491697
0.053480422613055266
0.022975280318148855
0.012133117027843142
0.0040282774063929465
0.003173644392891923
0.0024623147570607858
0.0
0.008202536530816651
0.0
0.06594192048032128
0.09666623896336042
0.10133258298393968
0.035497164477821086
0.0037146724897655337
0.008399043522570466
0.002398470977489688
0.01232949843465668
0.004181863701265757
0.03761503782789725
0.12675237788007762
0.24126048268425768
0.09008051119168162
0.01199423866155257
0.005561102165604394
0.002319043147179046
0.0018411346729280227
0.0
0.004590579327806381
0.005400609486290409
0.004630131253130044
0.04756339476395712
0.020433315112172022
0.01079071942060005
0.0035825922671790067
0.002822515113459274
0.002189886375254817
0.0
0.009056147435465843
0.005212780716211345
0.059804760757341056
0.13770146230983463
0.030551305165710748
0.007287896519826196
0.007579011749385484
0.005193192611398732
0.002684720802779213
0.0014793085256362703
0.0037191859068034204
0.033453342472890536
0.11272860407256201
0.21456763088579173
0.08011408109746501
0.01066720643702016
0.004945826616575195
0.0020624662127669956
0.0016374331200723815
0.0
0.006786599253577061
0.011299491347446056
0.019401540985096118
0.0559523563737486
0.02565078814405426
0.014274181562559992
0.012832655926194982
0.010490304153558961
0.0037874805787246513
0.007074384260789078
0.009143940237954317
0.00526331485681531
0.06038452467863919
0.1390363784393576
0.030847477983047437
0.0073585474079970155
0.0076524847892529505
0.005243536859487233
0.0027107472301154166
0.0014936493523659779
0.039463387264906405
0.07134250277814103
0.045314879836788904
0.03667320757639347
0.06427311157285628
0.05124372807391853
0.03856415201272617
0.018020418745720173
0.01825644013979373
0.02687944278214386
0.0068523904271509785
0.011409031747395998
0.019589624899124067
0.05649477401954001
0.02589945399156305
0.014412559433673129
0.012957059248375771
0.010592000068644298
0.0038241974648781066
0.007142965301961481
0.009026020293224857
0.011346596829146252
0.014425064567784543
0.017033595505642613
0.0364451149978755
0.030537131783872632
0.010886163663372153
0.015611117148874462
0.004526679045605928
0.001822474990118551
0.045896378024818676
0.08297215985952702
0.05270173189081492
0.04265136662015803
0.07475037572870535
0.05959705129450592
0.04485055697579766
0.020957956431038344
0.02123245205534016
0.03126110434323571
0.021884779034897973
0.02114302356046728
0.05878190100251484
0.07470663002092459
0.01407293552192318
0.006208793971836356
0.0
0.005377703131345829
0.00737730291916222
0.005065238889965768
0.01049736649965481
0.013196223980215915
0.01677651773759941
0.019810269534162348
0.04238609230049451
0.035515039161189144
0.012660734857356859
0.018155910673477035
0.005264580338214103
0.0021195595939541073
0.03180253353222012
0.01266701950009048
0.006104455553995053
0.002405224467233726
0.014057105175852498
0.01893063529987237
0.014155709963104026
0.015185033242894216
0.012728133731504056
0.0040922833764176535
0.028668497944774194
0.027696817341541613
0.07700277920984606
0.09786376484773437
0.01843518376145557
0.008133360493943262
0.0
0.007044652857712182
0.009664077176137901
0.006635332734007242
0.019550716362005734
0.038595664318454355
0.023367882555396024
0.009871054152023691
0.02905381121986885
0.018987015955889277
0.03384403454198585
0.0198193706264275
0.00942741442150136
0.017568964937143803
0.04166050138103738
0.016593469914669003
0.00799667984879375
0.0031507822210886734
0.018414446415052906
0.024798645593918874
0.018543616151523973
0.01989200318728601
0.016673527986760237
0.005360786022978918
0.053358609484998806
0.05279839817452182
0.03803707149290104
0.015286072636216948
0.02575080474771406
0.042690223781545224
0.03681104883049509
0.02470193095336695
0.013898938542731372
0.02235187661128904
0.029458236291816146
0.05815440100917116
0.035209789411810744
0.014873309001849527
0.04377711896818242
0.028608875099433335
0.05099483559301786
0.029863033776245943
0.014204850426307914
0.02647221262576379
0.010600189319300582
0.008082759128089093
0.008722796955243264
0.007746465703715916
0.007313459628909385
0.018864094624690818
0.009799947684833618
0.011822186526699413
0.004272623370668301
0.002683136703318244
0.08039861544237444
0.07955451147954215
0.05731273571459192
0.023032441950139714
0.03880028112099104
0.06432391919670055
0.05546541387637714
0.0372198801013017
0.020942363861045074
0.03367891235231036
0.02640947512766607
0.0056651151977693305
0.006905547940611224
0.011642016888978242
0.0018172495890670872
0.01622548161595539
0.005554583937844337
0.0032710491454337478
0.005879310155153582
0.004376516459189679
0.037534933273462974
0.02862079302545096
0.03088714661698372
0.02742998870451602
0.025896727964042784
0.06679715915194433
0.034701303095021375
0.04186198652302698
0.015129223477987352
0.009500901737599796
0.016380385027556142
0.0
0.014156611013176895
0.020547568237358576
0.0
0.01911044784277801
0.008139478745747
0.018017501967234253
0.00203486968643675
0.0
0.09351511155552948
0.020059992753863675
0.024452325648146474
0.041224011565593445
0.006434823002893476
0.057453914400924115
0.019668605077573557
0.01158268099839701
0.020818450286154297
0.015497105600443746
0.0994803638626878
0.015117227970359965
0.034140199190762305
0.027413154855128002
0.004640216547265669
0.032760770055112284
0.017194252963720867
0.01158268099839701
0.030216176555368675
0.0
0.025233971576411475
0.0
0.021808249276428375
0.03165351437061051
0.0
0.029439631416838592
0.012538861264339176
0.027755949066782016
0.003134715316084794
0.0
0.07009436270473214
0.05982899851237396
0.06846903586557072
0.010702587661415323
0.0057801290214759314
0.031014100075643706
0.003134715316084794
0.007930271609575174
0.012001028591210716
0.0
0.15324943033385185
0.023288079021125955
0.05259295276292121
0.04222994571070044
0.007148250316773257
0.05046794315282295
0.026487734557781233
0.01784311190490969
0.04654799866201684
0.0
0.042056619294019125
0.003134715316084794
0.0228699811608034
0.009404145687132532
0.0
0.04766416714057181
0.010702587661415323
0.023790813784238127
0.0
0.0
0.07634953508441505
0.06516809690142923
0.07457916520384521
0.011657679171596078
0.0062959437319747395
0.033781776885704655
0.0034144551397556466
0.008637963555424755
0.013071992070652669
0.0
0.0671875905102223
0.005505643267767486
0.01727592711084951
0.012334552978430415
0.0
0.033781776885704655
0.030144266916158357
0.15710026361875173
0.07685626520767565
0.007786155224089306
0.0458097228709638
0.0034144551397556466
0.024910882439605785
0.010243365134842758
0.0
0.051917684403496665
0.011657679171596078
0.02591388952857754
0.0
0.0
0.030539814488844713
0.0034144551397556466
0.01943541657758479
0.0
0.0
0.04122875058386742
0.0
0.023754397786448802
0.006828910279511293
0.0
0.02719817571228283
0.002228736763273336
0.00699345961933233
0.0049931443692532865
0.0
0.013675184608246044
0.012202685973370181
0.06359568101640242
0.031112147196142335
0.003151909694926031
0.019932684596378255
0.02744328803460999
0.036498855880014724
0.029125949659789704
0.015905202162341887
0.04217084793932553
0.02882514020732561
0.1974425792969016
0.03855400887307687
0.08948221270992375
0.012362807393156082
0.0013822039181275896
0.0078676414960608
0.0
0.0
0.016689790395256122
0.0
0.009616006170618653
0.0027644078362551792
0.0
0.050317709203500365
0.020843627610630126
0.013112736440835276
0.017500099450124842
0.010361920139408733
0.02059714469014123
0.029124098246950263
0.04206254857812655
0.02585229437250542
0.02901245160502565
0.002889479932709278
0.003978231315513533
0.005290943682082493
0.004222153150326501
0.0023056484063426943
0.006113166456672667
0.004178547239027317
0.02862165244135844
0.005588862575214403
0.012971512026369356
0.007561055332335304
0.0
0.0008870620925988962
0.0020956249814715745
0.0
0.007618662093161663
0.009934023074794344
0.34340304397846616
0.25976667110343676
0.016514380692909652
0.007294150986055977
0.003021531967486406
0.0019008472554461423
0.002536847755607401
0.001502083683830417
0.0029858013337594447
0.004221884765994182
0.006097467174952907
0.0037475978432639345
0.004205700256083552
0.01694477943345588
0.006073509667270331
0.0037560624981709096
0.004022582827863297
0.0025672454190692807
0.008386352376013692
0.005762746247157455
0.028831234701138027
0.1546152343128335
0.007585529312951913
0.005598537416463167
0.0
0.0006568197292383999
0.001551692766943403
0.0
0.005641191992015388
0.007355586943319866
0.2542706945178498
0.19234265109834786
0.012227972704230372
0.012286525163455565
0.0051471976853967585
0.004422731126419486
0.0049507809144961785
0.0016279892614698322
0.00752705787829489
0.008953408882978442
0.014719160793571554
0.0069271294870594715
0.003832631740179291
0.012546658832956593
0.004497093279564934
0.0027811536234438735
0.0029784969799525577
0.0019009012504427538
0.006209623591030655
0.004266990395946354
0.021347912314152926
0.11448390950847112
0.005616659026501638
0.002866406024640179
0.0020620144373760182
0.0003317440700233496
0.0014245694134908471
0.003076293879135143
0.002683935098760585
0.004623651902224331
0.1353428187396332
0.10371300948044795
0.017206331701262238
0.032085181633230014
0.013441454800361822
0.011549573994133169
0.012928529649734028
0.004251351009036369
0.019656250728013247
0.02338104113450932
0.03843779598117366
0.01808959041163896
0.010008581261257896
0.009009732836487585
0.005442401911552587
0.006878321653595474
0.0017870035185858174
0.0
0.007277091946114377
0.0013227697346117344
0.0026953570328597863
0.00421592227713723
0.0
0.007485367645582452
0.005384769645882914
0.000866320509732511
0.0037201379375307935
0.00803347134817446
0.00700886084469752
0.012074260958089613
0.35343588722143937
0.27083741762941077
0.044932824417976795
0.011132712774844173
0.014648153437982295
0.003561677219862763
0.005379823880316939
0.0008834770054092321
0.011781958880725425
0.004108912134548658
0.004900648493459469
0.006311268821855981
0.0010539244143453537
0.0021265363812005117
0.006218475634415685
0.005747186465423687
0.03781495842185161
0.028084534613996258
0.01695337922648211
0.004364811009150643
0.0030903208686906903
0.001181827936754138
0.0
0.005978258334724705
0.0
0.04806047912595956
0.07045329778149292
0.0738542713619109
0.025871414117006036
0.002707366396879966
0.006121478612607083
0.0017480786654107674
0.008986113807971421
0.06184386348640187
0.0529654800971044
0.16101981793531178
0.08856009743224892
0.015294099408071648
0.06139609160263983
0.018195548129106162
0.004336130395682937
0.0019530637713266988
0.04119224898793272
0.003676575127631608
0.005546766898524088
0.033945428577910525
0.047653253463961945
0.007136506567034603
0.009124176985997514
0.00945718092162409
0.010254905520985678
0.009237506448812851
0.007848378614629888
0.007309930408221494
0.0
0.058766071676078585
0.08614694698303549
0.09030549597859343
0.03163433665271711
0.0033104390681473078
0.007485053363060237
0.0021374675828286786
0.010987793249930579
0.003726790184727987
0.03352174145052815
0.11295908989846495
0.21500633761886648
0.0802778830029363
0.010689016694549218
0.004955938894127753
0.002066683148054694
0.001640781029222377
0.0
0.004495541480280095
0.006782323169830834
0.04150685813298929
0.05826813547409919
0.008726181346132964
0.011156610347955018
0.011563791747419623
0.012539211506781379
0.011295184233524548
0.009596624681987787
0.009853301265787661
0.00577173047756409
0.001182803774346351
0.0030996494798936976
0.008366478637956396
0.012583539256384639
0.011229446239140104
0.0018855241995240828
0.007169156558743423
0.0
0.005159736554032387
0.04641081095090871
0.15639172488104017
0.29767601731559934
0.11114463301636565
0.01479893083102384
0.006861491472305201
0.0028613203470156845
0.00227165937281213
0.0
0.00941524976801901
0.01567611837868574
0.02691633135150218
0.07762435804506748
0.03558609667360541
0.01980299405106581
0.01780312292176265
0.014553509063642747
0.005254483771296525
0.009814502415943395
0.013641883819303058
0.007990953943999367
0.001637590411113468
0.004291460998162504
0.011583379669104056
0.017421895052299092
0.015547154889231236
0.002610505999415998
0.009925688682264625
0.0
0.012227964230994346
0.004151418949364079
0.00413330019156594
0.002274447350079781
0.0
0.0057104816015262445
0.0009728781111765527
0.0040305537281712005
0.005040838022386203
0.0007843593426221121
0.018224145325179235
0.030342674544680776
0.05209921629871554
0.15024960746046132
0.06888040289048156
0.038330649781181086
0.0344597017989143
0.028169753400279957
0.010170572020528726
0.018996938236308505
0.02400498151418634
0.030176626939010104
0.03836390757403163
0.04530137668092789
0.09692691611419159
0.08121445112619281
0.028952090623573064
0.04151825127801019
0.012038843618819454
0.004846928881901738
0.023668431817249758
0.00803548117182154
0.008000410527562413
0.004402417361578277
0.0
0.011053200833446696
0.0018831016190341368
0.007801534605341615
0.009757039584089957
0.0015182049334114447
0.01875790273060772
0.00868275697211049
0.006760510229886557
0.006811464398479321
0.0
0.018162414318428254
0.0026631077798454274
0.004430830235833199
0.002824652095795807
0.0015182049334114447
0.023937952967198268
0.03009236545122151
0.03825678493450981
0.045174882709095934
0.09665626935916993
0.08098767791871479
0.02887124837982385
0.04140232083853011
0.012005227838082059
0.004833394916040676
0.0725217655263408
0.028885579734471516
0.013920459950282866
0.00548481851844353
0.03205549911642902
0.04316898504614748
0.032280355203872034
0.03462760032106119
0.02902494322123296
0.009331948827008604
0.018705525478668026
0.00865851231341966
0.00674163301569918
0.00679244490616181
0.0
0.01811169983481825
0.00265567164643911
0.004418458132464437
0.002816764885984122
0.001513965685376342
0.028993040117968768
0.011198291871273908
0.012821826585376285
0.015465027095141803
0.021701408627475226
0.022904060231548395
0.04109435775994679
0.04466339598921963
0.01693640664164879
0.01028713149058733
0.05457376716809176
0.02173685226088204
0.010475364667226058
0.004127412048125826
0.024122266364317465
0.03248533901088767
0.024291474100414094
0.026057812903423443
0.021841725472710977
0.007022438006211222
0.06989787049881507
0.06916401371338478
0.04982720357644318
0.02002420857429128
0.033732633456312604
0.05592266669330636
0.048221157727187
0.03235864628995875
0.0182071125111301
0.029280159131969363
0.02181771788661812
0.008426890449064781
0.009648625811320352
0.01163767569381572
0.01633065070961749
0.01723566492360794
0.030924149405864007
0.033609906708168096
0.01274491190358228
0.007741227957156496
0.03736418337645488
0.027289038367110073
0.01664925895776021
0.022042965963469587
0.004823300770228293
0.019367665618285436
0.007039079643522829
0.0028662783153663132
0.014029036092913462
0.025041423839211346
0.09348920624902843
0.09250766435253381
0.06664445824639811
0.026782609427381858
0.045117785477792875
0.07479721031808573
0.06449635343898409
0.043280061829531646
0.024352222529886135
0.03916254982531208
0.030709494853286518
0.006587515471934609
0.008029916835384867
0.013537582856367344
0.0021131361616547454
0.018867332340705707
0.006458987390956658
0.0038036449573855035
0.006836585887366712
0.005089105672456686
0.049975025291609236
0.03649940288643919
0.022268575472866734
0.029482720669352248
0.006451220291705664
0.025904475667549828
0.009414850036208174
0.00383368023489273
0.018763997234904097
0.03349319258750599
0.012600606706853635
0.0018900464750152542
0.01312816472476753
0.005652535202414188
0.0
0.017332868452031736
0.0049722358106274005
0.015882277835329226
0.016093923051681447
0.0036964784032433623
0.07193084357051172
0.015429936154724579
0.018808472575981592
0.03170907758060983
0.004949598403143779
0.044192948717517506
0.015128884856700586
0.008909276812743856
0.01601333373830846
0.01192021118511201
0.07651925311659932
0.01162801329398008
0.026260283355365663
0.021085911366181032
0.0035692059287815822
0.025199240923585758
0.0132256391472174
0.008909276812743856
0.023241966276354956
0.0
0.029514398535514495
0.00442705547534494
0.030750097573946335
0.013239932058932988
0.0
0.04059877426208864
0.011646466931436996
0.03720105615459871
0.0376967927019633
0.008658260614697728
0.06676318256388404
0.03961102694132488
0.03325166690997115
0.00939120233741078
0.028438632412442377
0.0637830390222715
0.032991179819538134
0.014389011024868231
0.027011469062521342
0.02200468180219315
0.09222997321586737
0.014015444623111273
0.03165197165236133
0.02541521200646893
0.004302025357093163
0.0303730789413355
0.01594109057039367
0.010738504733704232
0.028013942110567958
0.0
0.025310899117779583
0.0018865630300356562
0.013763821146435663
0.00565968893295623
0.0
0.02868568482867959
0.0064411291526658525
0.014318005054399735
0.0
0.0
0.08047081340810067
0.04774385275669764
0.04007880662160177
0.01131937786591246
0.034277573275561336
0.07687879508816832
0.03976483704668828
0.017343322724337074
0.032557388718384435
0.026522621831494342
0.03300803417649917
0.007961545576696587
0.019710171256151
0.036736285843152756
0.00695730018276256
0.06989305502193319
0.011812318245220929
0.023938782074182617
0.02914523381904252
0.005132006296952905
0.05483578549512763
0.004087218125151636
0.029819167642649063
0.012261654034989555
0.0
0.06214722174532943
0.013954635705291492
0.031019801004607453
0.0
0.0
0.036557189422177484
0.004087218125151636
0.023264850072524886
0.0
0.0
0.04935220694561487
0.0
0.028434816452672325
0.008174436250303271
0.0
0.07151154422826903
0.017248601222022306
0.042701869974872006
0.07958876059712013
0.015072914584025576
0.15142253757748383
0.025591257998421532
0.05186310896053393
0.06314282959563859
0.011118435388242396
0.045696486096791146
0.012261654034989555
0.005169967061078144
0.0
0.0
0.023762171898740095
0.0
0.025849831900737193
0.0
0.0
0.029384454267328126
0.003285281937080578
0.01870014992393345
0.0
0.0
0.03966901424608356
0.0
0.022855738552661726
0.006570563874161156
0.0
0.11959730325860177
0.04954203384490487
0.031166917999430693
0.04159499178564896
0.024628659071944996
0.048956182599758646
0.06922341388966721
0.09997608114039336
0.06144684920958381
0.06895804733178079
0.03673056728683205
0.009855845537577682
0.00415558917605638
0.0
0.0
0.019099894288572696
0.0
0.02077794314364138
0.0
0.0
0.04260745682671023
0.006570563874161156
0.020777945332953796
0.003285281937080578
0.0
0.019099894288572696
0.0145019353824748
0.06233384037748622
0.004646090392225222
0.0
0.022888323881647542
0.009481268268615173
0.0059646705580078665
0.007960377181631218
0.004713389936480952
0.00936914907629209
0.013247856549692624
0.019133248519921105
0.011759591127022836
0.01319707115939725
0.053171040813034524
0.01905807223192212
0.011786152376361875
0.012622466793036885
0.008055762041074199
0.026315543746595095
0.018082927376309798
0.09046956102347656
0.4851673027819333
0.023802640233315617
0.008154140980205742
0.0012574630860335639
0.00397644703867191
0.0006287315430167819
0.0
0.0036553045484379668
0.002775355170234029
0.011929341953989337
0.0008891606983037337
0.0
0.024616165119845042
0.005286575194542244
0.002598820527953013
0.0030311114180893287
0.00369830977280318
0.021279900585867553
0.0012574630860335639
0.011365652193826434
0.02420970267113071
0.003143657557963859
0.014325247430629668
0.005134591990273209
0.0031754042513513826
0.0034007225969297397
0.0021703691091255156
0.007089887082840791
0.004871870194277677
0.024374148536209318
0.1307129134831349
0.006412865079009667
0.003272741857916763
0.0023543213706705467
0.00037877142831409445
0.0016265134488840192
0.0035123829837618845
0.0030644042282001425
0.005279091303453969
0.15452873886323956
0.11841515277996542
0.019645465958365034
0.006632043509830455
0.0014242997045843375
0.0007001696134110686
0.0008166366576614376
0.0009963920540282869
0.005733193041371206
0.0003387834724856107
0.0030621138386128675
0.006522535118419296
0.0008469586388830216
0.013928136997380092
0.015915833031495963
0.002471666755057859
0.005681298163962604
0.00515793658013062
0.03539903329736224
0.026709902512061068
0.12854972732473474
0.15129025938227247
0.07407740057541688
0.002955690602131722
0.002126243331063782
0.00034207743831547
0.0014689427775912355
0.0031721161725846133
0.0027675359596461752
0.00476767225489223
0.1395585600839529
0.10694352607587712
0.017742285101764666
0.004395890233161459
0.0057840057436295556
0.0014063725905016473
0.0021242904339589448
0.00034885189421906534
0.0046522531407009885
0.001622455109234045
0.001935082067080226
0.0024920830649240813
0.0004161551755812725
0.012578830050031554
0.014373965365613844
0.0022322207239944577
0.005130914786484684
0.004658254557842749
0.03196970448141668
0.024122344891877888
0.11609630012254313
0.1366338126450627
0.06690105306700769
0.007173702656263566
0.006869570229920118
0.0027220147804094983
0.0012643224680981458
0.0005641685359677458
0.01967198069612453
0.0646860460972496
0.16186308033159677
0.01022063155904005
0.003244924287156776
0.0674919064123798
0.05780268282537917
0.175725348805513
0.096648066126768
0.016690870649408402
0.06700324066012439
0.019857301310446225
0.0047321381679470325
0.0021314321234276474
0.04495423243116587
0.0040123473929916465
0.006053339026737681
0.037045578325038034
0.052005304030565754
0.007788265580133737
0.009957464888401364
0.010320881227408141
0.01119145998765658
0.010081144443120318
0.008565151093187985
0.013934163607635474
0.01215559782420831
0.008506942795800757
0.011657310777846742
0.0031539128715534007
0.01095997559975101
0.0
0.02836740037301974
0.08154327509042172
0.04914454421206191
0.008147160301011003
0.003747236351671161
0.0024580575629206437
0.004054048828900195
0.005261391501292021
0.006701717197245284
0.003736196806231432
0.004429491194478485
0.014117158517356895
0.0178661639151799
0.013482375750369778
0.02034055960493574
0.1244813466900514
0.17474933780086255
0.02617029701327592
0.0334592870450439
0.03468044642044381
0.03760578383924816
0.03387487773698448
0.028780804373708255
0.029550591542682515
0.017309736628997114
0.0035472934672375685
0.009296018992524415
0.025091528840112513
0.03773872519435322
0.03367772588214016
0.00565479060885342
0.02150069417937715
0.0
0.027376262750475854
0.012591543944305863
0.008259617733305108
0.01362250180955176
0.01767944054747726
0.022519253837242216
0.012554448626988204
0.014884071297322369
0.04743677877717979
0.060034267108300364
0.01932627799892463
0.001798791832446655
0.002356162629557894
0.0
0.0013738669834955758
0.011028981532455951
0.002980336154729711
0.00989588170352802
0.00328895990981151
0.0
0.08332746060312518
0.04881040688880556
0.01000274245650953
0.02621313536978233
0.07075368957933412
0.10641655454857848
0.09496525213695055
0.015945513002592893
0.06062816863019915
0.0
0.07469094600210871
0.025357729440615883
0.02524705630363566
0.013892796952975215
0.0
0.034880808030540694
0.005942541628011654
0.024619459558637653
0.030790485924148632
0.004791029823062683
0.054496698187390974
0.005072275975759216
0.006643963401052739
0.0
0.0038740627840159235
0.031099784341403165
0.00840402274717935
0.027904642504123073
0.009274287349348891
0.0
0.04979870570906852
0.004202011373589675
0.002657585150404516
0.0021010056867948376
0.0
0.0197315630885343
0.0
0.003986377550592958
0.013476297672855669
0.0
0.10590209647730597
0.03595397907518415
0.03579705888796902
0.019698188361572846
0.0
0.049456472236305865
0.008425755067988155
0.03490720791412079
0.04365692477412537
0.006793060333354324
0.08393041161438337
0.03885015169781086
0.030249245582864008
0.03047723505508156
0.0
0.0812659566236735
0.011915816781114736
0.01982531900435372
0.012638631113100563
0.006793060333354324
0.07060812077942955
0.005957908390557368
0.003768111853702441
0.002978954195278684
0.0
0.027976803209735942
0.0
0.005652167532406716
0.019107646277064995
0.0
0.12256504868318772
0.0
0.005652167532406716
0.0
0.0
0.033305719146682365
0.009016296159908227
0.018840560757393873
0.018032592319816455
0.0
0.03831855861993787
0.01773709656120553
0.013810339634712714
0.01391442857920682
0.0
0.037102097592428676
0.005440184493904426
0.009051279909332747
0.0057701864898291495
0.0031013821520184705
0.059392691672712425
0.02293987431691966
0.02626571032108766
0.03168034749838613
0.04445567164501538
0.04691932208042253
0.08418242826532711
0.09149365834871363
0.03469449128543468
0.021073348166701627
0.05595726164552031
0.0
0.0025805057875245775
0.0
0.0
0.015205777345224228
0.0041164038909462025
0.00860168701580604
0.008232807781892405
0.0
0.08026640143839255
0.01038306299679553
0.035878831802060855
0.017179075191409664
0.0063501189603827005
0.01277285257120097
0.03526921640849166
0.028433206745881522
0.040438309319186655
0.030990775234893127
0.041365829047795004
0.015977166426481053
0.018293545087134072
0.022064732240365426
0.030962491540310253
0.03267837509221535
0.05863138777479748
0.06372351418363331
0.024164023468107646
0.01467716806862532
0.07084152568536463
0.05173931122580715
0.031566564541637906
0.04179289357804531
0.009144853560955468
0.03672059328955953
0.013345913018995107
0.005434389582494654
0.026598689731924013
0.04747789218970232
0.055903952938838035
0.007231596966252041
0.024988893093736083
0.011964884357877337
0.004422731618156955
0.00889603789679294
0.024564308091018092
0.019803163258066768
0.02816447854387901
0.02158445886725514
0.0531510057340532
0.0173414039897476
0.007226963001991671
0.006259092559633139
0.0017466335123337085
0.00762517588117476
0.008770201243283622
0.011981806754538825
0.015596537487965021
0.005575391248589603
0.094889181470071
0.06930258551809204
0.042282057623682735
0.05597978621324063
0.012249138632568992
0.0491856577993144
0.01787627736827294
0.0072791314738571665
0.03562780265417234
0.06359459771962338
0.023925175614475953
0.003588691789710857
0.024926866923399165
0.010732649667671094
0.0
0.032910472587951885
0.0094409434191087
0.030156189714378688
0.030558047266716744
0.007018621960846697
0.07119348968873636
0.023228065943093103
0.009680206589835632
0.008383785696073736
0.002339540583155182
0.010213595640833018
0.011747307941942139
0.016049115606577652
0.02089089219468948
0.007467997150481493
0.03120820833886226
0.015544716212199711
0.01690230742906113
0.01649432489648183
0.017270981522737143
0.025917672948552947
0.04492122739538352
0.013269035777294859
0.009966494457014379
0.0057865911478815445
0.0323753541427701
0.004856188705709749
0.033730834720664044
0.014523334728247362
0.0
0.04453418533723093
0.012775408279576546
0.0408071120284212
0.041350902418156914
0.00949754247317413
0.07323482050983564
0.04345069148676946
0.03647489176350176
0.010301531340177259
0.031195309454841058
0.06996579903748892
0.03618915455655035
0.015783798783288054
0.0296298051191292
0.024137688772066082
0.04223069512270109
0.021034984257934725
0.02287206571285241
0.02231998704939102
0.02337095251470326
0.03507158542059769
0.060787041603719616
0.017955551898356143
0.013486579693591242
0.007830368341318738
0.04299852519421104
0.015171830362800582
0.015261710764622006
0.001716921937702754
0.0
0.006142646292864855
0.013472817772501726
0.015202272949633703
0.009673732362640025
0.008584609259454873
0.08498496843959696
0.050422130060192236
0.042327099374027934
0.011954358728945126
0.036200435408004765
0.08119144939057521
0.04199551711103156
0.01831622761025996
0.034383754003772256
0.02801045601283817
0.03485967922949481
0.008408162797293912
0.020815848768025766
0.038797073879882855
0.00734758245151972
0.07381383166916099
0.012474951485547187
0.02528167111644979
0.0307801881374628
0.0054198954217909105
0.04989741602614383
0.017606072023899605
0.01771037327102434
0.001992393176812985
0.0
0.007128202099773242
0.015634461656593057
0.01764139896623689
0.011225832654586173
0.00996196538616575
0.0472243374173002
0.00398478635362597
0.019639800292406962
0.014394954271326019
0.0
0.03834586835245156
0.010391050912870198
0.01386110013613694
0.015573814881491009
0.0
0.056526374436142904
0.013634174757343867
0.03375373748912722
0.06291101850717574
0.011914400993788363
0.11969210215701358
0.02022863647431723
0.040995248363923924
0.049911315259637316
0.008788578804754813
0.03612083491412166
0.009692237171886886
0.004086605835054868
0.0
0.0
0.01878283346639301
0.0
0.020433026484062422
0.0
0.0
0.07657616588423641
0.006461491627338718
0.03184672750058904
0.023341998352172485
0.0
0.06217937056448157
0.016849507731240176
0.022476332361922965
0.025253568330183773
0.0
0.0505691680185825
0.014261201298500573
0.026562933352796383
0.028491160856092594
0.024604626712140008
0.03477868231847505
0.009692237171886886
0.026562933352796383
0.003230745813669359
0.008788578804754813
0.0541120399389884
0.014519784113247277
0.006122078260016582
0.0
0.0
0.028138259736168715
0.0
0.03061038726842176
0.0
0.0
0.06276996452304236
0.009679856344275595
0.030610390493750677
0.004839928172137797
0.0
0.028138259736168715
0.021364475546513863
0.09183117793190987
0.006844692239598817
0.0
0.0757568546244522
0.021364475546513863
0.03979350183628383
0.04268214834508941
0.03685979425715599
0.052101382792426924
0.014519784113247277
0.03979350183628383
0.004839928172137797
0.013166028094879758
0.05627651947233743
0.004839928172137797
0.045915585740626014
0.044733712338325946
0.0
0.06060548498969333
0.009679856344275595
0.018366233973717516
0.02912182056457759
0.0
0.03076519417126287
0.004744349662205854
0.015002949489524013
0.002372174831102927
0.0
0.013791293829820066
0.010471285806038864
0.04500885163020742
0.003354761905536717
0.0
0.0928756445960777
0.019946002007555457
0.009805228822119406
0.011436242218355321
0.01395355053855079
0.08028807388278282
0.004744349662205854
0.0428820764167469
0.09134208070646882
0.011860873562708001
0.027582587659640133
0.002372174831102927
0.02250442423428602
0.021925157303296038
0.0
0.02970432638793375
0.004744349662205854
0.009001769535632639
0.014273362604196052
0.0
0.1838319868158716
0.042434164370243256
0.027915394046714125
0.01281852659728714
0.0
0.01601807789375107
0.026132242755794365
0.0
0.0272221549025797
0.026873255791400534
0.008105248168872946
0.0017406855904061468
0.0008557013337727067
0.0009980397089273776
0.0012177249530135827
0.007006732137913407
0.0004140389181612309
0.003742314498767808
0.007971414202366866
0.001035097243668902
0.01702205462411276
0.019451286220213304
0.003020708837449861
0.006943309625762141
0.006303691457889011
0.04326237446844686
0.03264308928398336
0.15710503715235113
0.18489702246507508
0.09053253563231144
0.016042999012278666
0.0037032252594895363
0.0024361736326517173
0.00111867152774193
0.0
0.0013978960477941387
0.0022805581987195233
0.0
0.0023756747222212866
0.0023452263318568902
0.06868993524171334
0.01002091363996219
0.0011783753873646418
0.002413068460124083
0.0
0.0007472349097744418
0.0007925588759576657
0.0025643943721467845
0.03706659912088754
0.25055829615393654
0.009850126275165901
0.011255846001814961
0.0017479889558832623
0.00401787434546532
0.00364774748002125
0.025034571964894427
0.018889526473688568
0.09091173119742879
0.1069940767669288
0.05238832371774891
0.0056175237874775096
0.005379366280623521
0.0021315328375737363
0.0009900551890567046
0.0004417844344549222
0.015404572060258226
0.050653814366266335
0.12675040319425818
0.008003487690672606
0.002541008492420705
0.03974869960794239
0.005798786746127297
0.0006818886803856824
0.0013963666295120506
0.0
0.00043240128063412874
0.00045862883071869293
0.0014839341632230962
0.021449272135133115
0.14499018543334813
0.011345304911229063
0.0009844807719025053
0.0010242878758382101
0.0024483085703950608
0.003850145436523893
0.04573352708804771
0.043921377769835734
0.100625760169768
0.019388709155275536
0.011586519657823228
0.023164386312845727
0.020207668848473484
0.014142083788597624
0.01937930814010048
0.005243117435027523
0.018220046492986253
0.0
0.04715844017876438
0.13555890246430882
0.08169871112128468
0.013543975360091559
0.0062294682981965605
0.004086315947625656
0.006739518484792622
0.008746625108683745
0.011141046602277892
0.006211115973472602
0.00736366014405221
0.02346860010718847
0.02970100929725486
0.021723209768847496
0.006738418475287684
0.0009325394446458408
0.006092922678854308
0.0038582816190360935
0.02102589512358706
0.029596422417660796
0.04948536265231236
0.04790088911308226
0.03652266984956782
0.022937787302598586
0.005244429192677448
0.004800309812487646
0.0014112294116274315
0.0016824501674232932
0.003868784523545498
0.004375490956371749
0.003276800332861585
0.03565146232165725
0.2108704798785959
0.027764756002703558
0.012770229030070772
0.008376828975197998
0.013815817094392039
0.017930327362031095
0.0228388218601207
0.012732607297566405
0.015095289363038271
0.04810994839972194
0.0608862061726858
0.01960053488569156
0.0018243182710053908
0.0023895986500650545
0.0
0.0013933633646273352
0.01118549248295918
0.003022629746665032
0.010036312970633584
0.003335633144337907
0.0
0.04702179757171798
0.010750927481542657
0.009840495654903655
0.002892979294183363
0.0034489739639410938
0.007930895875651559
0.00896962934188891
0.006717345483332648
0.07308446199755204
0.4322783574498947
0.022066504242743812
0.012776974856983214
0.004079299629435735
0.012946924776711478
0.0
0.015924795438099413
0.006065408849275684
0.015583337552325542
0.011395310058454688
0.0031165274675818335
0.06248752916745829
0.005816021952206755
0.00761816533147078
0.0
0.00444211519715098
0.03565993437717535
0.009636301537619706
0.031996290057575066
0.010634172721016608
0.0
0.057100671765414855
0.004818150768809853
0.0030472658917770784
0.0024090753844049264
0.0
0.022624794988031167
0.0
0.004570898636989589
0.01545232228577029
0.0
0.07034916830248765
0.04073366332622152
0.013005020325401876
0.04127547254867185
0.0
0.050769079784168045
0.01933684027461689
0.04968049420621377
0.03632884376893853
0.009935652377214891
0.145147911732804
0.011603643430177954
0.006094531783554157
0.02271538656885919
0.021982583535079057
0.06578672013305169
0.048424252636322156
0.02437813034503308
0.007769034372284971
0.036368783114803946
0.0582431749994329
0.0049145551133675984
0.0031082373484802705
0.0024572775566837992
0.0
0.023077484958983086
0.0
0.004662355818029136
0.015761501278569366
0.0
0.10110136766801783
0.0
0.004662355818029136
0.0
0.0
0.027473197237495667
0.007437355778504723
0.015541187970548974
0.014874711557009446
0.0
0.14805211501865984
0.011835815832629448
0.006216474696960541
0.023169889148505034
0.022422423768204153
0.06710301884169448
0.04939315306308411
0.024865902062902488
0.00792448170103092
0.037096470741609266
0.037363548636001345
0.032551568002610484
0.03430105610198426
0.039927714541182886
0.0282692170246355
0.07856500946371932
0.007437355778504723
0.03596562516220743
0.010832462620299781
0.013390835762532596
0.08749491313331434
0.0
0.004034885251350624
0.0
0.0
0.02377579118100789
0.006436419336270511
0.01344961915784093
0.012872838672541022
0.0
0.1255047444219979
0.01623498306113203
0.056100230417501534
0.02686124458885836
0.00992906176046547
0.01997166396850169
0.055147034275721825
0.044458232607807215
0.06322944077488789
0.04845725304229781
0.03233507634628615
0.028170703131274642
0.029684741099436546
0.034554150907868335
0.024464680794815077
0.06799154983657711
0.006436419336270511
0.031125288628000805
0.009374604892539195
0.011588666294530248
0.015216506015729629
0.0102679945718271
0.00610012029370043
0.004253142985611742
0.0
0.05432588227756413
0.0030074263245380246
0.007445081926055005
0.0
0.009698657654231049
0.12085652147682657
0.015633700447261423
0.054022489217700934
0.025866405278131027
0.00956132671657075
0.019231988770251816
0.053104595870232904
0.042811667150372976
0.06088766047985809
0.04666257893265751
0.11490503494520952
0.037489688180336725
0.015623682465138245
0.013531282039864832
0.0037759771804768446
0.01648456297278308
0.018959947538497425
0.02590298913111538
0.0337175310293461
0.01205321550184615
0.014652943954921553
0.009887706733391441
0.005874194817750743
0.004095622591415792
0.0
0.052313856248729876
0.0028960425827359916
0.007169344137840334
0.0
0.009339455910477235
0.026783943813536396
0.027242778585004495
0.0
0.0
0.006475747965109735
0.05226619680074325
0.0
0.01295149593021947
0.019414954433674077
0.007551954360953689
0.1283001529310461
0.041860069309999914
0.017445021887675865
0.015108698725826838
0.004216163808229335
0.01840626001652597
0.021170213906760108
0.02892264441221408
0.03764817085330645
0.013458325763837108
0.056241349034664025
0.028013649506641196
0.030460209739925026
0.029724970864123706
0.03112460957208877
0.046707099447637714
0.08095403624511245
0.02391257019311128
0.01796095076406507
0.010428208147522502
0.029906296873864976
0.03041862056253109
0.0
0.0
0.007230661864927511
0.05835915759354703
0.0
0.014461323729855022
0.021678263482339467
0.00843232761645867
0.049083356996573284
0.0
0.01668190909005776
0.019309879139221817
0.0
0.03272223799771552
0.0
0.0131179646535689
0.01653360269906518
0.0
0.07138455824490157
0.035556437197595624
0.038661743604183896
0.03772853870681903
0.0395050357607743
0.05928317364712057
0.10275123578449961
0.030351125800402782
0.02279700892595902
0.013236045092694389
0.07268245803799366
0.025645668513585976
0.02579759764381352
0.0029021950433870194
0.0
0.010383208014852915
0.022773746494338557
0.02569712707013117
0.016351971220934472
0.01451097449167638
0.06229924808911749
0.0
0.021173580141924046
0.024509141686238786
0.0
0.04153283205941166
0.0
0.016650029345670427
0.02098534165924867
0.0
0.04023493226631958
0.0
0.018355093250980725
0.01111084171319866
0.0
0.06229924808911749
0.0
0.012848564502077208
0.0
0.0
0.09155188432522914
0.032303658139515044
0.03249503028805952
0.003655647209434364
0.0
0.013078840269872178
0.02868614327286351
0.032368476087938115
0.02059718146744441
0.01827823513362536
0.0866473140472638
0.007311294418868728
0.03603514706250414
0.026411892504110728
0.0
0.070357080252707
0.01906552216439852
0.025432375809182728
0.02857486844179948
0.0
0.050680507568332124
0.0
0.02312034319497223
0.013995378289916377
0.0
0.07847304161923306
0.0
0.016184239262031004
0.0
0.0
0.06539420378548479
0.003655647209434364
0.027744413295641014
0.018375712977020956
0.0
0.11607470648156912
0.00882551229290214
0.004624068273575863
0.0
0.0
0.07182980109436601
0.006060993691774722
0.02987279495465951
0.02189520824686152
0.0
0.058325351866944354
0.01580513694956501
0.021083198202015697
0.02368829477336752
0.0
0.04743477606039426
0.01337725963175814
0.02491650237619221
0.02672521395670978
0.023079576031606444
0.03262302054971994
0.009091490285221635
0.02491650237619221
0.003030496845887361
0.00824384271735459
0.0542111743714708
0.003030496845887361
0.022999855337912926
0.015233291679261894
0.0
0.09622483016738495
0.007316265939983418
0.0038333087181045902
0.0
0.0
0.07501723133178276
0.0048865291458315635
0.021083198202015697
0.02083085267094322
0.005587959671656188
0.12468570145828756
0.02014767611396273
0.027828293897455773
0.010346763543192125
0.024735755014936488
0.04983064841498673
0.014052928607008044
0.026175004348252758
0.028075071732109123
0.024245297107203766
0.034270769301792924
0.009550690307767867
0.026175004348252758
0.003183563524319591
0.008660229100985262
0.03701705238089509
0.003183563524319591
0.030201932500386698
0.02942453066298214
0.0
0.039864519580600284
0.006367127048639182
0.012080772788001954
0.019155483803433973
0.0
0.07880625966907376
0.005133341739096516
0.02214808468222781
0.021882993487911735
0.005870200660395187
0.13098342329756715
0.02116531052103292
0.029233866887607558
0.010869365878261171
0.025985127659487472
0.022779724868478093
0.044108566952901024
0.033293672347515756
0.010850598848218514
0.0
0.08827143651726167
0.03190175953486752
0.010067311894225857
0.005133341739096516
0.0
0.012445607775608583
0.001070354887923621
0.010154277063919191
0.009892904595554636
0.0
0.013402962768566683
0.002140709775847242
0.00406171075423921
0.006440319334896688
0.0
0.08294728662709654
0.019146824531279038
0.012595774170794232
0.005783879172601303
0.0
0.00722755664714067
0.011791194055063094
0.0
0.012282976017515082
0.012125548384380137
0.00765883566395677
0.014829865927501566
0.011193759653879472
0.0036481104979902376
0.0
0.029677989089438323
0.01072578071417857
0.0033847593779487324
0.001725895330767308
0.0
0.024520304669234164
0.11069018576100301
0.17227986339001802
0.22251500771362762
0.03884115781648991
0.01593043136353514
0.04696318770657549
0.01658892007940522
0.02636232238777424
0.01895325761701058
0.015975065899610355
0.0036875441752610514
0.002425857802192597
0.001113934580561745
0.0
0.001391976741208088
0.002270901312438992
0.0
0.002365615070753104
0.002335295612263079
0.06839907184975134
0.009978480684950353
0.0011733856277882596
0.00240285046712586
0.0
0.0007440707885726296
0.0007892028331519849
0.0025535355986920395
0.03690964284030788
0.2494973221459236
0.0047224387788663055
0.021318153780264665
0.033179893915087355
0.04285483053663011
0.0074805346982006705
0.0030680893997870554
0.009044780715264917
0.003194909710106139
0.005077198477929384
0.003650264544580369
0.07813934996227705
0.03176607092070878
0.012505708135063694
0.008861504514910985
0.013795275035246636
0.08156980461461796
0.07788204586175138
0.037110524844710974
0.02323878435165333
0.09752599098190869
0.045271640951919274
0.006604507672370939
0.000776634702822588
0.0015903868381112966
0.0
0.0004924819105303983
0.0005223536860145859
0.0016901215711796313
0.02442957269947327
0.16513605932353967
0.012921694935866012
0.001121270896136008
0.0011666090564906395
0.0027884923942589727
0.004385109539033875
0.0520880390608116
0.05002409799872551
0.11460735394748411
0.022082701775316307
0.013196425619079034
0.051718488278308904
0.02102517063878491
0.008277216535682533
0.00586520898374325
0.009130748727125186
0.05398902071570459
0.05154818510694362
0.024562531491619098
0.01538117218371223
0.06455002279726312
0.010537049015572994
0.00044000838422420283
0.008985665013724796
0.009437534184460592
0.019917916341468864
0.021966126793017366
0.015318369034086047
0.018912001043453495
0.029506976763029626
0.03803497237072653
0.020234381761619877
0.0062765923337008474
0.0008686266592975052
0.005675336418505274
0.003593849346120782
0.01958485846877747
0.027567993696581864
0.04609381993608664
0.0446179403204534
0.034019541888766054
0.021365716668317238
0.004884995520256829
0.0044713144306702595
0.0013145089962278917
0.0015671412901128714
0.003603632420616241
0.004075611079017739
0.0030522206247259424
0.033208043684729016
0.1964182014316508
0.002924471372690982
0.0031209984573895826
0.0
0.0027611020827898475
0.0049638216202155415
0.010669552474207736
0.016092539753348758
0.027349796996622423
0.09934233018367962
0.02334735075764276
0.008176305415554662
0.006202435365984495
0.0037012922432055947
0.001382574995587308
0.0
0.0013819766529031088
0.005039633812015066
0.06936732674046504
0.18823584989483907
0.04344616065166844
0.03009335573604217
0.00688045761544957
0.006297792761119521
0.0018514701592188265
0.002207299715901412
0.005075673054129311
0.005740449335102753
0.00429901615146696
0.0467731313401006
0.2766526815120307
0.01412228362845873
0.008177102311225279
0.0026107001697517076
0.008285868110403714
0.0
0.01019166767096688
0.0038817849510622716
0.00997313894267236
0.007292854314821707
0.0019945381628603733
0.011516228137653834
0.008736055841045701
0.005213225743230456
0.0019473403031531778
0.0
0.0019464975446570694
0.007098263795159666
0.09770304794664751
0.2651279374850839
0.061193396325182565
0.01085587029606152
0.014586433111899343
0.009051620717190031
0.0062188764043539175
0.005356031573244245
0.01155175612870966
0.012840086681585712
0.011494589064436742
0.00426952604967484
0.0008917349307487789
0.03912206739920022
0.0226525083454102
0.007232257238787421
0.02295381534632695
0.0
0.02823333109741058
0.01075346285912495
0.027627954809699467
0.020202932156245124
0.005525342677614565
0.08071860012967803
0.006452933720549133
0.003389246652889603
0.01263231543157237
0.012224794342558003
0.036584831933635806
0.026929342892133428
0.013556988397134285
0.0043204588436973465
0.02022514293454613
0.0300733295388322
0.04040787129977302
0.025075131266752
0.017227759209434774
0.014837474852753278
0.03200109796235737
0.03557007845078894
0.03184273166690975
0.011827597453249112
0.002470316768930542
0.0483563837313409
0.028035530358778
0.029682427697268324
0.03770745919735549
0.013448961056736269
0.07094359356702622
0.03900969039597229
0.020441804711139443
0.027210113984919307
0.04249172048162664
0.09566489851013295
0.007647794293721601
0.004016818137995438
0.0149713841886244
0.01448840426133792
0.043359079918616275
0.03191572760902377
0.016067274668184642
0.005120458681586425
0.023970141244742692
0.02414271547414899
0.02103342089319658
0.022163864733530665
0.025799569015561883
0.018266350178663984
0.05076532446596302
0.004805698896261844
0.023239437549152295
0.006999470673250284
0.008652581180803014
0.057310316761488456
0.0332267428094822
0.035178588685032236
0.044689578999075004
0.015939244393391803
0.084079898160156
0.04623293846334055
0.024226921303310674
0.03224848781612335
0.050359720323013536
0.059646706328835286
0.002245469819993993
0.008033636275990876
0.0
0.0
0.01846207566767745
0.00991198219279538
0.009037841207277778
0.006078726138657366
0.0
0.04074059897431048
0.03549369442659228
0.03740130747912335
0.04353652330859451
0.030824289345169682
0.08566599428647968
0.00810957043061419
0.0392163262078919
0.01181153909702813
0.014601147097857153
0.019172045945956947
0.012937165963093557
0.007685850248788615
0.005358750073806803
0.0
0.06844792819083745
0.0037892086142193608
0.0093804354698897
0.0
0.012219829569863892
0.10065324032350599
0.0037892086142193608
0.013556683554344636
0.0
0.0
0.03115457421579605
0.016726374130928926
0.0152512696682137
0.010257791595766138
0.0
0.058892807488701626
0.006986954870943639
0.030596394248576974
0.006986954870943639
0.03675666828969693
0.0790846944372963
0.02204848188216885
0.0474483933329742
0.03341610549290698
0.0
0.023394590966181506
0.01578651056967684
0.009378619439186785
0.006538987357952926
0.0
0.08352323414105396
0.0046237624229086265
0.01144642838439518
0.0
0.014911184506299503
0.042762697510244196
0.04349526373260746
0.0
0.0
0.010339046904833093
0.08344714204005696
0.0
0.020678093809666186
0.030997519611088205
0.012057296050084298
0.07186364699583844
0.008525795930473774
0.03733509352643892
0.008525795930473774
0.04485213640427425
0.0965026937271743
0.026904547199219524
0.05789865918099953
0.04077583174445651
0.0
0.07521982633057539
0.003269493678976463
0.01240685476064593
0.011143476194633762
0.0
0.02807064492061439
0.017140779585957895
0.02274590384427014
0.008525795930473774
0.014911184506299503
0.05174037124143766
0.052626733667356485
0.0
0.0
0.012509644065614663
0.10096617752318383
0.0
0.025019288131229327
0.03750519180548041
0.014588625370273537
0.08491827401733779
0.0
0.028861084773413967
0.03340769067813743
0.0
0.05661218267822519
0.0
0.022695165635864822
0.028604502430243955
0.0
0.09101160510578402
0.0039558967644931905
0.015011571033390425
0.013482956614052513
0.0
0.03396384404494671
0.02073934411954858
0.027521217735215334
0.010315716085632233
0.01804166404190679
0.09945972045095723
0.006378691620758494
0.04003085521030438
0.0
0.0
0.021229568504334446
0.0
0.020015428923257316
0.01590575245889666
0.012879466137974433
0.06807418175622618
0.0
0.023136300793703154
0.026781057829967033
0.0
0.04538278783748412
0.0
0.0181934318421037
0.022930613228022916
0.0
0.04396457703837573
0.0
0.020056549516173177
0.012140779888177609
0.0
0.06807418175622618
0.0
0.01403958381600091
0.0
0.0
0.07973123766057169
0.005113436628137013
0.03209047457661535
0.0
0.0
0.017018545439056544
0.0
0.01604523834495807
0.01275074295122158
0.010324740215758786
0.08169110435800916
0.023512094279698807
0.07633974493062463
0.03873758536235544
0.0189227086976778
0.12614133482383627
0.035037398559727366
0.049305167084945443
0.0
0.014462982572193786
0.04556063969416769
0.0
0.020784670013246635
0.012581531208832786
0.0
0.07054550450385248
0.0
0.014549268133264345
0.0
0.0
0.058787922609897805
0.0032863448562243723
0.024941605329908408
0.01651935385494494
0.0
0.104348557924024
0.00793393762189969
0.004156933674146215
0.0
0.0
0.08465676739310246
0.02436566272427933
0.07911113554198203
0.04014389056389169
0.019609666943004048
0.1307206913746417
0.03630937448135325
0.0510951111995715
0.0
0.014988037694518723
0.04556063969416769
0.0
0.012470800474933458
0.0032863448562243723
0.0
0.055848524946388395
0.0032863448562243723
0.014549268133264345
0.0
0.0
0.06438630224750712
0.0035993037992939304
0.027316796852405543
0.01809249354320492
0.0
0.11428568133238536
0.008689487280002888
0.004552798875756765
0.0
0.0
0.08909753729373564
0.005803702763730181
0.025040394116484285
0.024740684770158256
0.006636787793984374
0.1480884956489817
0.023929279874467493
0.03305150575850609
0.012288791978763057
0.029378514986573248
0.049899383882031516
0.0
0.013658396027626135
0.0035993037992939304
0.0
0.061166985456128115
0.0035993037992939304
0.015934796364970756
0.0
0.0
0.11106636933815962
0.015206708427288053
0.04097519168074336
0.005803702763730181
0.0
0.01770623275827796
0.005090184380175196
0.00910559775151353
0.0
0.008207674997294736
0.07251731144020085
0.004723687473383922
0.020380608868502757
0.0201366726535498
0.005401743101295874
0.12053059922727044
0.019476262688110185
0.026900926888196886
0.01000196169519108
0.023911445654309124
0.020961842495080183
0.040588586494731536
0.03063674912058137
0.009984692323847664
0.0
0.0812271421087154
0.029355914636667528
0.009263913743208813
0.004723687473383922
0.0
0.09039794746822907
0.012376880938543154
0.03335008830421747
0.004723687473383922
0.0
0.014411266959395595
0.004142948247472641
0.007411130408899923
0.0
0.006680302756478318
0.0788945392674931
0.005859013447718438
0.028783967738496233
0.0
0.0
0.02882253391879119
0.017577039855099376
0.05002512464743118
0.028272549537872147
0.03754592082906572
0.005594988246590241
0.010833621349699282
0.00817734658981517
0.00266504417304247
0.0
0.021680580106879555
0.00783547521638951
0.0024726590004120167
0.00126081359023433
0.0
0.017912751029873945
0.08086219831824269
0.12585513687511912
0.16255327930675265
0.028374524666970883
0.0116376144041775
0.0343078889232822
0.012118658362744698
0.01925839519008802
0.013845871390193299
0.02105797808686796
0.0015638468509766097
0.007682815154484495
0.0
0.0
0.007693108969330055
0.004691540422661355
0.013352356048962793
0.007546310988772169
0.010021494331680734
0.025297103914113703
0.002042736950588398
0.007941297508867904
0.014599076414027776
0.0773375377548462
0.1554307577188357
0.024619026282676253
0.01589443485883532
0.019311598919320678
0.016669782396871127
0.004717929454547676
0.021297797673225257
0.03314821136513235
0.04281390966109131
0.007473391745457289
0.0030651597672835904
0.009036144107879228
0.0031918589804458453
0.005072350403525647
0.0036467790093620044
0.07806473688892104
0.03173573839067131
0.01249376678516891
0.008853042912827848
0.013782102314093105
0.08149191589634369
0.0778076784808632
0.037075089045541215
0.0232165942883578
0.09743286614886663
0.00666284879816086
0.0005380239367476834
0.002091609566946436
0.0038451610536016363
0.020369458979654528
0.04093795245416967
0.006484254096292156
0.004186337556907147
0.005086363406934219
0.0043905515819393426
0.002802694555552203
0.0073789123939872
0.0030694304779322226
0.0027608866616171315
0.015519667525352264
0.07329512027971039
0.1729508925563722
0.02963319060023056
0.00190897650590182
0.0006705115905343258
0.049667256643572584
0.020191281316499887
0.007948929902202653
0.005632586132374261
0.008768609746242351
0.05184773641086278
0.04950370794752607
0.023588345213132158
0.014771132176495134
0.0619898735509784
0.010119134088106416
0.00042255700180147954
0.008629280267208026
0.009063227639209342
0.01912794236006021
0.021094917759837566
0.01471081989254509
0.018161923148528478
0.02833668648199794
0.03652644918781135
0.0017831629917900928
0.004694697634657796
0.0019528688287771467
0.0017565634862956325
0.00987410373394834
0.04663267558095797
0.11003683237356018
0.018853573858883164
0.0012145512791529322
0.00042660069804558207
0.01304592004085924
0.003365024480189687
0.0012090992310038171
0.006559757918204931
0.010455518621907979
0.11591782352587619
0.1344835902952266
0.018924450921411623
0.021026042724246803
0.017684686309899084
0.003344562711145055
0.003569320308484148
0.0
0.0031577259240758056
0.005676859363636788
0.0122022009458088
0.018404183706248547
0.03127851140772852
0.11361255106589244
0.026701126048699862
0.009350806598128756
0.007093396173090548
0.004232971515903408
0.0015811776510391787
0.0
0.0015804933582645095
0.005763561744145834
0.07933173036140695
0.21527535209882204
0.049687068307418855
0.016243977920311573
0.014420199247184106
0.008339580455149062
0.0065310430624681845
0.003031833062726094
0.03445569819962818
0.0037176841408267454
0.022190827026212848
0.029587827286754464
0.030602140205095534
0.024474965429837944
0.0063706683872710775
0.006600677113906266
0.0030845118307829445
0.004482129187996328
0.011291837726056488
0.006940909574910508
0.08618234940187867
0.06610840758788925
0.02349895825280746
0.009828146433838924
0.007455499755103223
0.004449056182692634
0.001661893584178751
0.0
0.0016611743596367298
0.006057779958070453
0.08338145534929146
0.22626472506092182
0.05222349302906046
0.009264585735984836
0.012448311969647149
0.007724808227899296
0.005307295689644767
0.004570929125135695
0.009858466630210783
0.010957950000764612
0.009809679277950028
0.003643686693049731
0.0007610218705995254
0.025724363099941486
0.006695878172056113
0.0069376283807369155
0.0032419699447008006
0.0047109328519132
0.011868263289825534
0.007295229023334341
0.0905817846883321
0.06948310859211906
0.02469853272309967
0.01298841082033773
0.01752492828283499
0.003810437321648448
0.006462766358945405
0.002063876431856326
0.004060648251308851
0.004971607879824362
0.01178964750925454
0.20361396295310336
0.014145879916224345
0.018195310370319337
0.024448033223388788
0.015171243190279899
0.010423336245360924
0.008977139019776712
0.019361670907247892
0.02152101637010308
0.01926585431686516
0.0071560685131049516
0.0014946193525281692
0.02925713327624364
0.016962377764516878
0.017958802459800152
0.022814198956125232
0.00813704449551138
0.04292310573962333
0.02360208979482169
0.012367934876261841
0.016462974893687112
0.025708827528848156
0.025508767777422604
0.034418323539846196
0.007483560699832174
0.01269263873236423
0.004053378457900489
0.007974965890841852
0.009764057561858545
0.023154440112129353
0.3998904384113396
0.02778199510176028
0.022873297305021377
0.0058706756434603186
0.007177101989703253
0.007813190318617219
0.0
0.011326703511987864
0.009262299572562239
0.016675329875969404
0.0040696917045171714
0.0
0.07621442954893988
0.04418676064089958
0.04678243325934968
0.05943067431247478
0.021196888929077066
0.11181409974539493
0.06148311910435209
0.03221830014556225
0.04288582303515339
0.06697114190863786
0.0793214896411132
0.0029861499826014594
0.010683573928346445
0.0
0.0
0.024551889516809148
0.01318150223575086
0.012019021197060437
0.008083826285066388
0.0
0.05958462469803977
0.015293029259175245
0.01869625191214307
0.02035325325513796
0.0
0.029505906771019216
0.024128162919072386
0.04343900484157671
0.010601490883308168
0.0
0.022663282955621176
0.005516261277021901
0.02537348544146937
0.004223053695068314
0.0
0.006610124371279739
0.0
0.0
0.0
0.0
0.15116198295854938
0.005690669134228068
0.020359554862117227
0.0
0.0
0.04678823256511912
0.025119825980876375
0.022904500225457394
0.01540524789274406
0.0
0.08844577217162117
0.01049307453728428
0.045949952640683654
0.01049307453728428
0.055201510132830305
0.11877013789511212
0.033112617455952356
0.07125844335817764
0.05018462150671819
0.0
0.043189138371233345
0.010512270973790403
0.048353937769650863
0.008047821259726869
0.0
0.012596832360134896
0.0
0.0
0.0
0.0
0.037790495739637345
0.0
0.005089888715529307
0.005690669134228068
0.0
0.028792758914155565
0.005690669134228068
0.022904500225457394
0.0
0.0
0.08961266386198218
0.010631512827586464
0.04655618419469003
0.010631512827586464
0.055929800269122955
0.12033710806869953
0.033549482183420375
0.07219857744690912
0.050846722321514305
0.0
0.09379775859564814
0.004076999293814854
0.015471122768297315
0.01389571262006148
0.0
0.03500358488354681
0.021374241129979404
0.028363729376990644
0.010631512827586464
0.018593976520902063
0.03828907712312777
0.0
0.005157041149175187
0.005765747844745056
0.0
0.029172630447803348
0.005765747844745056
0.023206686190130714
0.0
0.0
0.0802247350899157
0.0
0.015471122768297315
0.0
0.0
0.05105210464211236
0.0
0.010314082298350374
0.004076999293814854
0.0
0.11954173043739738
0.005195982909097861
0.019717366547152077
0.017709565315135366
0.0
0.04461075798761838
0.027240669816842273
0.03614851081890157
0.0135494649297093
0.02369732669842388
0.13063814309952893
0.008378270368770117
0.05257964297153759
0.0
0.0
0.02788456870415227
0.0
0.026289823217070723
0.020891854073284068
0.016916893921976105
0.10224342031319358
0.0
0.019717366547152077
0.0
0.0
0.06506399537432389
0.0
0.013144911608535361
0.005195982909097861
0.0
0.09759598959888198
0.015587948294468103
0.042720955369706735
0.0
0.0
0.020913427826590645
0.0
0.016431140809145647
0.010391965818195723
0.0
0.0907228641168618
0.005818367179493397
0.03651441831185301
0.0
0.0
0.019364696079434904
0.0
0.018257210358245107
0.014508540869230181
0.011748093107795695
0.09295291503913301
0.026753435629844755
0.08686382538724646
0.04407788962220292
0.021531364372026143
0.14353098627994398
0.03986760072726662
0.05610230199547864
0.0
0.016456827225078213
0.06777643567686285
0.010825194552116968
0.02966796172229424
0.0
0.0
0.014523522961315127
0.0
0.011410757375642141
0.007216796568464412
0.0
0.05486664069521013
0.0
0.004564302589561277
0.010921412502785614
0.0
0.043570568883945386
0.0
0.015975058161725515
0.003608398284232206
0.0
0.09666140624984851
0.027820802703249096
0.09032938354475138
0.04583644088637801
0.022390389347141288
0.14925736291762562
0.04145817641633607
0.05834058461161336
0.0
0.017113396188996908
0.05202130483002279
0.0
0.014239205536527045
0.0037523605614367705
0.0
0.06376804979134475
0.0037523605614367705
0.016612407501187254
0.0
0.0
0.057055624813610394
0.0
0.004746402053890156
0.011357138076944611
0.0
0.045308879852288445
0.0
0.01661240625090041
0.0037523605614367705
0.0
0.03524023738453955
0.0
0.035598014466461034
0.0
0.0
0.08222722473154842
0.0
0.004746402053890156
0.0
0.0
0.06075929302886181
0.0
0.016630956576712593
0.0043826423740663655
0.0
0.07447913188281455
0.0043826423740663655
0.019402783889745354
0.0
0.0
0.13523842491167637
0.018516237705908142
0.04989287411102816
0.007066798213532187
0.0
0.021559748856635454
0.006197992445300884
0.01108730487124066
0.0
0.009993961677468119
0.041159519482451834
0.0
0.04157739217192988
0.0
0.0
0.0960388836600436
0.0
0.00554365243562033
0.0
0.0
0.20674639020725147
0.014133596427064373
0.019402783889745354
0.007066798213532187
0.0
0.03331961240036272
0.017621598557236762
0.018115364331412885
0.01583208223151652
0.043849573095595756
0.10606528450130799
0.014521982354154361
0.0391301650446629
0.005542374244014962
0.0
0.016908958365562523
0.004860984091445428
0.008695591850385015
0.0
0.007838100667825101
0.0925681609745315
0.0068744694501792075
0.03377266644613876
0.0
0.0
0.033817916731125046
0.02062340777789418
0.058695238404699236
0.0331726117052122
0.04405319906182662
0.16214781199405456
0.011084748488029924
0.015217286024495498
0.005542374244014962
0.0
0.026132026981428223
0.013820331503874121
0.014207583923807308
0.012416843121550725
0.034390502911304674
0.052416267171558506
0.004860984091445428
0.014207583923807308
0.004860984091445428
0.0
0.0568755882707893
0.0
0.026086774405868155
0.01858966000351936
0.0
0.03909219186437888
0.002903137276175934
0.014262436917671617
0.0
0.0
0.014281546434420997
0.008709411586696409
0.02478741607358129
0.014009029538563318
0.018603978860921928
0.04696173752979477
0.003792152526298647
0.014742285540812415
0.027101837311522544
0.14356999763982373
0.28854284952265524
0.04570294901943788
0.029506550653357524
0.03585020019717857
0.030945911763594944
0.022135761924112048
0.00205282810797938
0.005999963603377087
0.00205282810797938
0.0
0.0240189648975833
0.0
0.011016630118400466
0.007850545456456574
0.0
0.04316429590907919
0.004354705793348204
0.007344420401375502
0.002340584009126377
0.0
0.03375638142609445
0.011049996079485574
0.017442996639531364
0.00205282810797938
0.0
0.01528826613201508
0.0012345249576522727
0.0047993110263244345
0.008822929543913395
0.046738822878898585
0.09393434114727084
0.014878470950607042
0.009605777442542695
0.011670935325865075
0.010074357543511513
0.006430933906808629
0.016931312695440404
0.007042973875273753
0.006335003437986515
0.03561071466509497
0.16817960889695915
0.3968451563693322
0.06799495500514804
0.004380249611854793
0.0015385250290414904
0.014052019324037485
0.0014176626461722434
0.0023909561184867084
0.0007619707685040427
0.0
0.010989298310534594
0.0035972962183036367
0.00567852019094928
0.0006682926162635724
0.0
0.008453306828748447
0.00047255422851200676
0.0032875650171932153
0.0011380612671094599
0.001948390907792682
0.013525290422141172
0.001613401073287586
0.0011954780592433542
0.00047255422851200676
0.0
0.0031436418265171997
0.008276555713140845
0.0034428261242022058
0.0030967480100674116
0.01740763219084554
0.0822114580179463
0.19399033644127225
0.0332380627205689
0.0021412031424912947
0.0007520792007079703
0.022999411772601338
0.0059323975160336054
0.0021315914094749326
0.011564579042095723
0.018432642337851156
0.20435827804443363
0.23708894889516843
0.03336301601947147
0.03706803453100195
0.031177362825831476
0.004132241025071364
0.0002309993011240751
0.0016070647040084523
0.0005563199765801799
0.0009524344738884844
0.006611585393813429
0.0007886809552753701
0.0005843871021193579
0.0002309993011240751
0.0
0.0037317347543988117
0.0025095810190857086
0.00446114304819734
0.0018479944089926008
0.0
0.010745013280646771
0.0021791192964302443
0.0032993149870566446
0.0032885362502766565
0.0004259416341626753
0.014887269307370837
0.013215813928824788
0.007643052751940022
0.005985565691235247
0.0027786122045485124
0.03157793372951829
0.0034071805118021077
0.020337433337644994
0.027116630864605376
0.028046227645108703
0.022430798873900454
0.005838585623209172
0.006049383857069232
0.002826891204353248
0.004107778563814302
0.010348735391516
0.006361199860447704
0.07898433815792137
0.06058698627087691
0.021536308511893063
0.03623296654347628
0.02252783939970141
0.004229659595510515
0.0121695455768297
0.01908528650442009
0.03239815534849488
0.03381024378580193
0.018958076100444005
0.039488991888610415
0.19185777044525304
0.026533399634298214
0.01341535529669292
0.005407866724439564
0.0049150252165823805
0.007378197674833293
0.02886565688509093
0.024202013424821332
0.03197573292639928
0.040584608376474665
0.03189672142096155
0.019554702436223866
0.005089957123333472
0.005273726625275344
0.0024644247684386597
0.003581075642506525
0.009021811586379977
0.005545561310932187
0.06885689798580329
0.05281847047423338
0.01877490440230377
0.009873306006620331
0.01332179756814976
0.0028965524894525667
0.004912754207870081
0.001568881971277171
0.0030867535162687077
0.0037792310869602195
0.008962050798916177
0.15477974875177
0.010753170890398126
0.02313126417774751
0.011695226834220779
0.0047144653744017
0.0042848164310651
0.006432158785698903
0.025164477386085047
0.021098810325054708
0.02787577678668631
0.03538081477856163
0.027806896204832822
0.03125617890120798
0.015939306511089078
0.009942268545360587
0.0067401586202310215
0.007548669162246596
0.017201353920049418
0.00993058383493301
0.07660736340175398
0.17246443923005145
0.05986905083862995
0.014366718875688973
0.019384643852030096
0.0042147944464335195
0.0071485841280014535
0.0022828914869408847
0.004491557334193973
0.005499186448411049
0.013040744841832961
0.22522113023493978
0.01564701662249742
0.012882403219498021
0.0033064061469326995
0.004042194728021196
0.004400444184888418
0.0
0.006379279727068438
0.005216592791251678
0.009391664018340755
0.0022920792231003358
0.0
0.04548109165266388
0.023193400018667265
0.014467066763860446
0.009807653486023917
0.010984123014809924
0.025029814318008055
0.01445006425732978
0.11147192774768272
0.2509542510695094
0.08711588825224212
0.013371043964370838
0.001369558320185029
0.004194554685537107
0.003475232262943677
0.002728186761824981
0.009033381705212703
0.004496863011868873
0.0031760105997821818
0.0030187124679532567
0.0029726391677539874
0.09888277542633984
0.025379318666300495
0.031027086073155047
0.033776937943681265
0.0
0.04896608760691243
0.04004153298720477
0.0720885527476458
0.017593546112123756
0.0
0.03761051328729791
0.009154429146999665
0.042108189409723024
0.007008305787928419
0.0
0.010969733334024566
0.0
0.0
0.0
0.0
0.102633484996297
0.01051245838999662
0.03219657092829526
0.02667519449250873
0.02094102119722075
0.06933844867896946
0.034517029761390344
0.024378428274516764
0.02317103897148046
0.02281738944513593
0.06111708321617109
0.0
0.01772976580554237
0.0
0.0
0.026795955373392095
0.008459772694169494
0.029997732317928398
0.014110049822892969
0.0
0.07605064598429735
0.018510788324761582
0.08514520877118968
0.014171202034816423
0.0
0.02218143900231744
0.0
0.0
0.0
0.0
0.06654431464602947
0.0
0.008962654486805296
0.0100205533164608
0.0
0.05070043065619824
0.0100205533164608
0.04033194696131596
0.0
0.0
0.12358229795379108
0.0
0.035850617947221185
0.0
0.0
0.054182980709309
0.017106152563176887
0.06065715996524197
0.028531341641222382
0.0
0.10140086131239648
0.0
0.02688796227995447
0.0
0.0
0.12675108136234126
0.0
0.022406637987705365
0.0
0.0
0.07343720337444112
0.0
0.009891037030338404
0.011058516655250733
0.0
0.05595215544823616
0.011058516655250733
0.04450966859062932
0.0
0.0
0.15386843008812479
0.0
0.029673109788277547
0.0
0.0
0.09791627463988861
0.0
0.019782074060676808
0.007819551913840343
0.0
0.11190431089647232
0.0
0.029673109788277547
0.0
0.0
0.13988039383154108
0.0
0.024727594529952508
0.0
0.0
0.09441926818121801
0.0
0.024727594529952508
0.0
0.0
0.03497009845788527
0.0
0.024727594529952508
0.0
0.0
0.11105084900049449
0.0
0.021415855303039338
0.0
0.0
0.07066872277501988
0.0
0.014277237495506002
0.0056435740478932095
0.0
0.10600308040165117
0.016930721673569796
0.04640101386852735
0.0
0.0
0.022714947412158962
0.0
0.017846548279712
0.011287148095786419
0.0
0.06814484223647689
0.0
0.017846548279712
0.0
0.0
0.025238829831141292
0.0
0.017846548279712
0.0
0.0
0.1420557733742025
0.019268365381282293
0.03398939220004975
0.009099989366137685
0.04961916389044162
0.05552542450024724
0.009099989366137685
0.05353963919781801
0.03162853822968374
0.02285473363065316
0.10550977955599493
0.016851932082856992
0.04618507996081523
0.0
0.0
0.022609240080588996
0.0
0.01776349675587827
0.011234621700519401
0.0
0.08541268225330718
0.0
0.007105398140844778
0.01700171769289969
0.0
0.06782772024176699
0.0
0.0248688920891904
0.005617310850259701
0.0
0.141394696046352
0.019178697223517588
0.033831217589914885
0.009057641234057286
0.04938825385070348
0.05526702881252186
0.009057641234057286
0.05329048465256951
0.0314813501989543
0.022748375783461075
0.00502427526151615
0.0
0.0
0.0
0.0
0.11807047098524005
0.0
0.01065809674334506
0.013561386841179995
0.0
0.08909219432423736
0.0
0.007411493178938385
0.017734138497716986
0.0
0.07074968579523247
0.0
0.025940224662044858
0.0058593002426358815
0.0
0.05502752949165329
0.0
0.055586197377798394
0.0
0.0
0.12839757532158874
0.0
0.007411493178938385
0.0
0.0
0.005240717140926964
0.0
0.0
0.0
0.0
0.1231568552521828
0.0
0.011117239280327748
0.01414560086261407
0.0
0.21531509677846025
0.0
0.04446895712131099
0.0
0.0
0.10481434672317791
0.0
0.0
0.0
0.018528734411585448
0.026056373463973874
0.0
0.02632091121840702
0.0
0.0
0.06079820783078216
0.0
0.0035094549215662295
0.0
0.0
0.13088250842834456
0.008947389851081386
0.012283092456595037
0.004473694925540693
0.0
0.0210932555893626
0.011155498383195236
0.011468080881179609
0.010022630305793975
0.027759334102571077
0.10195497827941243
0.0
0.021056728604944442
0.0
0.0
0.049631189839547986
0.0
0.0
0.0
0.008773637997255276
0.04369969642075181
0.04457292726873513
0.059998278705022084
0.019421275217565894
0.02000697161987325
0.1236850506695526
0.03554887253564833
0.06861995235525341
0.02507868867872067
0.023180078669595778
0.15389663291342798
0.010520681395704353
0.01444292742806971
0.005260340697852177
0.0
0.024802252427508026
0.013117059416574713
0.013484605810092988
0.011784990030522163
0.03264048115828595
0.04974897242455102
0.004613624292054094
0.013484605810092988
0.004613624292054094
0.0
0.05398137305834181
0.0
0.024759302609538167
0.017643692174224047
0.0
0.05138376563262928
0.05241054368627839
0.07054825877179373
0.022836274294855352
0.023524958407858572
0.14543358824905148
0.04179971680555075
0.08068595066647075
0.02948847628216284
0.02725601839967947
0.005835823908765371
0.0
0.0
0.0
0.0
0.0
0.0
0.0
0.0
0.0
0.08193091715842199
0.00759811612683332
0.02220761691542969
0.00759811612683332
0.0
0.0889012011423629
0.0
0.04077576424475626
0.029057160609445392
0.0
0.15976366047179752
0.01611803744670172
0.027183844023288963
0.008663184723954467
0.0
0.12494222243946465
0.04089926140753508
0.06456162284214687
0.00759811612683332
0.0
0.009610940325357063
0.0
0.0
0.0
0.0
0.0
0.0
0.0
0.0
0.0
0.10091487252116058
0.04653283441432644
0.04939146093871865
0.0
0.0
0.02643008634227622
0.008663184723954467
0.006795961005822241
0.023859415187443927
0.0
0.07929062150708811
0.0079993735925267
0.013491327634789723
0.00429953406778833
0.0
0.06200875994231995
0.020298282141305732
0.03204189980088559
0.003770941077592504
0.0
0.04769904856983873
0.0026664579382142334
0.018550577496879873
0.006421680977045928
0.010994087216587525
0.07631847486865717
0.00910385695402097
0.006745663817394862
0.0026664579382142334
0.0
0.05008399868832426
0.02309422149131139
0.02451295634694971
0.0
0.0
0.01311723809016645
0.00429953406778833
0.003372831908697431
0.011841415334509338
0.0
0.08769859702836379
0.007541882155185008
0.0565548561478353
0.04295636020829569
0.013332289024723167
0.06949764433137079
0.05052119050016708
0.07610196685313853
0.06110477980582713
0.0
0.034587375204528086
0.0019334930976888426
0.013451332959101595
0.00465646791825766
0.00797199589913548
0.055339798265676754
0.006601358427853021
0.00489139327620417
0.0019334930976888426
0.0
0.031235087530243975
0.021005507613578837
0.037340326353884144
0.01546794478151074
0.0
0.08993710765188213
0.018239501583709884
0.027615679889650215
0.027525460512082846
0.0035651848540852863
0.0635917145368123
0.005468744464950671
0.04100886889513706
0.031148372818586106
0.009667465005264171
0.05039390034793922
0.03663375735996628
0.05518280469469248
0.04430809438137519
0.0
0.026805215590237248
0.010937488929901342
0.02020048070024605
0.016715172915974793
0.006294997155437929
0.10668400939065893
0.029957943464498017
0.01711987550035451
0.013208572997823204
0.011373147249014793
0.015444470106352512
0.009602596070954155
0.001802912027766904
0.005187325267549239
0.00813519192625316
0.013809864041366648
0.014411773289712238
0.008080967901315312
0.01683236601733484
0.08178026485238661
0.011309984706333867
0.005718357441068446
0.00230512828323143
0.002095052303773975
0.0031449909929674095
0.012304120180915302
0.01031622051715485
0.013629804523952302
0.017299377628833514
0.013596125503154304
0.06275467834375532
0.043274193614331505
0.013355694488621582
0.01747542906308213
0.01759468037323517
0.016223124291196166
0.00493344210855762
0.01477269214199371
0.05321057935110383
0.11299771250092255
0.009657440813117629
0.0
0.00600977232026507
0.017718581746820228
0.0860986248500008
0.11382426250267787
0.12659560365426148
0.007003351275647509
0.007548856219577627
0.0021443181556424465
0.011917797223856288
0.006025669017750103
0.002429008718211894
0.002207642996702576
0.003314006685088579
0.012965358764100331
0.010870626922349792
0.014362287017620264
0.01822906750385729
0.01432679804473564
0.016103953475034235
0.00821232343499827
0.005122501717079541
0.003472695788491164
0.003889260340218577
0.008862561355040358
0.005116481466373603
0.03947000111453827
0.08885792835512851
0.030846010075226915
0.010176443585080486
0.0
0.0063327448917196725
0.01867080016780805
0.09072567106483702
0.11994131865644445
0.13339900742202038
0.007379720004737063
0.007954541056681494
0.002259556456169959
0.02175751696684709
0.010222383113406121
0.005231052369802542
0.012372324428636002
0.021748677039600952
0.0257086559360293
0.012591362969064388
0.04337783150664094
0.11724926522654391
0.026299074831915542
0.026820386072646498
0.013677243008777868
0.008531288538734172
0.005783613440300786
0.006477382341138001
0.014760184044445903
0.008521262090977866
0.06573545246642942
0.14798874995477113
0.0513725961951446
0.007884959403733904
0.0008076341521634573
0.002473546082140803
0.0020493587026468637
0.0016088229101718047
0.005327022199151543
0.002651818540662996
0.001872906462041495
0.001780147109289444
0.0017529774954107285
0.0362361333158133
0.017024903984546032
0.008712074605893525
0.020605531325365904
0.036221410827825304
0.0428165716376472
0.02097032983451372
0.07224376236592708
0.1952732020112439
0.04379988686870545
0.006945177269346743
0.0042343815871094675
0.0033354677044361244
0.004227773474873285
0.003647299056260955
0.007995639991315764
0.0035794264203847033
0.00531161044670105
0.03839871725131428
0.050543228415007094
0.0404326844999043
0.004141405832769306
0.012683909100129669
0.010508750851908659
0.008249760818348748
0.027316032572125268
0.013598058901210035
0.009603934808046773
0.009128281167716936
0.008988960168115833
0.02407720777797812
0.0
0.0069846797767663315
0.0
0.0
0.01055632486342024
0.003332745841151177
0.011817671850148544
0.005558684797535091
0.0
0.03561364706512323
0.021713163758677857
0.01710369152810379
0.021679278521797754
0.018702707834965367
0.04100023507928233
0.018354668900070936
0.027237003817186297
0.19690186598655285
0.25917678246293047
0.04012867962996353
0.01057004675605486
0.019675435104100802
0.002760937298508248
0.0
0.029077255338702687
0.006657354312947331
0.006111594459691341
0.01496546905282995
0.005590472100910685
0.07565486299784113
0.0
0.021947104351459096
0.0
0.0
0.033169847544914435
0.010472079335110112
0.03713322379491925
0.017466374867202917
0.0
0.062075785913293983
0.0
0.01646032754093705
0.0
0.0
0.07759473528224659
0.0
0.01371694130364785
0.0
0.0
0.1260914383297352
0.033212964168607514
0.06182371149303844
0.008675355339804756
0.0
0.09136590045191392
0.020918589610493945
0.019203715223540797
0.04702416166071556
0.0175662562198966
0.09893328416064093
0.0
0.002743388043932387
0.0
0.0
0.06789539120399393
0.0
0.030177265953955795
0.008675355339804756
0.0
0.11194152398097929
0.0
0.029682977396891456
0.0
0.0
0.13992691018890765
0.0
0.024735817538141608
0.0
0.0
0.09445066672322025
0.0
0.024735817538141608
0.0
0.0
0.034981727547226914
0.0
0.024735817538141608
0.0
0.0
0.1784068044962712
0.0
0.004947163116677056
0.0
0.0
0.12243604250578154
0.0
0.05441878972234953
0.015644304514657717
0.0
0.0874543175648964
0.0
0.009894326233354112
0.007822152257328858
0.0
0.01399269049762241
0.0
0.019788652466708224
0.0
0.0
0.055514801771029874
0.0
0.014538849273540383
0.0
0.0
0.02056103718233515
0.0
0.014538849273540383
0.0
0.0
0.11572699914591385
0.01569714522020095
0.027689760638898574
0.007413387267469469
0.040422693149146594
0.04523428088198736
0.007413387267469469
0.043616543224871275
0.025766469955791498
0.018618812009755358
0.05140259218987957
0.0
0.005815539249841166
0.004597587788987711
0.0
0.008224414566550736
0.0
0.011631078499682332
0.0
0.0
0.12973812918506678
0.07497807822401868
0.07850978331966814
0.02311053248767042
0.0
0.06373921480566398
0.054634292861550186
0.023262155467448038
0.017601528988334548
0.0
0.1010464665527816
0.013705886017724458
0.024177179853468834
0.006472963043141521
0.03529487795772345
0.03949609238910479
0.006472963043141521
0.03808357262044778
0.02249786794599579
0.016256925167688507
0.0035905537927556374
0.0
0.0
0.0
0.0
0.08437801580173941
0.0
0.007616714390331001
0.009691524931086564
0.0
0.11328021661384441
0.06546674440164686
0.06855043553211398
0.020178849060865978
0.0
0.055653585459694316
0.04770366713915117
0.020311237928354153
0.015368689444328008
0.0
0.0287244303420451
0.017720247773155128
0.015233428780662002
0.004014361421034282
0.007402116177297538
0.03590553926514192
0.0
0.06601152694551125
0.009691524931086564
0.0
0.005461309612173523
0.0
0.0
0.0
0.0
0.1283407784291983
0.0
0.011585186551729815
0.01474101804840013
0.0
0.22437814826890026
0.0
0.04634074620691926
0.0
0.0
0.1092261963124633
0.0
0.0
0.0
0.01930864662646218
0.043690476897388184
0.02695287832447602
0.02317037310345963
0.006105930138037944
0.011258778050077637
0.05461309815623165
0.0
0.1004049535058191
0.01474101804840013
0.0
0.03276785767304114
0.0
0.015446916080471893
0.0
0.0
0.08738095379477637
0.0
0.015446916080471893
0.008635089436234498
0.0
0.10951041001225964
0.0
0.02261714947086575
0.0
0.0
0.053309137429561886
0.0
0.0
0.0
0.009423813437980783
0.04693808731274231
0.047876029430055436
0.06444448531988506
0.02086049987875918
0.021489599646537128
0.13285080179301936
0.03818324198141195
0.0737050730063559
0.026937159186576822
0.02489785160139114
0.01599274063309254
0.0
0.007539050154608599
0.0
0.0
0.042647308354913434
0.0
0.007539050154608599
0.004214457566167732
0.0
0.029320024990483008
0.0
0.020732390159333754
0.0
0.02069236989757398
0.11632067813286852
0.015570583668841648
0.026386674051690023
0.0
0.0
0.06075973262196458
0.06197386629305165
0.08342116011048792
0.027003196499015617
0.027817544417115626
0.17197077379346398
0.04942688776328879
0.09540867097779752
0.034869222064091016
0.03222940883982721
0.006900683434930814
0.0
0.0
0.0
0.0
0.0
0.0
0.0
0.0
0.0
0.03795375953479572
0.0
0.026837362892573567
0.0
0.026785558046164223
0.1505730997232187
0.02015558269733582
0.03415663807264644
0.0
0.0
0.003450341717465407
0.0
0.0
0.0
0.0
0.04830478532986818
0.0
0.0
0.0
0.0
0.010283674018551766
0.0
0.0
0.0
0.0
0.0
0.0
0.0
0.0
0.0
0.10797857623705175
0.04978997726306267
0.05284869808771236
0.0
0.0
0.028280104029888255
0.009269578693418353
0.0072716555571859355
0.02552949448802668
0.0
0.005141837009275883
0.0
0.0
0.0
0.0
0.07198572004534595
0.0
0.0
0.0
0.0
0.2547337120177504
0.05551482522559408
0.06372766418259225
0.0138448204438522
0.0
0.10044853439347526
0.025342317262040913
0.041912704215227026
0.03925490943098575
0.036838626480400406
0.04256702429155821
0.01962807109977123
0.020833871807479407
0.0
0.0
0.011148506649738312
0.0036542284142458805
0.0028666125219417833
0.010064168744337808
0.0
0.07453614742850395
0.006409941085208726
0.04806668793423836
0.03650915414806363
0.011331281160459079
0.05906692740069062
0.04293859914504774
0.06468002468876537
0.0519337256298452
0.0
0.10042043973179954
0.0218849052865044
0.025122548600282752
0.005457867927911193
0.0
0.03959855142182627
0.009990380241071465
0.016522713677366192
0.01547496495641247
0.014522424381816982
0.04662102890634828
0.012269994791366508
0.040132573041834575
0.012719253795683222
0.0
0.06486403759103483
0.02636386094076697
0.037265956366750404
0.0045325126907186705
0.0
0.05079443979148464
0.00436820761137283
0.03275619374604369
0.024880036011931984
0.007721972472717528
0.040252569941319725
0.029261535030314055
0.04407774929495272
0.03539147904287655
0.0
0.021410901079068827
0.00873641522274566
0.016135311151167616
0.013351390986529241
0.005028184195511193
0.08521478829716181
0.023929170123306826
0.013674650725717967
0.01055046354318649
0.009084401126586285
0.03177101483641981
0.00836168132072728
0.027349301451435933
0.00866783961080307
0.0
0.04420314928687139
0.01796628338634459
0.02539577697866253
0.0030887891434647303
0.0
0.05500377677769315
0.03746572689186922
0.019582766306366163
0.031632929112742576
0.041256325636457314
0.09380515499348678
0.01989451461364515
0.02642664140124782
0.027986016915475236
0.003521761268068578
0.04183404585512134
0.02884780302894324
0.008903284191872283
0.011649615933943293
0.011729112234599926
0.01081479410656191
0.0032887722292583997
0.009847894958308755
0.03547167916881148
0.07532747535399978
0.006437923553778934
0.0
0.0040062844310606825
0.01181170839923449
0.057395781718579106
0.07587847699383883
0.08439221470180866
0.004668632301803751
0.005032281346637695
0.0014294632116466242
0.0
0.00365376431224036
0.0007143657253779748
0.00040904462696068905
0.004522111392064716
0.033417530261627776
0.11583504547187558
0.09828870320018322
0.008934637195279016
0.00451665664548871
0.015387921049370673
0.0013015720155646032
0.00733713325226712
0.0046671864982037745
0.00963105167705283
0.017100330397043156
0.019604379365631353
0.07912670702565604
0.0520153599149689
0.03476921052075646
0.007937899783512042
0.0
0.0049397113917790175
0.014563726450301738
0.07076846431501724
0.09355745545457267
0.10405481475752729
0.005756380147762447
0.006204756033270957
0.001762514826944122
0.016971448598614634
0.00797373385156361
0.004080361584736024
0.009650745919487523
0.016964553217533148
0.020053443296062703
0.009821601874036946
0.03383587561283215
0.09145758135221539
0.02051398591949039
0.01897316334158729
0.001604826173263748
0.009046616967140533
0.005754597485388876
0.011874997020956566
0.021084548119089754
0.024172017176405988
0.09756249283207061
0.06413445434063483
0.04287011275609105
0.002226065357029478
0.00030365783149919506
0.0003610583667812671
0.0005043482154882251
0.0011624651768018146
0.0030197460363980493
0.01963597630243262
0.0791769681436793
0.04689923355271432
0.008763544029443859
0.028269830258832136
0.013282077908847896
0.00679677569801335
0.016075525163909674
0.028258344424160396
0.03340359750617186
0.0163601248435279
0.05636139158514752
0.15234352481387545
0.034170736605442426
0.0054183204596018565
0.0033034774344002636
0.002602184538190684
0.0032983220771876146
0.0028454615818156205
0.006237845064627404
0.0027925103499963078
0.004143883797440101
0.029956982699857353
0.03943159375125954
0.003708021116914373
0.0005058115872293912
0.0006014253104635258
0.0008401073344063789
0.0019363516932003756
0.00503007786151634
0.03270821072289217
0.1318873540360889
0.07812140278424938
0.014597687447752859
0.017560027306657067
0.009192687443617209
0.004673414590606138
0.0010140991707331582
0.0007572624767276323
0.0024892716621052113
0.004013822227562953
0.014482878367629895
0.1109778410140156
0.07954964135647424
0.013568607497442459
0.00827259831127247
0.006516414246420823
0.008259688218735663
0.0071256308371884175
0.01562086848550984
0.006993029879674152
0.010377151588152408
0.07501854921513938
0.0987449565965244
0.015288810558883028
0.004027130818707321
0.007496234681631052
0.001051902223324791
0.0
0.011078277494925381
0.002536416095734549
0.0023284845344667252
0.005701763012972367
0.0021299397257447702
0.0439739804880255
0.023020411712280864
0.011703207428490668
0.0025395163895808415
0.001896343598697633
0.0062336567926242065
0.01005145021900639
0.03626815605845693
0.27791172132764513
0.19920893719298927
0.01932984266689357
0.005590045533864483
0.012352376819613119
0.003065467369808022
0.0029094176689887247
0.012651349523480944
0.004853984147002288
0.011151009186365303
0.006350385984095229
0.006802050657162037
0.039003833387837875
0.010273757979990498
0.019123913363462485
0.002683545518524223
0.0
0.028262191357014996
0.0064707421430361565
0.005940280473665083
0.014545972279426174
0.005433765685638496
0.030603008285323616
0.0
0.0008486115441391681
0.0
0.0
0.021002064544600817
0.0
0.009334726203142962
0.002683545518524223
0.0
0.049313055445937705
0.014260965808527004
0.03151259187628913
0.007820423837901285
0.007422319844949297
0.03227531187234512
0.012383173184579984
0.028447739785652577
0.016200697622497515
0.017352955581847695
0.11802758507603242
0.03747946638482708
0.02047234055523681
0.02721056904546495
0.056930956167620665
0.043097977098513644
0.10894515437688142
0.06574828702617223
0.038728804821422144
0.07015906624397734
0.038669034185565214
0.0
0.0010722798394404895
0.0
0.0
0.02653757252459693
0.0
0.011795077245243753
0.003390846822209269
0.0
0.01895540926894936
0.0
0.002144559678880979
0.0016954234111046344
0.0
0.0030328654152420717
0.0
0.004289119357761958
0.0
0.0
0.14913608098892628
0.04735791832552173
0.02586822933902996
0.03438245073221697
0.0719362315540202
0.054457298256863435
0.1376597966995178
0.08307754371574921
0.04893654452669829
0.08865087071576454
0.04179523884753573
0.004795381688359341
0.002144559678880979
0.010864814408267195
0.0
0.02274649202660358
0.014601751172104258
0.038678280717853834
0.008201364566462735
0.0031262060742585575
0.03723985028812705
0.0
0.004213207968361003
0.0033308335952390525
0.0
0.005958375912920245
0.0
0.008426415936722007
0.0
0.0
0.09399192339690626
0.05431968095382693
0.0568783100700001
0.016742983831254894
0.0
0.046177414712424425
0.039581133948384715
0.01685283076360999
0.012751853096170529
0.0
0.08211104362638809
0.009421020333306994
0.004213207968361003
0.021345044901506467
0.0
0.04468782212148689
0.028686641363338154
0.07598745893049574
0.01611242386170597
0.006141753233781527
0.10143989523026611
0.012751853096170529
0.044371874571547024
0.0
0.0
0.0672151043990045
0.0
0.03272722075335989
0.05017957830754094
0.006141753233781527
0.08463353477372088
0.04891129408523683
0.05121517104030534
0.01507595390206685
0.0
0.04157971975231586
0.03564020349129469
0.015174863827869768
0.01148220361324845
0.0
0.02146049987259372
0.013239091969788721
0.011381148120735431
0.0029991962151656617
0.005530244164574364
0.02682562584007457
0.0
0.04931831018874091
0.007240699539457398
0.0
0.09133994273273816
0.01148220361324845
0.03995394980554055
0.0
0.0
0.06052277333926403
0.0
0.029468706199152983
0.04518340440474167
0.005530244164574364
0.07377047155987128
0.03129656114831135
0.03224658450997428
0.007240699539457398
0.0
0.04694484372113187
0.011996784860662647
0.029453830136718633
0.033701202790158064
0.008158695795992878
0.02543101021601898
0.015688520077972452
0.013486829097493288
0.0035540919382370884
0.0065534212474693985
0.03178876395424745
0.0
0.058442928062843784
0.008580336201498274
0.0
0.019073257662014235
0.0
0.008991219793070099
0.0
0.0
0.05086202043203796
0.0
0.008991219793070099
0.005026245151428977
0.0
0.08741910146629234
0.03708688851676667
0.03821268027182083
0.008580336201498274
0.0
0.05563033514359745
0.014216367752948354
0.03490322497400663
0.03993642447924271
0.009668175362599766
0.1676736873099933
0.008580336201498274
0.04840767887315359
0.009284893065427109
0.0
0.09218741144095693
0.0
0.047203905986009535
0.007108183876474177
0.037428916012138026
0.019849981009384756
0.0
0.00935737068655517
0.0
0.0
0.05293328269169269
0.0
0.00935737068655517
0.005230929743222537
0.0
0.036391632466763246
0.0
0.025732772161037094
0.0
0.025683099534303044
0.14437570801082325
0.01932600529342648
0.03275079555426951
0.0
0.0
0.17450188991603005
0.00892975461622798
0.05037899258573846
0.009663003262937769
0.0
0.09594157426246847
0.0
0.049126198261200495
0.007397651594684467
0.03895313979438665
0.049624955604584534
0.0059641771574832705
0.028072110827216456
0.01642603541147929
0.0
0.05127911914813861
0.0
0.03275079555426951
0.0
0.0
0.04059473516644768
0.0
0.02870481482054682
0.0
0.028649405184028528
0.16105058316690102
0.021558089415981405
0.03653339468160145
0.0
0.0
0.0036904304071864943
0.0
0.0
0.0
0.0
0.05166602707540341
0.0
0.0
0.0
0.0
0.05535645954477864
0.006653018174299677
0.031314338691313386
0.018323183439838714
0.0
0.05720167302988128
0.0
0.03653339468160145
0.0
0.0
0.14978421370277956
0.014062815621002882
0.033923868061249904
0.011670166640331527
0.031853353582880654
0.09226076224185109
0.005835083320165763
0.04175245067188952
0.024013849620700217
0.01701204384209417
0.001781074743786706
0.0
0.0
0.0
0.0
0.024935047076515945
0.0
0.0
0.0
0.0
0.08823690444628567
0.01922971360948746
0.022074549028173157
0.004795690719157908
0.0
0.03479424714082957
0.008778294827903821
0.01451809125549397
0.013597460913489642
0.012760487565371778
0.07228882558643243
0.006786993105281895
0.016372330039820027
0.005632253359499878
0.015373058779512033
0.04452686958992074
0.002816126679749939
0.02015055892615962
0.011589559032798132
0.008210349006539306
0.08941281587933905
0.051680456873053796
0.05830853459965365
0.04437387397662887
0.06534766512321855
0.03844457804284489
0.030464941309529838
0.03532692782764041
0.04600763633402906
0.09138319406446051
0.052877839398841484
0.011523814375731961
0.013228642432987438
0.0028739195379243743
0.0
0.020851191730512184
0.00526057965222644
0.008700274591489828
0.008148567302168046
0.007646993243551464
0.024548979129176075
0.006460943765386088
0.021132388561891584
0.0066975076117722345
0.0
0.03415510001409643
0.013882273454313664
0.019622929963941015
0.002386660313110918
0.0
0.05358252930488992
0.030970611624931355
0.034942628002313895
0.02659198661110084
0.03916097650023898
0.023038730067228157
0.01825676324401317
0.02117041194777621
0.02757105340965416
0.054763320288907937
0.05675355276809611
0.013151416327105444
0.026453504316836643
0.024553028467882824
0.0
0.13544424052339446
0.019484897772918768
0.06696191974310246
0.005761907187865981
0.06138738313917182
0.02751678548704481
0.007242028383359314
0.023687152114417333
0.007507191206658202
0.0
0.03828422173610753
0.015560546884853957
0.021995210130890328
0.002675191482331937
0.0
0.04763861445288459
0.03244895938350659
0.016960578139213405
0.02739718983494452
0.03573198616308319
0.08124437764499298
0.01723058246049532
0.02288803887207328
0.024238609564878427
0.003050187406633884
0.06361467533659484
0.01474133404976034
0.029651554952111706
0.02752132436354846
0.0
0.15181853763965597
0.02184049077695386
0.07505716517481525
0.006458482988253332
0.06880870461305881
0.023329447286175267
0.013375956743129169
0.011843576057208666
0.0021568082419943283
0.0
0.023927639476441224
0.0021568082419943283
0.004229849164886393
0.006169595354070481
0.0
0.0
0.004207971537026988
0.0008227215503057347
0.00047108899220951457
0.005208030512894782
0.03848634015817085
0.1334050400303472
0.11319724813450317
0.010289853367236966
0.005201748384007423
0.01772197882957224
0.0014989959742445474
0.008450038166250291
0.005375110780037138
0.011091900808408875
0.019694128420777383
0.022577994452267526
0.09112873807081244
0.059905110265909466
0.04004304485270196
0.011658405617457849
0.002125239870307328
0.00692078572511402
0.005363961735746215
0.0016500400329635555
0.008952638614881957
0.04747681846738637
0.00320942007117454
0.00742124263389046
0.011073487964298067
0.002264349736349661
0.0019810637409106296
0.00033724838695254884
0.006050728925407213
0.016521963185302795
0.024613347703691255
0.09544109321781917
0.14834400845058054
0.009050142679989498
0.0007668772827432803
0.01810329881572367
0.0015312495464690084
0.008631855810178229
0.005490765876339701
0.011330562839513308
0.02011788272321137
0.023063800276473756
0.09308953542156732
0.06119407556920161
0.040904642389609856
0.0021240067149637383
0.00028973600039141923
0.0003445048875656602
0.00048122531218331284
0.0011091695190537333
0.0028812994364880427
0.018735723724163517
0.07554693373066936
0.044749039680284076
0.008361760945895105
0.0023130712599678947
0.002023689861024744
0.0003445048875656602
0.006180921151243317
0.016877462694336244
0.025142947783669368
0.09749467858173841
0.15153589440146722
0.009244872642968771
0.0007833780154011678
0.009802678439141888
0.002080456237478572
0.002674126727180328
0.007827976010568572
0.003378332813890559
0.030950203189201907
0.0730760663494929
0.08455352253830589
0.02984373250545296
0.005790360887334317
0.002807117620909538
0.00038291923767505174
0.000455302581466431
0.0006359942480127861
0.001465894283467295
0.0038079665013772755
0.02476140015757444
0.09984390698344266
0.059140970186363134
0.011051022733445586
0.013293630354831661
0.0069592254447475455
0.003537958397071655
0.0007677129017764802
0.0005732774369539339
0.0018844764162888866
0.003038621072246317
0.010964107750576832
0.08401458438839153
0.06022220288071504
0.012955359879403668
0.0027495606876445124
0.003534164088808545
0.010345564936549334
0.004464852914239018
0.040904230731032554
0.09657837335034891
0.11174714343184286
0.039441903266863254
0.0076526236775758235
0.012393176688298466
0.006917313649178633
0.003590214530175081
0.004259512283240891
0.0039954381761418386
0.006139361571860132
0.05544928731312509
0.10648091735467487
0.052452615757021315
0.028340023028325216
0.025362311849840315
0.013277189244161587
0.006749909677282338
0.0014646844771732395
0.001093729910070676
0.0035953067196739775
0.005797246739284947
0.020917921779306323
0.1602875988212397
0.11489519784863822
0.01114862680806444
0.0032240992630468163
0.007124322827019873
0.001768030515676244
0.0016780277201064629
0.007296757500113672
0.002799570525210394
0.006431425340311051
0.0036626311265894255
0.003923131999213316
0.02364437731372268
0.013197227638412622
0.006849606773444949
0.008126529471049733
0.007622714510279439
0.011713008304601247
0.10578916963609833
0.20315009218116142
0.10007195646792666
0.05406863909186392
0.011043201592342266
0.005416163047155174
0.008270803045907943
0.004637380962634455
0.002891709236621026
0.010746963043239828
0.005537300565985995
0.007302390204920549
0.004812645734324875
0.0026102648257825315
0.037488906306479865
0.010841510553364487
0.023956589054184442
0.005945264066175285
0.005642616356414645
0.02453642614218579
0.009413969892872968
0.02162661878910816
0.012316138794832112
0.013192111502025886
0.08972725454715175
0.028492742763790557
0.015563538904844808
0.020686093454699322
0.04328020769360094
0.032764062393503345
0.08282258416247339
0.049983343150130505
0.029442518257745565
0.053336517828510455
0.0371343984282818
0.01821264919088905
0.02781179833224882
0.015593879265014108
0.009723799935508743
0.0361382524990239
0.01861999201183298
0.02455536694506605
0.01618323297806296
0.008777401483927732
0.01186064049162996
0.011279146831111413
0.018754728389255505
0.024724403958195494
0.0
0.04856958052343097
0.017398758866951584
0.017759044696071348
0.013747104760581802
0.01209634962032434
0.08347842142666999
0.02650843603809911
0.014479654661742355
0.019245461546752357
0.040266064480793944
0.030482290157415756
0.07705460976438921
0.04650237661743885
0.027392066762623676
0.049622027723802996
0.023394744846500178
0.0026841988258516827
0.0012004100916502118
0.0060815434459701966
0.0
0.012732272665232473
0.008173281273247353
0.021650037981511612
0.004590686324952918
0.001749883370966072
0.011034635466643078
0.010493638496495112
0.01744860163305532
0.02300253388518492
0.0
0.04518707199851862
0.016187065260457146
0.016522259872496812
0.012789721588966829
0.011253929214998239
0.0858301187959391
0.022886555866406894
0.016232761313224094
0.03151318592356056
0.006002050932565159
0.04225613466188511
0.02150445517389769
0.035882413098189285
0.027103979762111142
0.04957999464072197
0.0366073877226192
0.004200152973980887
0.0018783653311678712
0.009516214873866842
0.0
0.019923074395743985
0.012789302832706417
0.033877323296269767
0.0071833668335826205
0.0027381644660211786
0.045224727530351685
0.005685130889304358
0.019782216187763015
0.0
0.0
0.029966363583764387
0.0
0.014590705540819291
0.0223714520938246
0.0027381644660211786
0.13430436868010764
0.035812189008006146
0.025400532944509755
0.049310878278347466
0.009391827398031684
0.06612111888274126
0.033649519731023037
0.056147712545157845
0.04241148610458384
0.07758127301695329
0.05222753579352688
0.013390409347206079
0.015026921659753199
0.0029699565728392697
0.0
0.03600733215245617
0.01999900957721941
0.02685209686642602
0.024150811689792075
0.010172242631058198
0.06444001057859515
0.008100654545715116
0.028187372042252124
0.0
0.0
0.042698605205389706
0.0
0.02079006929933516
0.03187673399728234
0.003901567942845403
0.05204481003032431
0.022079614581890773
0.02274985274543551
0.005108288235786553
0.0
0.03311942328288722
0.008463689818508565
0.020779574289244748
0.02377608086161829
0.005755931388523658
0.07441820311178463
0.019079785929203785
0.021411626859848692
0.004231844909254282
0.0
0.05130628732376624
0.02849627756966661
0.03826113501664913
0.034412115799424006
0.014494270248803632
0.13105796347419724
0.019544237009902307
0.03816174051694835
0.015734228265492072
0.0
0.03803816928165573
0.029268788147139516
0.014720494611812468
0.015287447944763053
0.01820215886480091
0.052604911894879466
0.02231723353541891
0.02299468474566088
0.005163263203778215
0.0
0.03347585172835428
0.00855477533588486
0.021003202318577302
0.024031957042444912
0.0058178762376082304
0.10089853819228307
0.005163263203778215
0.029129579685050328
0.005587234065183145
0.0
0.05547426792688382
0.0
0.02840520291146756
0.00427738766794243
0.022523050410196258
0.13246839824500203
0.01975457044342192
0.038572433956039764
0.015903558705620567
0.0
0.038447532857514816
0.029583776381411696
0.014878915335693415
0.015451970172688618
0.01839804896629545
0.0689362393326692
0.031707471315978106
0.03254182992317917
0.015922651032014287
0.00394355628862288
0.04598889916676892
0.0030245699042667196
0.01424005781807727
0.006049139808533439
0.006763143787887072
0.14595338668622154
0.00746884706602635
0.04213699111950486
0.008082136259179962
0.0
0.08024553599020111
0.0
0.04108915390366967
0.006187396046475376
0.03258040745454582
0.04150631456271211
0.004988437978237166
0.023479514454741803
0.013738736579224706
0.0
0.04288985700704194
0.0
0.027392766520258627
0.0
0.0
0.09971876477378445
0.045866004649185055
0.04707293456723523
0.02303269090694406
0.005704496876013979
0.06652460683394164
0.004375149815903987
0.02059875893538905
0.008750299631807974
0.009783132225432922
0.053958204808244016
0.003093698023237688
0.017609637387287
0.0
0.0
0.03873922555077072
0.008082136259179962
0.02934939358383747
0.0
0.0
0.032761929029249036
0.003937493673712901
0.018532943584890868
0.01084431411225484
0.0
0.03385399224535563
0.0
0.021621767244488922
0.0
0.0
0.08864764508761283
0.008322876338470021
0.02007735622834117
0.0069068212521932165
0.0188519518409906
0.05460321287901165
0.0034534106260966082
0.024710590904086973
0.014212253519501804
0.01006833488955911
0.04259050448341864
0.0024419300085557483
0.013899708909145067
0.0
0.0
0.030577799342430732
0.006379423885681469
0.023166179887939224
0.0
0.0
0.1546241406060066
0.03882120961529962
0.03477498039860482
0.040861410900460075
0.013290516807077948
0.08978902208030445
0.021546499619476137
0.05581835224185396
0.044109640236303496
0.01590069545736828
0.044530039019254064
0.004180799250089551
0.010085383039424082
0.003469477610546861
0.009469830250298598
0.027428627096364774
0.0017347388052734304
0.012412778433767742
0.007139187997035473
0.005057588896443607
0.055078446047899667
0.03183524898102494
0.03591815608864207
0.027334381539400845
0.04025427241551733
0.02368192519990181
0.018766455454593302
0.021761447386004426
0.028340781919169545
0.05629220234777533
0.07767176452007335
0.019500912598810753
0.01746838545472035
0.020525759257123417
0.0066761754519289755
0.04510338264242651
0.01082337232799979
0.02803902349423548
0.022157430114545948
0.00798733670195178
0.03751735999174353
0.017484688414007812
0.019797764768146976
0.01922874211583261
0.029257223380487328
0.07332404713031163
0.01697008579837633
0.03733938765439565
0.028354841831912444
0.0
0.033444614716577205
0.019330930935319797
0.021810144946170357
0.016597923955700325
0.024443112110721164
0.014380087327967007
0.011395326435478033
0.013213938949313145
0.017209028214573378
0.03418162918815211
0.035423872869560266
0.00820872134524647
0.016511487442963494
0.015325267169845107
0.0
0.08454025031384521
0.012161891334004098
0.04179563069423915
0.0035964104052338634
0.038316171412258175
0.022781210076547515
0.010617014629231572
0.012021555843174542
0.011676035140664008
0.01776550781382378
0.04452366908828095
0.010304538743529018
0.022673142099327675
0.01721756564433721
0.0
0.0327064109611817
0.03981354923308767
0.013475964581457806
0.034008271713175574
0.050391087184181046
0.07413491827743465
0.04034724183666378
0.036185626032962465
0.032267769732608774
0.015202148498131148
0.048968869019625307
0.01134748314658139
0.022824970857674157
0.02118517654730463
0.0
0.11686583394619136
0.016812223382766327
0.05777699046615381
0.004971566794043229
0.05296709329692424
0.0179583821250721
0.010296452356327113
0.009116866848737828
0.0016602530743705908
0.0
0.018418854411674266
0.0016602530743705908
0.0032560243156493727
0.004749188849884303
0.0
0.04521233351185595
0.055037022201962174
0.018628757700561067
0.047011985652685516
0.06965908434588712
0.1024818239461288
0.05577478239259673
0.05002189309243867
0.04460596940966731
0.021014981093768776
0.02030251397772739
0.0041460366429311515
0.005860842876166349
0.0031163912700672832
0.0033522820232029476
0.010590841321020493
0.0016602530743705908
0.013024095890285919
0.0020592905741887903
0.0056018760177829275
0.025607846402568184
0.004668118261895836
0.01520159991417858
0.011782014860810255
0.0036243353601410283
0.019664592403981593
0.1042834770798228
0.007049534809535822
0.016300860316635364
0.024323066827062867
0.0049736749734722065
0.004351433433999747
0.0007407706659015611
0.013290508327603619
0.03629071670697084
0.05406355278163394
0.20963765851097882
0.3258396308887456
0.019878761408288752
0.0016844563751240386
0.005678333047000372
0.0014005938187416295
0.0018873157364897675
0.001666180109355857
0.001997316904277461
0.00381773516755317
0.0012490577049629854
0.0031085684071643967
0.0031639783310043515
0.0009539954042349116
0.009287520501871017
0.009404091967980893
0.0010692712736444386
0.0014062576044899598
0.0012078279753858416
0.008728065452376213
0.00842994805688085
0.01763167214725527
0.008768666734375536
0.005886877656663722
0.0027770006788908107
0.0024295784635740827
0.0004136017437976898
0.007420619731971207
0.02026255142730735
0.03018583312713641
0.11704904785920293
0.18192923361774924
0.011099103624736446
0.0009404990318488389
0.011768787737574143
0.0024977303915664087
0.0032104725285994453
0.009398022046234595
0.004055920230414086
0.037157841505244066
0.08773282923675615
0.10151230251970016
0.035829447567226676
0.006951725350378259
0.005185592318852853
0.005250678807667064
0.000597016706694061
0.0007851695865115433
0.0006743784275248317
0.004873226299653298
0.0047067754933389815
0.009844464261146938
0.004895895611234236
0.0032868780803522396
0.006419482024182458
0.0
0.004487502264975047
0.005322445967244733
0.0014109308493872796
0.010464391391113133
0.029037943582582236
0.20639425036257036
0.01741416166737101
0.004326603283949405
0.010429113809683992
0.002213406775651648
0.0028450154875959348
0.008328218988364803
0.003594223519805558
0.03292806078430204
0.07774595662342208
0.08995687403562999
0.03175088163275305
0.006160391067406949
0.009976554209911812
0.005568463707384492
0.002890136305352912
0.0034289235335167663
0.00321634287633988
0.00494220933634743
0.04463688646533119
0.08571754208209427
0.04222455450390615
0.022813825959504992
0.0056887344833036705
0.0
0.003976677367815821
0.004716577100041288
0.001250320656126231
0.009273200536922226
0.02573247348620771
0.18289981727033397
0.01543185908174805
0.0038340939665007343
0.005528159868765289
0.0038265842078293783
0.002893420865197042
0.017636725046495147
0.005806360074588847
0.027007369913734428
0.06436456633454794
0.08411386077063344
0.03097780399074442
0.013673756033304578
0.012746641143494676
0.007114601605440631
0.003692610651433002
0.004380997373501798
0.004109391637285788
0.006314461640860119
0.05703075045402079
0.10951784811005574
0.05394861115178375
0.029148305767440295
0.0059533700509490535
0.0029198437252426837
0.0044587749973658605
0.0025000037087916263
0.0015589152313664296
0.005793668383691073
0.0029851487430514485
0.003936705382292755
0.0025944886309442485
0.0014071890573504836
0.007063107015547669
0.004889072386747056
0.0036968072011401005
0.022533732627925577
0.007418552203842857
0.034506227829441176
0.08223601176927733
0.10746888914530506
0.039579091395227
0.017470406873253422
0.006897470371218727
0.003953519479654571
0.00773600961565263
0.0061128742489001565
0.0067754500324931025
0.01500025328747966
0.06885078365770143
0.1334512536470834
0.07292756844813558
0.02932051818327974
0.013105878154888484
0.0064278074043534325
0.009815644136924533
0.005503562471976555
0.0034318298545596413
0.012754307435396255
0.006571571289174947
0.008666348745413147
0.00571156363209409
0.003097816559141629
0.004185987001309591
0.003980759896922409
0.00661912392555173
0.008726007137402974
0.0
0.017141707724268204
0.006140560327022478
0.006267716343471647
0.00485177860959922
0.004269176045737754
0.015184241108569323
0.008703363664597157
0.01703021961680787
0.013457014161158935
0.014915622884257648
0.03302188343673249
0.1515696107858396
0.2937824887329114
0.16054433338327248
0.06454682565667123
0.008519786094341498
0.0032565761308507545
0.005246352830748959
0.004841303748291716
0.0018356768604774682
0.020595860294692427
0.005917774119205368
0.013360312061030014
0.013688257604348044
0.012713189130480864
0.012864651465131181
0.012233933986000645
0.020342328411457992
0.026817340920986272
0.0
0.05268102727525596
0.01887157518239834
0.019262359442550437
0.01491080616804249
0.013120313525703952
0.10006443501087127
0.026682128770688603
0.018924849601291118
0.03673942421460127
0.006997448493593622
0.04926401477711672
0.025070816484696393
0.04183325671532076
0.03159898249575836
0.05780248496872172
0.02618356880393677
0.010008324650782142
0.016123437700493244
0.014878614133087657
0.00564152325491235
0.06329655687723337
0.01818689390796802
0.04105979260727949
0.04206765649051889
0.039071011716654495
0.02586790076661456
0.010680658345866841
0.02421030220032382
0.012847942750547644
0.0
0.02583921091126752
0.012432264260442387
0.012270397942776014
0.007126147327121768
0.006125122647680659
0.12480620114127322
0.03327950764794829
0.02360417650537353
0.04582355327188856
0.008727625994912823
0.0614449533106493
0.03126978496031107
0.05217687834283592
0.03941209446489885
0.07209463147109106
0.04853394123675604
0.012443423388050339
0.013964199568729992
0.002759917648647014
0.0
0.033460850032987
0.01858465540957781
0.024953084069502005
0.022442837050673268
0.009452849317906986
0.032263954978907765
0.01332154020247707
0.030196501342123705
0.016024703752159333
0.0
0.03222817131754229
0.015506245288465002
0.015304356173731364
0.00888814668842612
0.007639610308081469
0.06438519465213526
0.001951556535526225
0.01134591370142619
0.001379958824323507
0.0
0.030239680465164273
0.0
0.01570972439987064
0.021834441239077428
0.0025445181602252874
0.06510711251058694
0.016692552590991932
0.018732637186964236
0.00370236301218273
0.0
0.044886923919290035
0.024930867345376657
0.03347396091477589
0.03010652503548088
0.012680769548146653
0.11466019356185887
0.017098892270025565
0.033387002501318486
0.013765585933455941
0.0
0.03327889230807472
0.025606722592883734
0.012878689068360382
0.013374706076204805
0.01592473286900021
0.08637118695520131
0.002617966060276414
0.015220269796155109
0.001851181506091365
0.0
0.0405658025736144
0.0
0.021074216681131307
0.0292903767164455
0.0034134097895506584
0.08767631566993243
0.016690251875413866
0.019903426317233942
0.022312998433278136
0.00763261652847687
0.036658328917205364
0.021931087049084672
0.029874632643254052
0.01818328922193188
0.00844268614723829
0.11960839759634606
0.017836801435250866
0.03482783122613073
0.014359645002580563
0.0
0.03471505549659438
0.026711790394602936
0.013434473767717153
0.013951896577201583
0.016611970741034727
0.062243925586303823
0.028629317529166514
0.029382676800888546
0.014376883850461217
0.0035607167804716216
0.04152430775514945
0.0027309453761069032
0.012857636386222435
0.0054618907522138065
0.006106579394783127
0.09146002024472784
0.01741052600980188
0.020762366210353194
0.023275924322719337
0.007962004982539852
0.03824033297119131
0.02287753140824603
0.03116388371794739
0.01896799594789489
0.008807033462186224
0.09273268887049932
0.033275346604303
0.028090262513585203
0.01158641934453645
0.0
0.027635221787548264
0.0019310699443754636
0.00977052625953381
0.015117239348083965
0.0
0.07650395873145714
0.03518827108236056
0.03611422435556583
0.01767061634404141
0.004376474122762412
0.05103749316786823
0.00335660275896093
0.015803310511188065
0.00671320551792186
0.007505591808490511
0.04139658451684558
0.002373476511008574
0.01351006478077738
0.0
0.0
0.029720625998005904
0.006200592438514332
0.022516773052943834
0.0
0.0
0.11397767309147343
0.04089870167107014
0.03452571899751757
0.014240858670630161
0.0
0.03396642880818667
0.002373476511008574
0.012008945944573739
0.01858058668899024
0.0
0.10964475422760557
0.010463040903021744
0.020299141361942073
0.018574074891302784
0.03355853751966785
0.08173171912198854
0.025293789834384402
0.020299141361942073
0.02333740665828059
0.016237076586777352
0.03479009980425409
0.0019946931773426697
0.011353992305667599
0.0
0.0
0.02497750857428283
0.005211039323633907
0.01892331918018214
0.0
0.0
0.12630489704399472
0.03171114720099069
0.028405980474578582
0.03337768783469305
0.010856373076030872
0.07334426012061712
0.0176002815952963
0.045595281599896086
0.036031007492484245
0.012988500338949008
0.09214653786326372
0.008793243247495261
0.01705959953375497
0.015609836579081953
0.028202927444870608
0.06868814658538198
0.021257151599257465
0.01705959953375497
0.019612987793320328
0.013645800047910474
0.04469102061750912
0.0
0.01705959953375497
0.012794386608677953
0.0
0.06601198751600341
0.019173892063506538
0.021509976255555268
0.003216345980133255
0.0
0.10590053913297223
0.026588261134009823
0.023817038905551938
0.027985574743589113
0.009102543042174284
0.06149560999504893
0.014756983723162986
0.03822943540872204
0.030210254774438013
0.010890228491650484
0.05115254783409279
0.0238392669595774
0.02699300029462686
0.02621717389192692
0.03989037391736704
0.09997270141203861
0.023137638835492132
0.0509098938066949
0.038660033740493246
0.0
0.03747125636901043
0.0
0.014303648000187736
0.010727473529887944
0.0
0.05534785452339809
0.016076379889652926
0.018035073346422077
0.002696750334356687
0.0
0.03290953451957542
0.013468820959501441
0.00423100988809585
0.01239992840848105
0.0
0.0403889760068808
0.0
0.01219344623694941
0.0
0.0
0.0317297081605901
0.014787396042189815
0.016743643435027402
0.01626240161261044
0.024743829514026382
0.06201264207050142
0.0143521790968542
0.03157919089802287
0.023980654727951786
0.0
0.045553544842069846
0.05545237912114483
0.01876934640062394
0.04736677871277703
0.07018479197884771
0.10325524032956399
0.056195707087571344
0.0503994015145026
0.04494260459249329
0.02117357829715233
0.020413644485388387
0.008354652434876106
0.0026244774631612104
0.007691622925399726
0.0
0.025053110272432472
0.0
0.007563542911393126
0.0
0.0
0.04523461859015219
0.014591433240525958
0.013158726256330359
0.020885023735383042
0.005290481638012926
0.02674224137427153
0.011031072940772744
0.020682638439831393
0.011629173041912494
0.009568057869166953
0.05081472374745925
0.061856817860155754
0.020937100626848552
0.05283737595924562
0.07829074176428003
0.11518064139716908
0.06268599603714893
0.05622024968365473
0.050133223326008725
0.023619007821348435
0.02281825685654149
0.0046597839636422144
0.006587076767483402
0.0035025522722895203
0.003767672926856612
0.01190318291887565
0.0018659798062156765
0.01463794905767807
0.002314463189910558
0.006296020581121107
0.05045896330240073
0.01627666193196153
0.01467848532758628
0.023297126826286246
0.005901502591261729
0.029830820247527808
0.012305099988744812
0.023071367164339867
0.01297227729663844
0.010673114882870895
0.03274933605468309
0.0034716946884684216
0.03844488402576938
0.004628926379821116
0.003767672926856612
0.0535954884193112
0.0
0.01063278066194518
0.002314463189910558
0.0
0.04988591018939491
0.01230464942356207
0.01658065184804474
0.014637907041854607
0.01754704609289874
0.03353998297018866
0.010973357845586604
0.0273097338767955
0.027796527177118276
0.00838114437156845
0.08159373707099699
0.08261785341656346
0.009393878499836235
0.012354407531238131
0.010611141932959756
0.07667875161257193
0.07405969818712443
0.15489968727555942
0.07703544641906314
0.05171803901699934
0.01931089827620019
0.0
0.00287470880920875
0.0
0.0
0.03353998297018866
0.0
0.004312063024500749
0.0
0.0
0.024392713372910928
0.0
0.010061480264293496
0.005937206408482344
0.0
0.0325236178305479
0.0
0.012936188694877494
0.0
0.004190572185784225
0.013722052009598628
0.013894283093284809
0.0015798184269270666
0.0020777063139529412
0.0017845320818999904
0.012895472807468873
0.012455012686263289
0.026050302895383945
0.01295546006705434
0.008697697233896833
0.016987156103702716
0.0
0.011874774507302833
0.014084192487574369
0.0037335882396405573
0.027690746608753057
0.07683985697127281
0.546157982312006
0.04608114510553842
0.011449005559385671
0.004102252128335146
0.0
0.0016920925604872348
0.0009984915270889862
0.0
0.005469669504446862
0.0
0.0021755475413833963
0.0
0.0007047507755806472
0.020896773788112156
0.0032898969772363435
0.005818639885536371
0.004612331549699158
0.0007047507755806472
0.0036269970023773954
0.001302675733964037
0.013813576389096936
0.06504998460862954
0.00473061281436209
0.007809120187970129
0.0
0.0054589208909641305
0.006474606532991159
0.0017163578834358123
0.01272963920754485
0.0353238455367058
0.2510728281683399
0.021183840210310615
0.005263191784438409
0.007588693928360455
0.005252882882129927
0.003971897679004062
0.0242105350521264
0.007970588855952952
0.03707393942120507
0.08835543930346415
0.11546597053526056
0.042524289933570186
0.01877043208791946
0.00960640009757854
0.0015123897575579637
0.002674871409862772
0.0021203226248398513
0.0003239790978240811
0.0016673571102816152
0.0005988495843786351
0.0063502023287259615
0.029903954784030583
0.0021746973892853615
0.026604180581186555
0.0028613798306314528
0.0031175521422555858
0.0022536053835124767
0.006437514904840573
0.002714034560202736
0.009218743031732387
0.05003170366334241
0.12621872469104245
0.015392438368718175
0.005703357331489759
0.0039478556363025516
0.0029851186464136662
0.018195665010654543
0.005990374208926796
0.027863282694130243
0.06640439676255115
0.08677958233744945
0.03195954706417087
0.01410710228591276
0.005569608123426318
0.0031924101192068784
0.006246716503202601
0.004936058038933215
0.005471078454835747
0.012112488791834743
0.05559601757251848
0.10775996798705957
0.058887962657343966
0.023675896737169955
0.01999463277849841
0.0021504980684778595
0.002343026881132429
0.0016937192233179976
0.004838177448675874
0.002039759285718502
0.00692843671829449
0.03760181746543267
0.09486092015750505
0.011568337983911796
0.02826147887576592
0.004098151765931501
0.011863141337384284
0.008349662015884088
0.008233436162844063
0.01195666775248867
0.026585826135382493
0.09145826849744053
0.03992817616280555
0.037861319264653734
0.0066580239224821435
0.0038162726125474163
0.007467453184067294
0.0059006651415468145
0.00654023953334514
0.014479517831358863
0.06646062106876748
0.12881847857949105
0.07039587982316296
0.028302653143453226
0.0037357770615578097
0.0014279516262654763
0.002300433877673038
0.002122826945492687
0.0008049121693746253
0.009030924203961264
0.0025948403592774226
0.005858262963432739
0.006002061343415694
0.005574510886422355
0.033784352196724626
0.004899014776419996
0.014181442763966174
0.009981357433850738
0.009842418662432233
0.014293246161144127
0.03178124250139074
0.1093310922546829
0.04773096170893603
0.045260198530039986
0.042118140326249165
0.005809156469511463
0.000698859438738979
0.008708588543323114
0.005675816199430734
0.005913024764229605
0.02162852758608259
0.09453528118878213
0.0911220880491018
0.024412813572402322
0.009704807794626331
0.0037095350832182126
0.005976070910868058
0.0055146833303455775
0.0020910021574143587
0.02346054974991891
0.006740880552980726
0.015218605161300794
0.015592164829321048
0.014481473548965375
0.009587807027769126
0.003958732178293613
0.008973426474569628
0.004762025218337717
0.0
0.009577173277500645
0.00460795608127549
0.004547961146546047
0.0026412705862887895
0.0022702458346822493
0.10941457420987039
0.015091036230628244
0.0018154981993475877
0.022623185640578105
0.014744644657712105
0.01536086545747585
0.05618662453486367
0.2455839089513312
0.2367171101995015
0.06341964724935
0.022098918141218855
0.0028814894424836215
0.007919601381851913
0.004762025218337717
0.003741196396915933
0.01029607513518686
0.0020613309826539895
0.007952398434296442
0.0027977789928539075
0.0011155362063042212
0.050788624362565135
0.020970234483550662
0.04753412173837385
0.025225446164980996
0.0
0.05073229515752513
0.024409309638092767
0.024091503888059924
0.013991364162668852
0.012025968250550335
0.1013525920128418
0.003072062054076975
0.017860282454786745
0.002172275854283573
0.0
0.047602092582675046
0.0
0.024729618297138614
0.03437090198591474
0.004005478469948645
0.11706260347571809
0.015263853817159022
0.04195178923805663
0.025225446164980996
0.01981790183294466
0.05454046904940945
0.010919302470493122
0.042125522102305996
0.014820422011621922
0.005909229209633852
0.0670315165903902
0.0
0.016486412680627404
0.0
0.0
0.036915907351784745
0.0035026894316514913
0.016486412680627404
0.0070053788633029825
0.0
0.0969966643525093
0.002940031093547458
0.01709268394722909
0.002078915869189681
0.0
0.0455562517447386
0.0
0.023666789747511366
0.03289371073014445
0.003833331175897152
0.09846235142180078
0.018743504821324752
0.022351967479143014
0.025057967778691168
0.00857158931864722
0.04116807642750504
0.0246290732404671
0.03354984245678156
0.020420217246743706
0.009481314583322825
0.06415063874176918
0.0
0.015777860293470867
0.0
0.0
0.03532933695682596
0.0033521509848503292
0.015777860293470867
0.0067043019697006585
0.0
0.04880995069100934
0.011233842469503031
0.02366679251829111
0.0305221892636337
0.02864147263796006
0.06891369224610609
0.057117690430393483
0.010518573990777203
0.04341684403899137
0.00857158931864722
0.08332249474302823
0.01586144916700582
0.01891506414262689
0.021204981989173585
0.0072535968888535595
0.034837953615557055
0.02084203551886843
0.028391121391761306
0.017280345427710068
0.008023440158783327
0.08448192948398627
0.030314719864380345
0.025590971271990354
0.010555534126741128
0.0
0.02517641714876117
0.0017592557366388675
0.008901207551870773
0.013772204431394002
0.0
0.04130479113216279
0.009506494275150172
0.020027717870985468
0.02582900893327375
0.024237476749723635
0.05831732308829949
0.04833510871817989
0.008901207551870773
0.03674094419805572
0.0072535968888535595
0.0639985026726829
0.011309683488314067
0.009488345427556114
0.011624600373771617
0.004011720079391663
0.08796874979025061
0.01407404589311094
0.029501598032171682
0.015625281433173897
0.015458293980836615
0.09815929179477981
0.035222578970675184
0.029734070134788793
0.012264442357379375
0.0
0.029252400985003382
0.002044073782987025
0.010342285441948854
0.01600188160587423
0.0
0.09442771669287217
0.009010928695097743
0.01748192682027492
0.015996273547453886
0.028901118852948143
0.070388589699893
0.021783393445456396
0.01748192682027492
0.02009852673571534
0.013983615346283972
0.07435966172467276
0.0131406861611329
0.01102447911833842
0.013506587113437619
0.004661205115427991
0.10221061749211066
0.0163525902638962
0.0342778152362294
0.018154966025784255
0.017960943822927854
0.021025164059328118
0.0
0.014220644015122163
0.009869660427184542
0.0
0.06216135413638884
0.012760417028061175
0.028441282581559924
0.003295969811138861
0.0
0.09976072853144398
0.009519840602432997
0.018469256875038486
0.016899698084119022
0.030533372754544152
0.07436393926162013
0.023013658236320025
0.018469256875038486
0.021233634993898107
0.014773370608823281
0.048383898939668546
0.0
0.018469256875038486
0.01385160374759473
0.0
0.07146664561806075
0.020758256201411394
0.023287374129372974
0.00348211691537892
0.0
0.022212606187162344
0.0
0.015023785990178375
0.01042707108736237
0.0
0.06567205257453121
0.01348108949012125
0.030047566223945978
0.00348211691537892
0.0
0.12929674555582438
0.00348211691537892
0.025315805204893637
0.018157909885673562
0.009848913739215521
0.023178370735015472
0.018694626113129456
0.04715102541922475
0.002159517320810141
0.03563180562688041
0.056384005413477725
0.0
0.021523083142257707
0.016141917410657517
0.0
0.08328340257234003
0.024190560407175727
0.02713785903474859
0.004057872625186836
0.0
0.049519860082443676
0.020266896482332895
0.006366514164498892
0.018658505165275188
0.0
0.060774376481813434
0.0
0.018347805898541895
0.0
0.0
0.15067550489172288
0.004057872625186836
0.029501684010607532
0.021160256029963354
0.011477396773692238
0.02701083231486385
0.021785716386354004
0.05494728061919201
0.0025165858679327847
0.041523398597189905
0.10248613834373736
0.011093912558232215
0.009549770827485031
0.010066343471731139
0.0103790535252877
0.0553971065448675
0.0
0.009549770827485031
0.011093912558232215
0.00907367889411474
0.05629126855153454
0.023038217609940664
0.007237079385408284
0.02120989282441587
0.0
0.06908474179640703
0.0
0.02085670814591858
0.0
0.0
0.12473588754360282
0.04023633740080819
0.03628560270173277
0.057591111701544476
0.01458866998813034
0.07374257408796234
0.030418531574068916
0.05703302786546444
0.03206781146811509
0.026384221367988278
0.11650022287446561
0.01261090823081894
0.010855618601518522
0.011442828044259723
0.011798298467120587
0.06297217714879344
0.0
0.010855618601518522
0.01261090823081894
0.010314425253396207
0.0
0.0
0.007237079385408284
0.0
0.0
0.03838041210911502
0.0
0.003618539692704142
0.0
0.0
0.08697419847548057
0.028055463940167148
0.02530074763030612
0.04015637262213547
0.010172195861414771
0.05141825180485678
0.021209833469384935
0.039767239267805385
0.022359821653789753
0.018396842729629624
0.05644878664847045
0.005984028270092465
0.06626598635380627
0.007978704581665372
0.006494194717542502
0.09238050768573187
0.0
0.018327320165023545
0.003989352290832686
0.0
0.0
0.0
0.005046175493233907
0.0
0.0
0.026761388771792207
0.0
0.0025230877466169534
0.0
0.0
0.08346004298946447
0.04284046042930483
0.024038383109731314
0.018373166083980062
0.01368610211258588
0.09009667110085874
0.006798492518389174
0.021503470665127773
0.03851903660343709
0.024672782161084962
