0
0.09923413252713828
0.0
0.023234441709209363
0.47122714795828585
0.33877016115155095
0.06753303802195987
0.4537732738867318
0.0
0.0
0.0
0.2285661342755886
0.31765979409327927
0.21259858735576626
0.032873251907165814
0.16843528557126428
0.30247224733061545
0.28362001697277756
0.0
0.3392863307024364
0.04822583866833678
0.051841215963261716
0.16181889691379275
0.16675080219295574
0.23207611179527074
0.13900717185668596
0.1131399050717675
0.40539313958485523
0.21699121095860308
0.12546800282657763
0.0
0.2947914481491163
0.09551214043456219
0.0
0.10202330620790336
0.4675893132127661
0.04008347205393965
0.3022328515551259
0.3266862333374146
0.10285466145358539
0.16021040427850655
0.06467695172015685
0.04333838633900843
0.11425525964352297
0.02456813461293774
0.5515036649289381
0.30967243074648
0.0
0.0
0.16610667540573024
0.04681055142578666
0.17127114336502114
0.20388713934270597
0.19008168374642906
0.22184233860881267
0.1102510234422351
0.41741644856943133
0.3786150618938731
0.030678479919456318
0.014898786981654638
0.048139454254011546
0.12954317834068366
0.08448826143690816
0.40861806989417904
0.3773500697334839
0.0
0.0
0.16976212759077652
0.0
0.5868289506067391
0.1770571727276468
0.06635129757981623
0.0
0.1598438822663437
0.01770843183690655
0.5074072797402837
0.28128938761085176
0.0
0.033750609259366605
0.1768855858487121
0.01924654591006889
0.4819664833512281
0.3219010958612503
0.0
0.0
0.04957937640425137
0.019023940227989134
0.9011341820275728
0.007070192017743843
0.023191955812847283
0.0
0.10983059105610476
0.038378960261330905
0.8517902233810887
0.0
0.0
0.0
0.07367805621757853
0.0
0.25482930076074944
0.4227118009923131
0.22029804170020903
0.02848249333726106
0.11202604410770786
0.0
0.42500430821148866
0.39407614768714466
0.0526834249432401
0.01620977710881118
0.07022467141180298
0.0
0.17227175446885248
0.7575032298807528
0.0
0.0
0.20167894453502064
0.02758793157901921
0.12882048412166733
0.16178903820220572
0.38289295661269906
0.09722994824889614
0.19952783083642103
0.021474978754116407
0.045708860155181504
0.6894015214903638
0.04388640970825556
0.0
0.08695893054498634
0.04629778501585128
0.08287305475241005
0.7463283184688677
0.014212611689733971
0.023329043766597297
0.04656190049197324
0.0
0.1599385671871388
0.7586921688556614
0.034807131644235684
0.0
0.05543064288313139
0.0
0.6300192280729688
0.314549890118708
0.0
0.0
0.06486158757095115
0.12371678024682824
0.6396949433595697
0.15536103895140813
0.016365465605367953
0.0
0.12507832223931137
0.0
0.2139064807659709
0.5317015957406066
0.09942124778716509
0.029892012727355696
0.19573567710001782
0.02847386395776385
0.0
0.7372502367120521
0.03853977201884371
0.0
0.198500058092214
0.0
0.6091453169080995
0.16566287262089227
0.021139744394826146
0.005551569093923069
0.11613596113348724
0.08351065641209275
0.6392005375982213
0.16115240494727257
0.0
0.0
0.03004007981440823
0.09815252912191219
0.2896546645338703
0.2856865555875891
0.2964653364955918
0.0
0.25543137103214375
0.05301632925522729
0.16330820633747578
0.42749729220050436
0.0
0.1007463473634976
0.04335728153360336
0.0
0.17601178198157771
0.3861126933861099
0.3945177488682776
0.0
0.0
0.3355126869490086
0.49538624757402294
0.1691005389089021
0.0
0.0
0.008692558421128331
0.10781441576274549
0.7163031382106892
0.11068909785660332
0.00978570062423672
0.04671487288911254
0.04277105730213185
0.0351575917131202
0.7361333672888364
0.16188624108506464
0.0
0.024051494009127462
0.0
0.0
0.49871505059983795
0.4467038739929861
0.03421911094127376
0.0203615902124577
0.011914415019885986
0.05427672108977112
0.47941856722744214
0.330370841935999
0.12401903348873847
0.0
0.06293521038149417
0.3911793117633611
0.05421448988575503
0.09718006389676102
0.03304631865588011
0.36144410204782923
0.06361726238245766
0.27737741902956536
0.3823524321964561
0.08619991321740864
0.06829577967749308
0.12215679864608704
0.0
0.10853513765136438
0.4303594952059569
0.4109788620906506
0.0501260705998216
0.0
0.0
0.04788623877175536
0.6443903197777825
0.300377834237153
0.007345174394723935
0.0
0.0
0.40382433331670087
0.4528912573718279
0.11240841815230672
0.0
0.030875624008255217
0.019279805175826694
0.028440162982847784
0.13458977799306543
0.6090527914673151
0.1075366876936203
0.10110046984683656
0.0
0.08353315523082656
0.42190778503089515
0.4032530954524862
0.0913055638907411
0.0
0.13979117532573937
0.28207777148084345
0.29587839200696475
0.08292689601276583
0.14542789853281235
0.05389742534557851
0.0
0.0
0.021780420570964857
0.4713402709207098
0.5068785384542067
0.0
0.006675964372745935
0.05328239173956206
0.5981435062165129
0.2393060494724116
0.0
0.10259156041747643
0.058105254308088564
0.0
0.06562220567009666
0.14714458128860022
0.3668731582008741
0.3622541695495705
0.0
0.0
0.0
0.31791308218938685
0.5814670345608174
0.10061954092007323
0.0
0.05122808970547889
0.6411699300688555
0.11148129878655841
0.12321057780206232
0.07290988285913737
0.0
0.0
0.7415835455787787
0.25841629521916637
0.0
0.0
0.0
0.0
0.9451938759430188
0.034679352768956874
0.020126600922562885
0.0
0.014765513356156069
0.04621239877755532
0.6214417366908832
0.28354858542365213
0.03403153583648414
0.0
0.007204833759867984
0.18593841677598597
0.5944043597535805
0.175589900356742
0.03686205249659348
0.0
0.0017610633927138744
0.0906805096380409
0.3517907378164646
0.5557672488869226
0.0
0.0
0.006195945537796877
0.019728895273957214
0.07914383752949404
0.6582308405964005
0.23670022289794818
0.0
0.14717908021458787
0.024288715428242097
0.2820783992668629
0.38523731266947936
0.10652078279071302
0.054695436152933874
0.028263563962255794
0.05318939668253527
0.1525415610224319
0.7108930713494415
0.05511207202797011
0.0
0.0
0.0
0.43271794593310153
0.46217453116766805
0.08259988591753645
0.022507007891722764
0.017030582498831638
0.0
0.10143883870838928
0.7383035135408891
0.09067239383431612
0.05255435229353537
0.08736078294688636
0.4991683810878816
0.12782923384483158
0.2601420413287674
0.0
0.02549919150950412
0.047176904746492145
0.0
0.31735641591583924
0.5451144794548577
0.0669690092236917
0.023382919860894375
0.1359851265787362
0.2279860935161438
0.525558670365571
0.0
0.07962327927944446
0.030846443225440386
0.049714165057069194
0.12112968770349043
0.3086400818750805
0.16997369306715712
0.15336694285539063
0.1971749507122784
0.09067246054513146
0.08998197918361425
0.8175929159070251
0.0
0.0017523345923005835
0.0
0.0
0.00861390889310148
0.8816111880692002
0.1097746876899791
0.0
0.0
0.02304358385015605
0.0
0.9227140602632465
0.0
0.01810035612550495
0.036141759931850856
0.04055950607119793
0.5257064453876132
0.43373360893875734
0.0
0.0
0.0
0.0
0.0
0.5981602892483503
0.2588942225153663
0.09360938019562719
0.04933567758389509
0.033935434547552094
0.3592642472572532
0.3860342134539958
0.13270506558493525
0.06632814656658514
0.021732256697575555
0.2076574898416146
0.2233059004182184
0.0
0.2823853377436532
0.14658315306742373
0.14006750469535856
0.02915870644952835
0.06605638307882691
0.16098834742893575
0.49384239801534696
0.1431591829165035
0.10679453430956033
0.0255659611229683
0.0
0.36642379754613835
0.5268310535678252
0.08117876540150613
0.0
0.00913116270547881
0.0
0.29479269636391464
0.5837332222925613
0.07831283103740225
0.03402983395724445
0.0
0.024019018228087143
0.016496330099534544
0.3895886180670935
0.4659684996620538
0.10392727311334843
0.0
0.010665808293973195
0.06487169490770614
0.3989366210444946
0.4754833213227105
0.050042335986841956
0.028452213057189635
0.0
0.29204795493194957
0.4242317101377404
0.21651691897085926
0.038750807732651035
0.0
0.00394766103178917
0.1822018347805841
0.7412610702389263
0.05789974741591663
0.014689412811739883
0.008640805948820204
0.021591472589892784
0.634564903815959
0.3235548726908984
0.011647706400098547
0.0
0.020995600291768522
0.05212083306971182
0.5740401372779405
0.35284312060175455
0.0
0.0
0.0
0.09831443468284211
0.13151464659164205
0.6416628047984623
0.12850782789595253
0.0
0.0
0.09011039393417686
0.36456187667168083
0.4619231286122462
0.04907341539170516
0.03433076458912803
0.1018480411344846
0.10498373680044105
0.5121876120702346
0.23601073696329522
0.0
0.04496929092611924
0.0
0.587785446783024
0.24661035008832702
0.07165311680166059
0.09395055946584101
0.0
0.008751083729824966
0.07279417226836885
0.0
0.31001847899338936
0.540012037303981
0.06842349844744218
0.0
0.09992307681023897
0.2135054702238664
0.1831400194589393
0.19716683365484408
0.30626407402942507
0.07587519001333787
0.03383915268461582
0.23182699315819008
0.1894730982046085
0.37277217687373543
0.09621240600374252
0.07432342652627591
0.5790860107868432
0.15612778045266085
0.033097055894356055
0.050024559616602994
0.10734039847715332
0.028794911375278422
0.14090361668471016
0.46139973197736567
0.2896396301408016
0.07926147845166609
0.0
0.04332536211390599
0.6323953483921109
0.05843628396050939
0.23233789151174916
0.03350445995704038
0.0
0.0
0.5265321771283046
0.2859411572016449
0.1531174228449186
0.0
0.03440886003157474
0.15324107571547468
0.0477289823469008
0.24130602167285953
0.1658404345495098
0.2190103104221722
0.17287286853025718
0.0
0.08194626143458393
0.4279517680213008
0.47910522239028736
0.010996519851015761
0.0
0.0
0.08576246295204765
0.41419733639656153
0.4245132091192464
0.04789181183154558
0.02763490423165994
0.10829348674968102
0.00429921897583435
0.3935245180406917
0.17806757109656962
0.3158144451354754
0.0
0.1331776533182357
0.5800734656085461
0.17760792692670752
0.06195462921128325
0.04718599019691429
0.0
0.0
0.06795819041095122
0.6308191505268637
0.2061623673824179
0.004232655706960645
0.09082734249093741
0.0
0.1988078014155461
0.5332295146663018
0.23755176662053615
0.03041067319063778
0.0
0.024801096670724516
0.07807731932182735
0.3127295113091766
0.3901510597601771
0.11672528790379841
0.07751534908744025
0.05849853893212163
0.35932867211175074
0.19369718899230162
0.19075871153676183
0.132315005487611
0.06540125593350887
0.056912146599488844
0.13335496375633382
0.7403008097336736
0.06943177412561637
0.0
0.0
0.0
0.10683354622632613
0.0
0.28837773298006747
0.6047882445410411
0.0
0.35244845021599436
0.04414933509265687
0.0
0.22720677749649648
0.1986518800995907
0.17754311130154604
0.011458804141699372
0.1715475978474918
0.41311611570951556
0.3568086195820112
0.0
0.04706854243598169
0.1624962502168445
0.2641743529437954
0.0
0.10499231941111754
0.2174357466634973
0.2509008481572832
0.03544405526771636
0.06611756403396833
0.019459727879043556
0.19367082812249525
0.4375344782115796
0.24777305258391918
0.29289269643287996
0.0
0.09627865578031836
0.23099565306711906
0.11178158710309445
0.2680509429615861
0.03532604541325488
0.4977629720289414
0.29310427577922726
0.047554292836894795
0.12625207426815566
0.0
0.1495145948794729
0.23377211946890478
0.10294180421177959
0.07600985476823463
0.2433192116639532
0.19444193952084507
0.18958114895955658
0.40414858544526255
0.053747746450730965
0.06988099568558773
0.09723080163322621
0.1854104308164632
0.21524846381825957
0.02146045315189385
0.19507684598826835
0.3240195433291827
0.07442910276863945
0.1697653493112068
0.05516488269170423
0.500472406176894
0.2951743820859528
0.05924866322298833
0.0
0.08993941672894018
0.05245627211943081
0.17361332748235064
0.2619971952047512
0.30918364873982523
0.13989862116067847
0.06285063006330252
0.3869806496754374
0.07435424680333097
0.0
0.016951955897862036
0.1212164224272284
0.400496319270412
0.2465113489966799
0.03820027150828638
0.12718596851084882
0.0672021529558095
0.0
0.5208999838229231
0.2708272138312319
0.022581442150899342
0.26603467841572603
0.21723270302624284
0.12350166724136703
0.09982176426367893
0.18583971036108768
0.5139846312699708
0.14792923209220016
0.06805453481449973
0.024049945876617154
0.06014147608931629
0.2835631873727281
0.20793629166122188
0.08866138812593288
0.1304614899650706
0.06383173771342224
0.22554560118718472
0.3281973568577555
0.16148110823832015
0.24296035620513706
0.01861637976972901
0.14590192551036002
0.10284196067556677
0.49534538114251425
0.17568726284136493
0.059957239857673726
0.0
0.17236662932676594
0.09664310782063194
0.06827508509130265
0.08801835943550407
0.18595056894519763
0.26834748486064647
0.19393905466283626
0.19546870565103625
0.004169522369617653
0.0
0.4664504802702842
0.26247951844255885
0.2220055507565298
0.044894461994254654
0.19145306603609208
0.10873774491667854
0.05308931104124898
0.28702073356385976
0.27092845404819454
0.0887701991630209
0.06423747930269025
0.12997687312679693
0.6919851621363331
0.11380007196269949
0.0
0.0
0.012566738137013174
0.04400152995298143
0.6938181548857721
0.14291431375740132
0.07010392644321761
0.036594892522347135
0.0
0.041898414293806495
0.12419564460303945
0.49915177903770086
0.3347539400043026
0.0
0.2115456614960012
0.1289606449599094
0.030062428692639878
0.03381437757904701
0.31778202576149595
0.2778346116843168
0.1812675824566654
0.11562058743482252
0.28718570360403955
0.3516390268693475
0.06428662546928958
0.0
0.16603050625629265
0.0
0.2267060149760496
0.13007268560729834
0.40809377960836457
0.06909650515318888
0.09924903696069588
0.0
0.11402174310734113
0.5244477443947312
0.2548776874044563
0.007403620559690892
0.0
0.2614374052321278
0.0
0.17004319021069147
0.5223300388126153
0.046188728206084016
0.0
0.0
0.0
0.06375902790269466
0.538279319117127
0.3979610496514934
0.08097301175709784
0.0
0.0353010072421089
0.22117850160529623
0.42086253817384833
0.2416847050191916
0.26243275247042525
0.06791584566602513
0.05846748540331528
0.15895004447054972
0.16263973752158714
0.2895935934733998
0.0
0.21293729262142674
0.10138280678753009
0.3862992930562136
0.08411951938700478
0.21526071529933297
0.08944930180038549
0.0
0.0
0.03285452345509605
0.3510470585019654
0.5266489170327473
0.417855278398625
0.2362412138813959
0.18333134065429355
0.12116434503212276
0.019175123404414005
0.022232084848425097
0.12045886575744633
0.043259397355140145
0.0
0.11111858732510038
0.3863687533583623
0.33879383921089706
0.16644530311374395
0.7798915332544017
0.05366287310633037
0.0
0.0
0.0
0.21423970299162118
0.33473461009488703
0.0
0.14261034073744075
0.1624407252633971
0.14597425635614522
0.31657761916653926
0.5754336511939693
0.06732736845417293
0.02932576951317466
0.0
0.011335274841592366
0.09795213366948644
0.3377458557518732
0.24541436787011817
0.2698858332409946
0.0
0.0490010937989006
0.6182173785846931
0.26066615985838315
0.0
0.029561767072937742
0.0596070592145234
0.0319470038613992
0.3772666694519837
0.31654845771943607
0.24943431146435888
0.05675024300252385
0.0
0.0
0.11224154133702215
0.40620658452832625
0.2086247301879741
0.12447000541150544
0.1036571794453676
0.044799512521433105
0.0631518975632877
0.376961703069951
0.42006810932988653
0.0
0.0
0.13981781006831615
0.18089251433565162
0.13698037628972143
0.38253347625428796
0.06860240489027322
0.037521893792177644
0.19346875819995452
0.23883757995738053
0.29857378378676147
0.11171523453733949
0.05328210022559128
0.06566067452254187
0.23193025020903504
0.1800762205148663
0.0
0.3124596731990594
0.39156083925033
0.08733638184437574
0.028565904234180824
0.13069574867445874
0.050118937485350686
0.23640383278344723
0.13342307824583757
0.17535597587228566
0.2740021218805824
0.06915042558185018
0.2716843923760003
0.2790974065355849
0.2620244908151564
0.0
0.11804285050380275
0.024318898595051704
0.0421859255952123
0.25568226924112786
0.40279291528359634
0.19838149987202977
0.07663807964206944
0.18908388245837865
0.4867658940402172
0.03716190748416677
0.02557890950360442
0.0317404510201038
0.22966857933309928
0.02644485309051655
0.0
0.3415861681602135
0.45975530980318063
0.17221289516205585
0.0
0.06304731270361963
0.0
0.1484515491252304
0.31623027958031036
0.2823024490575751
0.18996756808893075
0.0873164838723501
0.23784452281104962
0.1243852552527736
0.07738525040158609
0.34104267685966655
0.1320251352082544
0.02155291855968832
0.007275220205129094
0.018707029785938366
0.41309123803621145
0.528640360307959
0.010733035827965821
0.28358831596991146
0.24080492716684695
0.19176114007509878
0.07659504426051038
0.16153335874397748
0.045716984139939285
0.14409005192741603
0.5311975324521153
0.32471153098803357
0.0
0.0
0.0
0.016104588735142766
0.01935530723568746
0.23348064258807047
0.3401906099532001
0.34758772740142146
0.0432797820373865
0.10133569923943939
0.0
0.0
0.0
0.2370562155419218
0.6616079445085848
0.3817355897896338
0.29992984281344276
0.16344263307001705
0.0
0.04667487541269658
0.10821603549989825
0.39392432821899803
0.027493216149462922
0.0
0.0
0.0
0.5785822103128004
0.10621883008802206
0.7082395957334071
0.08222409428636857
0.09706427388586858
0.006252772454569907
0.0
0.34599537901806965
0.34030410348949514
0.15508780163725208
0.0
0.07456537778576894
0.08404704202585246
0.16365705190655003
0.16275167902643908
0.21992182218306947
0.09870728310137178
0.19145349516832796
0.16350836136558128
0.2765427176219824
0.19360194004869472
0.007756359709040851
0.1479815489732184
0.18390018544476533
0.19021663500826175
0.23304624048927144
0.3888012969057185
0.1993314618594369
0.03025683189899629
0.038401448307069645
0.11016233652502411
0.06784691245602772
0.13567113215086188
0.4923930680112846
0.2850643985880231
0.0
0.019024139123196393
0.6003865203562639
0.07016739800947364
0.23252174718492713
0.028278833877881618
0.06864520600026072
0.0
0.005105102483702668
0.18532691175252525
0.2157795658209868
0.1345454269743517
0.14157131118198232
0.31767040551080183
0.2501392068966047
0.1057132712436473
0.13065084175448588
0.1978104439385215
0.14464163622402706
0.1710434280336877
0.22423010286881875
0.7054968804610191
0.028478830729731335
0.010194362399284377
0.0
0.031599640563002074
0.2816875462736377
0.2867466094724084
0.15953901205798912
0.14295337453782833
0.06198802298851349
0.0670849002900991
0.13590433344234204
0.41199885587631924
0.09068012878114544
0.2836523829708512
0.04749433936807138
0.03026942040954817
0.367553835516636
0.24620538195560196
0.1790537913175403
0.04012530580057849
0.02319428196469047
0.14386705504258834
0.21247267395613753
0.10661142186182912
0.11327998154928595
0.38791890734321344
0.0
0.1797161940649016
0.008772627041900526
0.07996189832444144
0.0
0.3510200467927403
0.3334218798366381
0.22682322106777622
0.0
0.4516269075785042
0.3383484205476993
0.21002438494171205
0.0
0.0
0.034073776941439746
0.1278338299205659
0.12626528042442084
0.2826594558269619
0.3513056318347166
0.07786175154112218
0.0
0.0
0.4385944295005728
0.5614052894250727
0.0
0.0
0.21364299452994376
0.036923350559403025
0.19400063482635346
0.3492725018046092
0.0
0.20616028879598305
0.03565716000067069
0.02521342013552811
0.22713022402757624
0.20272223572414808
0.25564966650351373
0.25362641949049397
0.08468820998588784
0.08822705332253236
0.08225999224670248
0.24044488610336587
0.09286787788098753
0.4115109218579149
0.10393702238413617
0.0
0.03284907350227184
0.03049959965648817
0.45243119698160555
0.38028259914885754
0.04710819688629101
0.14692103133630685
0.27867834242719997
0.37305500116849316
0.01842292983442023
0.1358138596471137
0.16183515651796251
0.0
0.2259774968905663
0.22426474888776254
0.1990300876052861
0.18889181266380425
0.30391426733039506
0.061409521454049425
0.3869802650671246
0.04603491231932292
0.08104668566233554
0.12061336533136319
0.019938403983983347
0.0
0.2857185301095211
0.6248739835719451
0.05343898052720163
0.016029551350290487
0.1290609416569757
0.4901979446944166
0.3466674263781445
0.016248968785677165
0.0
0.0178244568127559
0.287267597975641
0.28472815659694767
0.0670514475244848
0.04811638506699703
0.012057390513707945
0.3007788091756664
0.13000744170072293
0.4114594260836364
0.16446794944886606
0.09309148435421882
0.1520778272327855
0.04889527753862879
0.6126089613285179
0.3676256547539797
0.0
0.019765169281469652
0.0
0.0
0.27309398008381286
0.6610233723488957
0.0
0.015974776948721056
0.0
0.049907604372298395
0.13833448173037793
0.5702333375482095
0.03049684450054814
0.18513110895842444
0.0
0.07580400388878342
0.0761803249816539
0.1482883288678223
0.44781589638831526
0.09702624974299277
0.17962934175243198
0.05105937560986433
0.1914306057871628
0.38062912236064544
0.08957069588207268
0.11301599494506179
0.09929658448868316
0.12605646711585355
0.343150363392507
0.2691816379950616
0.20316903635541347
0.03162971657204819
0.0
0.1528689069679407
0.06316209601559218
0.43509114848109204
0.09125257164400753
0.0
0.35761430997104265
0.052879474931356515
0.1194153096816447
0.25451622040669913
0.13634935829108236
0.12504362482761328
0.17798719045160474
0.18668797747832938
0.015105000573310294
0.0727574961626245
0.1804764925004461
0.15278256170941712
0.4658145721734466
0.11306356219323649
0.08871716201226089
0.49627241541803857
0.35855800225141804
0.0
0.05645221669870919
0.0
0.0
0.631547505867348
0.14711596354383885
0.12450526108997428
0.023740236841597595
0.07309060544231542
0.16513799321897737
0.05960562279788428
0.11607709821578151
0.20608931744223088
0.35994721317363754
0.09314239020061676
0.0
0.04647138276280273
0.1122582148257992
0.11783553905030532
0.5387885680307901
0.18464582608993135
0.20286667900088717
0.3452391667374239
0.33154575589288765
0.12034794335116701
0.0
0.0
0.1605236955678254
0.6760904248168799
0.1271648187352165
0.03622078648019143
0.0
0.0
0.3130695670105617
0.3390336579187959
0.2066142443810762
0.04482860483606061
0.09645351387046307
0.0
0.5330918939965076
0.28761750091053817
0.09287119436915994
0.02256833103333304
0.02618937862761394
0.03766127213205799
0.17614462668053102
0.030903891342013608
0.03637133265383706
0.06248272560709971
0.46474265323426067
0.2293543214192267
0.06456484858804323
0.017737327261122444
0.31082824187604513
0.40905457337373424
0.09572407561651383
0.10208936551144122
0.0
0.27325850893818504
0.33059044065678955
0.27939555655259823
0.1002826495822422
0.01647154208052953
0.04096020131027896
0.3620569384742068
0.4857585084757612
0.11122383215662987
0.0
0.0
0.02327102679875577
0.0
0.29118775327501256
0.6855406626861952
0.0
0.0
0.027559398735445464
0.06494650537793795
0.16187201293275116
0.3727108204557625
0.35365205054620286
0.019258812112585184
0.3099059631070884
0.07676933783416759
0.1448228056847237
0.2953895894058888
0.030085644376347486
0.14302599992041362
0.0
0.15373307206623552
0.29630917191717326
0.27047645828585587
0.18175722569705965
0.09772359290203572
0.026136711212972067
0.009107303624198261
0.6864050481042685
0.26649561577655817
0.0
0.011855052955476009
0.07357926329172117
0.05178363686117251
0.5853184312629187
0.16269325939940907
0.07066788382168322
0.05595725191860604
0.23145496643462538
0.06514651927069069
0.15406608871673072
0.17592584204970757
0.08290379374663616
0.2905025482263569
0.00641980457053921
0.08756916832759687
0.028933667625121055
0.050370926462931905
0.34277944660831855
0.4839265851676978
0.2896464809128834
0.3975207847548702
0.21315345857388474
0.022904446853753358
0.01683652361953285
0.05993805725963919
0.22307864115263648
0.5108650942071494
0.05817976377510356
0.07573625887967833
0.08063245704502699
0.05150745334431873
0.10868356109320032
0.3035338908208468
0.3367034446095745
0.030308315778384075
0.0
0.2207704958398112
0.033833854515364345
0.11367553178001662
0.198088002705278
0.389941920331959
0.15166064546949373
0.11279960246165109
0.08211765907971902
0.0926869321391613
0.05664777583716679
0.4666464394619899
0.2635660727229252
0.038334810312477825
0.06761697193189158
0.04343309373005482
0.25508204667541945
0.49042273474111797
0.09933527555985627
0.04410966225143728
0.0
0.37645396732644354
0.5673662098624714
0.05617944787210471
0.0
0.0
0.04357386649834792
0.026849876548823794
0.5903802814847805
0.20911567981263088
0.06017822467016834
0.06990175278368618
0.64076570084257
0.1798970885008386
0.0
0.060473072441194854
0.0
0.11886393805201789
0.030376326943587106
0.04531064388543803
0.2949401849167105
0.4365313080413263
0.07234397976967853
0.12049635571358532
0.2750712819775497
0.21520584616565647
0.046831232645757365
0.04285478522797775
0.256951704123283
0.1630847604638909
0.23312766608032848
0.2367510202117158
0.16417353663953344
0.06747695646422408
0.041430595404332964
0.25703986081906355
0.047330768251773174
0.19660325625461006
0.3023367912793653
0.31770093379285536
0.11496851873814744
0.02105942410707076
0.0
0.13087980854269732
0.1721273847342615
0.5681745615978339
0.12881781945021456
0.0
0.06111655584452216
0.05213613804010078
0.1779110216507391
0.6585406672231994
0.05029528995791692
0.0
0.0
0.06212736497161507
0.39589812749950337
0.4204712131603226
0.12150296397862055
0.0
0.042130535478222694
0.022392917582785603
0.18277911484616283
0.11401113242608615
0.5096044430583064
0.12908152810460177
0.0
0.0
0.5932159286782643
0.2965164938353869
0.11026733746188687
0.0
0.21734839261360497
0.36732897765883815
0.18047721427395563
0.051738280869412505
0.09416393400256738
0.08894287882214393
0.1211985459595345
0.0
0.6004140070338706
0.23289123877484313
0.030830917372368958
0.014664772381406907
0.09785989150867108
0.36009936472533344
0.06844460658734168
0.12859952452109732
0.16860411246196527
0.1763918737118044
0.05484093390325854
0.2663155988258651
0.29815829711739306
0.27857879447840056
0.0
0.1021059720891786
0.2008937563404283
0.09135461588352885
0.16583633463940145
0.20298522060064655
0.33892958671713014
0.0
0.20199099965077796
0.21773025322752063
0.08846007279392185
0.15165033637819922
0.2006905434685304
0.13947714974770556
0.2247715725754531
0.35390144529802325
0.1700493829111497
0.1295552190602559
0.08663542752375473
0.03508622669217772
0.16209780308600125
0.17326811816761717
0.1972556838471705
0.37756251029988924
0.036113248097679206
0.05370224433681026
0.12636122848015602
0.10741700036010643
0.1919292669812971
0.38218327422185955
0.07031709222893287
0.121791484399091
0.302721463419108
0.030431283550825135
0.4362044516512818
0.09009939734113055
0.06816946710061378
0.07237342517963473
0.11678460320843773
0.27282963852030045
0.08755764354685261
0.3579906031195794
0.1168464238892546
0.047990457135008976
0.12315507410556241
0.04778482000606403
0.0356166290055516
0.05196312303795908
0.3786322880444165
0.36284764558730465
0.2930170754404384
0.032774442668630555
0.2874862959352213
0.12108943087471939
0.0
0.2656323936763215
0.0
0.07946114125081698
0.31547274662982316
0.5128755646009788
0.09219022183719325
0.0
0.06451422212280121
0.23078677393827704
0.285438265618502
0.30994281268209734
0.019853540190301954
0.0894640281757339
0.09421387792327558
0.41583590344321475
0.3600347231779262
0.09860093846340996
0.03131429081272914
0.0
0.1722740965787175
0.0
0.2401659618569458
0.19984403594981193
0.09008827327238027
0.2976273320479002
0.03456089831828265
0.09404785702528254
0.6554575719911893
0.036018333957936535
0.08790951457560138
0.09200551436462429
0.0
0.20068373104837076
0.3629296545823239
0.3941144832407071
0.04227176475115729
0.0
0.0
0.07186590174063599
0.015105176957470797
0.8288445230583023
0.044248576117543945
0.039935553076224796
0.0331319039278193
0.0
0.04848071670272821
0.23620850043619945
0.5661002815034726
0.11607840901550691
0.04050969737774317
0.08972500129128085
0.3668587326436588
0.47166587001517263
0.03124039937935036
0.0
0.1472295353817405
0.48320733542390903
0.33145049255250425
0.0381122859086827
0.0
0.0
0.18953611785025348
0.33983564901305047
0.10887999383634679
0.20292041357018073
0.08002062903238771
0.07880684998491849
0.07540178188015127
0.19468761400052362
0.4886144785420538
0.1308384346355563
0.08201734724521681
0.028440070234274265
0.010297845839263733
0.0
0.6190259352666371
0.3467766636612915
0.023899299064304123
0.0
0.0727410242687944
0.07941697978540826
0.5622301533971927
0.12916079726574775
0.0
0.15645081584217313
0.11898514340194345
0.08943090945580656
0.6092213498541492
0.08630377011659121
0.03569327637113646
0.06036528284612161
0.08864915646717297
0.046485476075117244
0.18102918282449523
0.22064530359190107
0.3992695772887622
0.06392071828403498
0.0
0.12553132143074
0.2819365861591909
0.5849203110513549
0.007611253613229682
0.0
0.17998076604897595
0.29057853037165143
0.2867839263459604
0.17699819443393694
0.033671284750035516
0.031986640728048674
0.013135883072602186
0.26401399154585725
0.29125091905227657
0.431598872892547
0.0
0.0
0.0
0.1028526881621309
0.6558369260163546
0.20313764165361795
0.03817248170092343
0.0
0.22454866573989538
0.28079583172060707
0.17816452656560874
0.07163563110431696
0.06576193720960032
0.17909307652415396
0.05759633841351969
0.1989690664795483
0.10599154769579586
0.21635551148942708
0.0
0.421087230565901
0.017880816032028454
0.09174927639884055
0.5499407147028026
0.1741557948578066
0.1464189138767918
0.019853960933892488
0.07415212724623907
0.05879496130930261
0.17525002370236684
0.22221775928137913
0.3100845137662408
0.159500173312748
0.16555145481728678
0.0
0.21850318622127787
0.1224154544898113
0.20672730960472407
0.28680207821073145
0.0
0.07163787444877041
0.6374614384229219
0.16879442203452436
0.12210547514099754
0.0
0.05463880663520202
0.1069483220422611
0.09807850461401854
0.3816399861364322
0.26177954588682817
0.09691414912446192
0.09606949841697864
0.2775458947792155
0.03613960438255799
0.4682701096582061
0.12197417849144007
0.0
0.04354529660861118
0.25550545043666123
0.44926180844052005
0.0
0.083754579127791
0.16793215372512904
0.08667000383989974
0.0
0.4441676890557532
0.25421631278965073
0.14014663398455837
0.07479873196610445
0.0
0.19841034036983018
0.6709786767928126
0.03807130628958371
0.0524654569448313
0.040073819184947
0.19519276318194825
0.2607135760301185
0.3586757841159987
0.03275399003030663
0.0698016575074864
0.08286177491800492
0.12368469771096037
0.0
0.3762694386935836
0.37933935114139344
0.12070612367684129
0.0
0.05510255997905843
0.37153296534337227
0.271530592742146
0.2572040981680076
0.0
0.04462939413590119
0.04489475962103011
0.19043333274198077
0.19334595259885537
0.3337812448669832
0.22107534827670117
0.016468967534194127
0.0
0.0
0.23459244829801648
0.673122646995114
0.026539808619262865
0.06574476841066884
0.0
0.06409780557869578
0.2649016555638112
0.6612498016187394
0.0
0.009750434890597775
0.11923152464490626
0.0
0.2843843856483773
0.17394760979641719
0.3643498692671024
0.05808613599199976
0.05736642319342061
0.0
0.10478275957909326
0.7401123159796792
0.014830875954441016
0.08290711112525291
0.0015681014090897926
0.10875436566693873
0.4104581155350121
0.3964043613636575
0.0
0.08281466399994089
0.04512920720224064
0.5462255809594252
0.18211599339732815
0.1625686681929905
0.020852608683773553
0.04310745960818607
0.0
0.2031190219822507
0.5916437376266784
0.1902795976394095
0.014956894906927138
0.0
0.0
0.05138790407458311
0.0
0.5764308071502338
0.3282783390768558
0.043902463212683374
0.13080685048453342
0.48504848836150727
0.10537576857209967
0.031253502277054326
0.0659737652869977
0.18154092616824302
0.02673840424607377
0.11648864015787413
0.3782306209633759
0.324855051074134
0.022049051542843208
0.13163728667039454
0.17220097534007928
0.35764168981472233
0.10665080093354298
0.08312248503688509
0.052435464254658413
0.22794802258210517
0.3366682639797821
0.30152420519067463
0.03205410931998279
0.04941210019264102
0.18127567295465943
0.09906507302451845
0.038430509989440705
0.17036829379759852
0.2715321223102133
0.11551172445054213
0.1864647765525404
0.21769161690494662
0.0
0.09103998182902152
0.06912678764421042
0.4629908324441242
0.23142564532935
0.14541623074056753
0.026846589007656383
0.03454497774877237
0.23611818883515842
0.6070915838936466
0.020908606742234475
0.07448944612851584
0.05335934006047414
0.12056968757400714
0.1646032626627132
0.4428419058613594
0.19114069038007106
0.02748426121060013
0.08355766218143475
0.0
0.23852455953378632
0.261919943649142
0.18194166786403448
0.23405515405211802
0.14766921739047675
0.14395256538220652
0.3855554966089237
0.2056069022987572
0.11721500820837918
0.0
0.056525240099607604
0.04448906833871778
0.22246550763003753
0.6390922584114287
0.014351493795898873
0.02307587139262414
0.027876765995318378
0.23978375717447392
0.7205800679589885
0.011759165572355582
0.0
0.0
0.0
0.18004912162897174
0.7745905818971691
0.037855465983884715
0.0
0.007504678810643174
0.051343640970862026
0.14224235675731367
0.16236953439662113
0.6440442707732823
0.0
0.0
0.06158704759154478
0.023899379470015702
0.16089354231856834
0.7344470940349016
0.0
0.01917267070785325
0.0
0.07745019573553232
0.7811723289473028
0.1344701821971732
0.0
0.006907055930714975
0.0
0.14836395369799932
0.7683799160892755
0.06436586372571353
0.01888982223575625
0.0
0.1191646243708641
0.36238170026731636
0.23182356761872874
0.258129716538969
0.028499844744522204
0.0
0.16205122715787576
0.49892471765492297
0.20507448478244789
0.069284467963006
0.0
0.06466432822682067
0.11212073310172986
0.6436626572561572
0.11481174732646714
0.09505481248922067
0.0
0.03434966109238505
0.16113339422245862
0.07622969263082792
0.2117910229540805
0.2515484508043067
0.1908616242881734
0.10843530172178925
0.13265028640484974
0.15214366626772688
0.02578435537368592
0.3331802771551504
0.18071083370257746
0.17553013837680617
0.09624721692047343
0.17640718679123393
0.08932446699499513
0.29424582794235554
0.23383867196519362
0.10993588084506417
0.03588171154503522
0.1916520053078684
0.21825485182466303
0.11877040853447625
0.4354403504259462
0.0
0.24645236505007465
0.22608050905159113
0.04802534165578415
0.2593656104946476
0.18240050394847657
0.037674180596775346
0.1454881263298728
0.07778200802990859
0.22559923088027034
0.42741384367930835
0.04784360817282652
0.07587256024813344
0.3820680426477823
0.413727249144797
0.0
0.0
0.037975300644753684
0.16622897998228753
0.0
0.13141648697100708
0.07946595505749651
0.4304756458576558
0.24088774387587258
0.11775333022071108
0.0206359967642394
0.29521928794912783
0.34963000335255723
0.01957702377911917
0.24188651829591407
0.07304953844035761
0.0
0.02712175190669994
0.7185114125391505
0.10095598914055623
0.07629654115693553
0.0771131424211153
0.19552897979909895
0.06327043620081232
0.22052247711157777
0.21000515218486263
0.12132531366346207
0.1893469708265552
0.02205340642660174
0.05511100432951599
0.1901275135778831
0.5239406806206823
0.16289483026141624
0.045871777162245886
0.09484476844002522
0.36704111472697204
0.29452777352418313
0.13592114532066857
0.029687014463348677
0.07797756718172498
0.03417426234994795
0.11554354083036543
0.20285092563111215
0.4623299902722494
0.1334051492524571
0.05169566347933859
0.10577494479099428
0.031244997602640302
0.3433498993378824
0.2852911674401498
0.19988041739414167
0.03445766539493014
0.026588167086030377
0.24279678071533817
0.19293259665984613
0.29548089998870075
0.12671205485130607
0.11548906616805539
0.0
0.07133952981231909
0.3921534018280189
0.4007383467796691
0.0
0.1357684162526097
0.0
0.12337840666473082
0.2496225867607436
0.39567259298992835
0.09746731842208464
0.1338587321193046
0.19043974677789127
0.049703719358906155
0.3662988119893832
0.34623041270850435
0.0
0.04732678266174982
0.24007201861592636
0.7119715021598173
0.0
0.02876630921440218
0.0
0.019189978721220358
0.012993641743732432
0.0
0.7144593875302071
0.24208738981613373
0.02592164567059536
0.0045375765124333785
0.0
0.24191550952437108
0.6587211221213211
0.08056215157598548
0.008300900426714816
0.010499901306592415
0.0
0.34253033165280106
0.5748769780046495
0.05535733176422634
0.0
0.027235086445071506
0.007791568921123446
0.4262568586857143
0.13498733984094952
0.26863849952167485
0.10809417145138545
0.05423091228172792
0.2709943165767074
0.0
0.16521104209567117
0.12386024928139465
0.23520519922592617
0.20472870955306802
0.04206202305083498
0.0326658369445703
0.19200868041459232
0.47984772497136163
0.07054015723167238
0.18287498955234816
0.21759889763031728
0.1378656944048806
0.16268934217827322
0.1552077058798948
0.22613677365577103
0.10049978398673408
0.023969021572659465
0.6300037433782021
0.08382213293588049
0.19426441228886113
0.05912900971895382
0.008811187545103944
0.09041638205143925
0.5271151898438561
0.25425515309512337
0.03730936706893293
0.05626268264320285
0.034640878888656655
0.13511041320003894
0.0352611562801994
0.46365916245623157
0.19280806868224792
0.07164070566384428
0.10151995219850646
0.2331462304277403
0.17339968107699152
0.21027397608809012
0.216159670358174
0.0
0.1670197697946206
0.13630262780621372
0.3336537128192719
0.030328492584221094
0.2062582750829841
0.23498411111291964
0.05847173910966874
0.025999739962306246
0.35835322264542
0.30787345742753774
0.24951035126256807
0.05826275081747746
0.0
0.22964566723887384
0.0
0.21762107475964257
0.17638340137679856
0.06566960452825928
0.31067951269386823
0.10497826871342865
0.548731401818806
0.2132320721321174
0.06462921119357455
0.029412406620885047
0.03901615780350545
0.02245614890437707
0.2594770930734455
0.4432815570100522
0.06564105222757656
0.08320241739617593
0.1259412995393395
0.12549670992233244
0.03146583627069525
0.0
0.3925520442226637
0.2952320396443911
0.15525264268556901
0.0
0.25907200641907807
0.0
0.4009139158348997
0.2991349062322087
0.04087846962760193
0.05789771284041432
0.04285781336914007
0.6752720470778277
0.1762000330391834
0.0
0.04777163604720788
0.0
0.0
0.3631364268093751
0.5098776026909303
0.09429668248933061
0.03268894080536894
0.0
0.26165252316603277
0.42660130830667387
0.20910701802605552
0.1026385464328276
0.0
0.028747403947026722
0.026691294343867918
0.16387287342096551
0.6643767466982725
0.07023469741008342
0.04607631689743527
0.07519688548342272
0.05845260775334767
0.22637480921203737
0.5703250455683194
0.0
0.06965018278282074
0.0
0.1159362243467918
0.13206589862201537
0.696648133021534
0.055349188569669465
0.0
0.021286878537319122
0.20008141978826813
0.4335183332610285
0.34511249352810125
0.0
0.0
0.07808058533223013
0.13359332771174737
0.11991935698576732
0.4096549267890739
0.14800004115561574
0.11075130757685901
0.0
0.3923918732964618
0.15649242837605215
0.21103198664380413
0.028093569726986543
0.21198975993452407
0.15696887714452726
0.6674869009114659
0.12355343443105783
0.05199042990099761
0.0
0.0
0.11168421395722622
0.3147644660950461
0.08217967728918174
0.0954996751214093
0.2648718951059019
0.13099965884666626
0.13804907208185374
0.21384120406827237
0.027248777408591336
0.2769200070743099
0.2499151166088153
0.09402546619159549
0.34487554766225137
0.015460830016687693
0.40370283449788213
0.0
0.08932442722380672
0.14663528858369076
0.2621158379357079
0.1371235771151573
0.07630732334994628
0.010735476442328213
0.4492906228795864
0.06442682938427574
0.03224317934878002
0.3188439168332602
0.44206266504831515
0.13664995109481773
0.07019995296854635
0.0
0.0
0.21556038716325931
0.6140590655563679
0.13010456092609468
0.0
0.04027558624752366
0.04623829878937163
0.10729835122051604
0.2842538476097823
0.2796363108922348
0.2825724858222221
0.0
0.06751089683050061
0.0
0.510018176756326
0.26387675287429085
0.15859362681579975
0.0
0.09669405975733242
0.3309441166592563
0.39172059762312783
0.07425511178625534
0.0568673114970411
0.04951854654048591
0.0
0.6979149401787492
0.25315410565176205
0.0
0.04893067144187192
0.0
0.0
0.2057427584802596
0.6959949558805603
0.08151266815382223
0.0
0.016748839939999576
0.26596188460920706
0.6076442754195527
0.03329197445639967
0.0
0.03266662363953756
0.06043495350067457
0.0
0.15333920649615804
0.5763163841921705
0.08066533157643341
0.1896782835619788
0.0
0.16657194012220927
0.5313720598966059
0.15500049079160966
0.10098799257306731
0.046066906231214635
0.0
0.05174084202478561
0.07760736677584805
0.2038444092574007
0.5376628795242637
0.06443957779269739
0.06470437206018682
0.03777678134358096
0.36158522260259185
0.29331502054178493
0.09364944305318998
0.19024495776770886
0.02342816561762464
0.02456642038664733
0.26592174988701356
0.0564560213531192
0.3960741862198328
0.16288920147554714
0.09409165297718572
0.0
0.0755913623728075
0.1395604842771758
0.7026897688026343
0.08215779197196076
0.0
0.4167552892563786
0.22930062299356072
0.10040448425699434
0.10953388242937438
0.0
0.14400543276229127
0.06030432939807974
0.3614008448561291
0.1778866241748218
0.132196135527324
0.158893950367452
0.10931720440449973
0.06155196225593075
0.09829213768603781
0.6102192033496238
0.07822687923438615
0.03703781884611004
0.11467101712766457
0.21373337952961488
0.19264574519381844
0.5936205230116277
0.0
0.0
0.0
0.07485469823427858
0.1950292541321882
0.36102301460023084
0.07064573019892775
0.2543207172408251
0.04412624035119773
0.11568216847415957
0.1785205354918419
0.21587706268861756
0.1950948523812551
0.2822045603355129
0.012620055425328574
0.17154918339106778
0.2814135292165983
0.3443034510426713
0.1290404343462585
0.07369292901115856
0.0
0.048435288819128286
0.07217358557904054
0.23631098364154057
0.3592657664811175
0.17431526513977677
0.10949833673514289
0.010769601131965671
0.04257058700104998
0.25282549423961614
0.6023583179813384
0.091475326545944
0.0
0.0
0.10519483924258426
0.46490880685315916
0.3038826232944107
0.07557491177388506
0.05043839182109116
0.06012451151658878
0.3559736157353994
0.48545668776110207
0.09364300133428966
0.00480175923304176
0.0
0.14302257561608256
0.17031740299489967
0.0
0.31099383495899335
0.2264315493481399
0.14923382134147536
0.419731146657748
0.31407297762686054
0.05408417801691983
0.04964459297807641
0.024961925449294455
0.13750481154718175
0.0
0.17475042499918816
0.1509343626371934
0.1749989857240615
0.3583675488580362
0.14094835461374564
0.0
0.18686329447736305
0.5295149112259999
0.28362142372906235
0.0
0.0
0.11222238404058067
0.26687060049090894
0.13864123294382985
0.2738421945915543
0.05371154584760843
0.15471143046202965
0.11090345743007528
0.06854803623468614
0.486948417150767
0.024783597933483788
0.0
0.30881551159332443
0.5610727547563255
0.2868034407898722
0.08021669661053481
0.02218636008092069
0.0
0.04972033434394014
0.06946037557148459
0.2733892075654908
0.3919497664043465
0.26520000132951627
0.0
0.0
0.04155946804210748
0.7022542139794281
0.20832138651951373
0.0
0.0
0.04786453214393652
0.09366846522704023
0.025244915810706325
0.15926532440410895
0.16996943356534966
0.4047186957344844
0.14713268120912662
0.0
0.0
0.4244644801492112
0.37000610785238874
0.16733271039322686
0.03819630646157671
0.0
0.33404382714692615
0.5830991042382274
0.055860519880186005
0.02699621157452257
0.0
0.11408459415140593
0.5089492449664242
0.24193455152732152
0.050502665892225025
0.0
0.08452839913145808
0.02690516256642421
0.19615646123791752
0.7454378136534064
0.03150009275773241
0.0
0.0
0.12937665379192287
0.0632664973628756
0.4052078814370865
0.37495981426022257
0.02718836300217464
0.0
0.08523799028976112
0.11304096708142082
0.025220743682834765
0.3244627233023535
0.21707302020322403
0.23496389081541738
0.22449476428229553
0.4425996614584355
0.03586698976744323
0.13738684128860462
0.1596510343196385
0.0
0.0
0.33791950831420026
0.1917331577025881
0.1418749268382479
0.1817486621926555
0.1467230236725191
0.16816848855505778
0.41683875570799106
0.09072117771712863
0.23805830242316842
0.06862741659944421
0.01758499682178885
0.11753918373782792
0.13538897093793403
0.03237494719277535
0.21235196611461776
0.34287455508220066
0.15946987498238835
0.0
0.20958102880892018
0.6405010138430263
0.14991764281344264
0.0
0.0
0.0
0.20393766057423135
0.6877573040437917
0.0306821426792064
0.025256468383824792
0.05236600397616321
0.2138150591621353
0.16897366608566336
0.0
0.23424875295321612
0.08301312294158585
0.29994865868398635
0.09003690765449901
0.14737007548620898
0.1312605997004256
0.4788282966258366
0.029164744476156867
0.12333892816284654
0.031725646179681155
0.03406433397997205
0.20769818377191734
0.24686477249486427
0.35839365335350293
0.12125277722454258
0.0
0.17092709694206987
0.5650552177667486
0.10388371131584839
0.1601334824856957
0.0
0.0
0.0
0.6456828181063117
0.23264746966270675
0.12166914147366878
0.0
0.17035828419949192
0.35554721276361534
0.2889759127861287
0.18511756536130317
0.0
0.0
0.12420938174615728
0.08040703529282724
0.20034020706018368
0.3535025346129241
0.061995664107258666
0.1795448082633807
0.018075496547576324
0.35615092108276564
0.2738595806836237
0.18764452702154977
0.06693179251453635
0.09733713415594739
0.09651477355010972
0.48151697890006595
0.35114075168435327
0.03469273013119277
0.0
0.03613439724607109
0.08463975167775856
0.3984221535086442
0.28427714237760476
0.17794373747790743
0.0
0.0547168136360591
0.03181398514884068
0.4026142625858287
0.18580973686929086
0.07771193189455473
0.15907732055027796
0.14297223389253422
0.015101335770593598
0.1267473118123356
0.5459674301654704
0.27286829306956145
0.0
0.03931506638848919
0.20097271818165716
0.10950369728322826
0.2041987321831545
0.4679488139448829
0.0
0.017375499615697662
0.18527378966696348
0.06124384349369751
0.2806804628132288
0.23691900277586644
0.10684229161595936
0.12904002248571406
0.1670413105447576
0.37655384436354705
0.3728832629626769
0.061883691206483425
0.021637125934646655
0.0
0.06226126199884417
0.022514935372124786
0.5869878715885893
0.13386529873521272
0.06481891367832397
0.12955128692270879
0.05510459420973907
0.0
0.6961725284534666
0.20666674147408995
0.0
0.042055823091358545
0.05393574723469662
0.030510667593519305
0.7508211734137699
0.14621716606198829
0.0
0.018514802346911042
0.0
0.0
0.3591614167831091
0.4307487355085824
0.08067084358882169
0.12941819741105098
0.0
0.10216006464007378
0.46724082727047256
0.2593261588900973
0.14515448562167066
0.02611773356486759
0.010175296483439695
0.0
0.5315983998663389
0.26247912530012707
0.04388257412563273
0.1518633323123727
0.2758917253115965
0.08211813490022248
0.23498136734683053
0.12299522205541277
0.2094752058394911
0.07453683958133817
0.027030315445439112
0.22663244069743604
0.5136868202932612
0.12867844086654995
0.07475862125786706
0.029212757023211577
0.0
0.0
0.018562606283181387
0.5983614354799826
0.2851266882746385
0.09794853621080503
0.0
0.26236081769804687
0.05305124359773118
0.4913075529749686
0.12166993207595603
0.07160975521265686
0.10073952783902702
0.018250254081099107
0.30406861986222933
0.21124169872490778
0.23661960676090793
0.12907970855544984
0.09770175907545618
0.053462585989852075
0.11738399594197814
0.3753491857630436
0.17061200556159412
0.18548986926181868
0.0993595696295124
0.03747672538719787
0.052604557805665704
0.41157154027843795
0.3484064922436892
0.05058054340647661
0.25075812464338376
0.0
0.40670564758338784
0.10419453652375567
0.11553198371431639
0.12280915735790518
0.08481392160491079
0.309171309934903
0.42883081549780094
0.14122732854417672
0.0
0.035956125796436735
0.0
0.09473374196194245
0.2762981291068486
0.6289677597004092
0.0
0.0
0.05388282907824407
0.1302843798837624
0.05756919579234217
0.5570113504544048
0.07790804713267756
0.1233436125284091
0.11956909136285471
0.07387337551161824
0.12650030209685478
0.3662737557006875
0.18427932654610452
0.12950377053544548
0.0
0.017440314334692494
0.09014430822421116
0.8924150706670488
0.0
0.0
0.0
0.016296897121325288
0.6258143787932212
0.3578884116067028
0.0
0.0
0.0
0.0
0.4141763644599891
0.4033729997978374
0.11929424471432164
0.06315613543343775
0.051862559294899455
0.1256815887928457
0.17690452124290654
0.5992853865345907
0.04626523362204292
0.0
0.12582631747415163
0.12462497850303407
0.45116579454955635
0.20429030723240665
0.028201565459514185
0.06589049604098193
0.0
0.6623131096220708
0.3206935212899617
0.016992762203605717
0.0
0.0
0.13226975936861762
0.5750558748081233
0.1953518445547322
0.07725673428024257
0.0
0.020064993849812536
0.10648048137712375
0.08145411862613965
0.5845605742161272
0.15440824443572898
0.0730957813898943
0.0
0.0557595902615737
0.3059310154275451
0.0643562482826462
0.3613733856525812
0.11833828616323212
0.09424087872949909
0.0
0.4163801871187193
0.34948780495674225
0.1300964884701152
0.07255588401418668
0.03147875558230336
0.03678082301054635
0.04009338276651705
0.1908369897048682
0.4975474951301299
0.1998472504362388
0.03489335371158362
0.12111642124453066
0.0
0.5859061436681451
0.1526263861803347
0.12994653758466368
0.010404028327446063
0.0
0.16511305130207127
0.3035453430302336
0.5167464121567141
0.0
0.014594790579758573
0.15691188833279113
0.051915530450027905
0.6358747090733725
0.08208179161335993
0.05292125299145635
0.020294373742994226
0.06900441902265075
0.32583562087753565
0.3778851337559763
0.07115416683659878
0.11319683390760123
0.04292326997895007
0.04591043197272846
0.24483793809972265
0.45437182761913597
0.1902668405020192
0.04729792442507289
0.017314500481444166
0.13497380506711507
0.044647929059489076
0.2422765035336849
0.2467153677470306
0.057104025105494643
0.27428149251904527
0.0
0.0333863947272008
0.34043113373759054
0.5903258451598353
0.03585618949441528
0.0
0.0
0.060567739000273284
0.5135992834718404
0.4258325932940139
0.0
0.0
0.03929915336571593
0.49887957112998704
0.21941544351562883
0.11062874027842749
0.07705486028226699
0.054721713616134364
0.0
0.4632515086747503
0.2870025684133351
0.13614528111527338
0.028847459492723944
0.08475245379554175
0.052615498662585046
0.07557962744596507
0.11944583432202666
0.04608681043695033
0.4373883713430309
0.2688834188475341
0.0
0.06854682061534903
0.30306593100465906
0.24664440663866596
0.2594061111103733
0.1223361540856261
0.0
0.17909766011705716
0.06448728680073619
0.650918679416378
0.07109648429786485
0.03439953621304679
0.0421838565234324
0.08138118829155727
0.5374077361376818
0.33902682952326546
0.0
0.0
0.0
0.0
0.36551934983586387
0.3586702142386058
0.20219709992624713
0.07361291611427143
0.05577917502241876
0.056981048222818124
0.0
0.28930579707613696
0.47859690892467527
0.11933669413531788
0.0
0.0
0.06878220977871298
0.1615990830454598
0.4544404242324205
0.31517699417752126
0.6036632526223843
0.0
0.010720797832660696
0.033148421018498055
0.15345949678820925
0.19900750610787776
0.0573164335341446
0.6658043118104234
0.25592577527717525
0.016403618547257356
0.0045495453767849595
0.0
0.20161112887649468
0.2560173891401013
0.3658336620370585
0.12201286620268433
0.0
0.05452451957542228
0.04108113054848882
0.12730738920770268
0.3556459575954471
0.4759652048819593
0.0
0.0
0.0
0.011308302984382701
0.0
0.6330159364851108
0.3556755720587976
0.0
0.010586249625601177
0.0
0.0
0.16676330089138872
0.7697180204218642
0.05293124548250146
0.022037265407734423
0.14932492058033778
0.5621907785066794
0.0
0.10754965871275453
0.15889687594555008
0.0
0.1949600023881212
0.3808582979508848
0.183429088064845
0.051665591581183806
0.18908668740081208
0.11209599141288201
0.08096742488277414
0.0
0.0
0.6090300571282552
0.19790622405854089
0.22044985249563093
0.10289974547627544
0.13963906196456238
0.3491022935800191
0.18790825879175838
0.0
0.0766391905481027
0.0
0.04297166148653038
0.8072141829249678
0.051467112423834886
0.02170696046602104
0.024294113094018667
0.022741790098560352
0.23382709372185104
0.4491996409084286
0.26993674550376906
0.0
0.009446717233725269
0.0
0.11758393838628142
0.24236405276614909
0.6306050803788227
0.0
0.04687636847003304
0.06854664889488502
0.15247655763391613
0.3319501063261183
0.009624908987529197
0.3905249284420761
0.43717673828049397
0.31683921407885773
0.010103626058655227
0.0
0.027527656340620796
0.2083522698703387
0.013401965979192104
0.044054682389311844
0.34091060111412586
0.496199156327196
0.1054330357749126
0.0
0.03484048222041958
0.0
0.476671991364426
0.45915373333186243
0.0
0.029333445448614614
0.05682187025086295
0.18801105224180775
0.13471938120084584
0.4352356515124039
0.18521157154136508
0.0
0.03166275189874845
0.2369509271635287
0.486260537699461
0.04508494642665496
0.20004007862619572
0.0
0.2493498139278287
0.0
0.10843486943478167
0.18418562811964162
0.04704534392223683
0.4109835290935885
0.042272579723847896
0.0
0.0
0.4313206794209676
0.4899047367457778
0.03650158138360955
0.49811904080618047
0.10765705804542312
0.12334155775319315
0.22419818382625256
0.0
0.046683729955982
0.11596353878495302
0.14353436209811726
0.26585738544964077
0.3556531680287787
0.11376436128511284
0.005226771140883436
0.11726785154403455
0.18293955656472619
0.1228373902096352
0.3162182119294729
0.19411885903359355
0.06661764715173965
0.0
0.029244704576538806
0.7888937771645622
0.04144292283498263
0.022621883251668477
0.11779641615136528
0.0
0.028500026760701323
0.06231420050261297
0.5351245620931485
0.37406085077635026
0.0
0.10924246915654733
0.22274766003692675
0.19986752330979937
0.16631524852709095
0.19337989691819568
0.10844678496718453
0.24285115090761977
0.07668970234763808
0.25427636735338194
0.0
0.0870222041918461
0.33915947918482525
0.0652127494431075
0.03505342442516122
0.11512978189014965
0.0
0.4933506014945373
0.2912526325745409
0.03879849250434087
0.1084476535094886
0.0325208578720846
0.16255924865916568
0.5485136226092308
0.10915974618384659
0.22658469722244562
0.23919920982151363
0.2866217272156739
0.09779022599904258
0.12062629604977262
0.029177502475039273
0.1110594680601704
0.24081082230038295
0.4308431515937316
0.07498062461262481
0.0
0.1423053112374308
0.454674677672196
0.538434034722606
0.0
0.0
0.006890809813503182
0.0
0.08701942159467956
0.08130223367010801
0.7113258705609878
0.04279209599612003
0.0775591967790668
0.0
0.042508222244004475
0.0
0.2540655297669133
0.35162271679292223
0.07499074205195687
0.2768114743640467
0.008077141696958355
0.03046080856622974
0.32148244462265607
0.44566832638867626
0.19431060563032318
0.0
0.0376001270529443
0.036794715324953896
0.06953608803298085
0.814344651770874
0.0034573998867973303
0.038266406743703164
0.15874360003745386
0.07863984505277415
0.13225389283997116
0.020882450175758103
0.3907791077434426
0.2187007986373406
0.0
0.02714684634943949
0.047956344138994564
0.5973106360823993
0.2098195858628688
0.11776635409632588
0.0
0.0
0.0
0.2136197031403728
0.7790385497118302
0.007341519496937743
0.010217999004955066
0.0
0.9002410063148575
0.08954076619878093
0.0
0.0
0.0024170587457941106
0.0
0.08515253927519705
0.7275264557549456
0.1679411254950886
0.01696251859662461
0.0
0.3660201730540548
0.6083473042059923
0.0
0.0
0.02563223325340007
0.021195810867374158
0.1073938668544157
0.42316334200977995
0.1516894006835732
0.2965571991422175
0.0
0.09460694309314026
0.8924885641515875
0.0
0.0
0.012904142842567513
0.0
0.10066004780378801
0.1246383949038955
0.1521115505423006
0.42566110406603735
0.12234656545483756
0.07458111654678393
0.015250360962776283
0.07776188768404865
0.07960990922132367
0.6053251096484301
0.1497934868208065
0.07225839314155232
0.2832644197551835
0.1981300260050904
0.01921255297547605
0.06470832168266683
0.35581848244559294
0.07886512312166927
0.03539844420875227
0.11557813732472838
0.4916724299132168
0.251938449339347
0.10541165864469666
0.0
0.0
0.04680356945785072
0.5073497605039875
0.44584614935526723
0.0
0.0
0.13021016584565462
0.024784163467458646
0.08609945761014884
0.5261241392294439
0.1318258116350779
0.10095568938807431
0.08276617413150608
0.032569917396037505
0.12325104570124906
0.12379184852464331
0.15647020464531358
0.4811504608157774
0.04016459097978742
0.556718065345175
0.27584141022600267
0.002062436262143264
0.0644325720842599
0.0607806672980931
0.0
0.26200360580306253
0.4815918987363757
0.09683585526161932
0.13914702151917366
0.020421287050136093
0.0
0.5934758898777897
0.02494166145191773
0.013894650181243185
0.10854683601900039
0.2591398045825081
0.1176476691278306
0.013634505209805461
0.06763532932346741
0.0
0.7494445163246782
0.05163750732279823
0.2918534257746146
0.19121111409450794
0.19105714651981545
0.16434001648446755
0.07630530337776786
0.08523239816936115
0.03032135868557745
0.11512313762627596
0.053840867941830066
0.17803083499251454
0.3250852979876822
0.2975982250439451
0.03963760428287367
0.0
0.04970000724012644
0.1923654460390701
0.46064792561953577
0.25764869864668694
0.2289407863301477
0.07956534118366437
0.0
0.11569936281630162
0.4092246739317026
0.16656906487689915
0.05617421506303698
0.09677079447763294
0.031196980038608563
0.48860376096954833
0.07524237183244632
0.25201148167204607
0.36169088454682796
0.1647573851435358
0.1774302615030156
0.0
0.05079224520469
0.2453287796246198
0.09544932652626277
0.22486611368011222
0.2406181537773723
0.3454411648204185
0.09362472823976128
0.0
0.04878895427941651
0.0
0.6131595644760425
0.31574302071089694
0.022307903756900303
0.0
0.0
0.13183816330274792
0.40039427838693376
0.4677670260945246
0.0
0.0
0.028770354974896026
0.0
0.2843513972144645
0.6268991109095924
0.059978794784496296
0.0
0.0246142945731396
0.3543541713568076
0.5775151055380737
0.043516192030939684
0.0
0.0
0.0
0.0521358433005245
0.3793434101195989
0.5685203234796105
0.0
0.0
0.0367445564906651
0.0
0.22907620584592311
0.5259392770672032
0.20823958712654445
0.0
0.0
0.008912744253337731
0.02669450705869554
0.3372940947287307
0.5210855247936955
0.10601274703477581
0.006839451412179962
0.0
0.2644927268575125
0.3856440667450723
0.262809792789821
0.08021354749274398
0.06899719584089227
0.28584988148460994
0.0
0.3331770730390268
0.1866208371591203
0.12535426250684428
0.3217239540192947
0.25368033927199723
0.11812133958748959
0.18854912773773613
0.0
0.11792445033956861
0.0730828842755448
0.0
0.3879885942934008
0.2883495830288282
0.25057829109640417
0.0
0.25757033435047744
0.020825321920114017
0.3266144919497838
0.04612820952150955
0.1375134074739439
0.21134731442624413
0.14076083027536238
0.2359892944735634
0.1862011415945963
0.06272890635517882
0.183888632822043
0.19043027199534887
0.10713918680526992
0.42348037361855917
0.3111311770436896
0.07552877910699336
0.0
0.0827197571872007
0.05003860197668735
0.08506378115527156
0.6163944043540204
0.22093021340731714
0.02757226844304334
0.0
0.0
0.0
0.22164273969711704
0.34529436386890416
0.42181992353571857
0.01124242169317585
0.0
0.0
0.2916675192126605
0.7083320911208866
0.0
0.0
0.0
0.0
0.13175828579502674
0.8308237939813541
0.015388645976595311
0.02202878166848527
0.2795386534628169
0.3150520947427468
0.030504202358514722
0.062752406813575
0.24408267527044275
0.06806941983337139
0.010004630563931017
0.3029245758149936
0.04913246233569517
0.35555884600760373
0.05249277920812314
0.2298860994498004
0.07023927014968404
0.06399234888448327
0.0351834352382718
0.22821492895368353
0.34442725370952965
0.2579425344268898
0.0
0.0
0.5515515043659668
0.44844830237803124
0.0
0.0
0.0
0.37682890333566943
0.48976678738559853
0.1334040747937744
0.0
0.0
0.021021621430565
0.031201793858710414
0.19132704415384597
0.5803438261613049
0.0
0.17610538201455236
0.0
0.1229178976450599
0.3849208544344053
0.19914400869905777
0.16516199560373407
0.12785493060931122
0.26221443564985336
0.25805403474930494
0.0
0.09363190984733887
0.2162542085192889
0.16984493132480172
0.4251681033036229
0.0
0.055919725551829294
0.07749578993744281
0.12508561061185094
0.3163301650571937
0.24890602139258466
0.11756378660395303
0.10683932759645585
0.10784458078402501
0.3756844686006845
0.043161415653368194
0.09707188499952885
0.07445860683391471
0.21746720883025886
0.5374315098642467
0.05533905606018687
0.018231391786709766
0.08104187803477426
0.11897716552232739
0.09902018965027408
0.42960567532733657
0.2713547532737285
0.0
0.0358441075956946
0.2282278411895738
0.08729065633172188
0.37403657951009783
0.19854497438560903
0.07605541619387719
0.07147015405089377
0.056208155864536924
0.23607415466445708
0.3039819013268298
0.23353881789236378
0.09872633425804296
0.0
0.08045432728436008
0.10855345064266528
0.34145577016275774
0.36535047688013084
0.1041851861104837
0.14200811637132915
0.06111885001324092
0.0
0.4792597554305939
0.0
0.3176121977460533
0.23332267665895265
0.056504415023781604
0.31957892533632837
0.255675737528399
0.0954516431140516
0.03946439621175519
0.2150432197055203
0.0
0.0685816597745733
0.5883170837419107
0.08434428213476843
0.04371239917924779
0.40794003034461673
0.06720642030998597
0.06662115443861236
0.07172210870222462
0.10855965833106614
0.2779500566018112
0.4078109941963825
0.08458622628192981
0.010082846634142866
0.266325661117762
0.2311939255234047
0.0
0.0
0.03642981189413754
0.14871329989253965
0.6101641403955592
0.17199678693789539
0.03269575437174288
0.0
0.1654856239516245
0.296340788147685
0.3869196704081578
0.0847828933481689
0.06647061660963342
0.0
0.0
0.3477248571730122
0.6258070255001887
0.026467710852139382
0.0
0.0
0.041191019149050004
0.12421005909178136
0.5902813541382712
0.21611163274254563
0.02820546582845918
0.07775056792919262
0.4369778878863817
0.22031937416873829
0.17731856074648397
0.08763318002472927
0.0
0.11338427242489009
0.2112716313145358
0.5841920870069608
0.0
0.025862687883633752
0.06528882547555649
0.07685264076044573
0.0
0.25530069814999895
0.3918499964774242
0.2001293531705855
0.07586692942333316
0.04651429895495524
0.13107356262849734
0.43946136516684314
0.13617732516630177
0.06604789624349698
0.18072518862425843
0.4124300820408649
0.09839875208293866
0.1518720598380904
0.1965676338418085
0.0
0.14073105818649867
0.20095430492644553
0.0
0.11850095118340824
0.49330643107629263
0.18723784009146874
0.0
0.17451682389682227
0.34439375332886774
0.3455705988226035
0.0
0.0
0.13551846564394213
0.13855437772967616
0.06927868442388996
0.5304490785894367
0.22676420626598026
0.0
0.03495331207638038
0.15728181950420414
0.3078803594010697
0.07666395681184483
0.21156040613961974
0.1799125097698742
0.06670058841290755
0.1054174069796265
0.07265020175007748
0.1692252746943215
0.23735098628582804
0.13286931334985086
0.2824866117759425
0.0610963253324063
0.0
0.27590279730219297
0.6557624655061295
0.007238244565295948
0.0
0.07489867721528212
0.0
0.24856111863566108
0.36286963230784874
0.27396274678324517
0.039707635032289114
0.0
0.0
0.14873174267099398
0.39735003262559415
0.30416019067669037
0.14975780316123968
0.17712936471420243
0.11114436638594034
0.0
0.10351538846121591
0.09418711884787886
0.5140233477371269
0.15898541328708585
0.18495670206035325
0.18746515620015983
0.1588577179649619
0.07503364373888059
0.23470107282198602
0.0
0.2833895898230053
0.1251539718111144
0.44155463448834403
0.14990131557982972
0.0
0.05948833482316151
0.7938256855505977
0.07279802470216235
0.07388767555911764
0.0
0.0
0.22922260315196943
0.25647399812012645
0.20209960429095072
0.013306117635468247
0.06086579487010373
0.2380314693261824
0.24000900161172503
0.6679182710793388
0.0
0.0259939353984877
0.0
0.06607853382268145
0.03948057574598353
0.037528423938952414
0.46791266594935044
0.41816977978957426
0.017873201817224883
0.0190349867014645
0.0
0.14517727698291535
0.4069362086437282
0.32564169507562146
0.006491863336333268
0.11575250583166806
0.0
0.0
0.1432443948193438
0.6389739957400888
0.19717577971233394
0.020605491524046886
0.0
0.0
0.1266716082568288
0.3408316247808016
0.5324964354088897
0.0
0.005329713968004441
0.7011721436964151
0.1743272593939912
0.1014047249102428
0.01776571388850588
0.0
0.18898617314095065
0.45955229427947014
0.049403716370742846
0.267644285398666
0.0
0.03441305577441863
0.0356465792261963
0.07742715414678285
0.3589885234412853
0.20438291751617688
0.19955021065138728
0.12400433612042822
0.035902215678502505
0.1143242578469035
0.10432170884536167
0.23508185427669093
0.25882607446388417
0.2515434428897853
0.1501765931439454
0.28540180178174046
0.2177317321087315
0.10299520240884642
0.1563175478560369
0.08737666290069053
0.11918086171490216
0.1317185912091509
0.3010812279386477
0.0
0.2163866515501267
0.23163182853500897
0.04254755662402227
0.2864979448709826
0.5146152995315547
0.05239178944184135
0.04546842670860316
0.058478573711859466
0.27146684585177355
0.0
0.011553414030556064
0.1626372626261527
0.10646024150542052
0.44788187772993066
0.11415074844240372
0.03464256570771902
0.0
0.05146370450424588
0.30359579052074465
0.4961464715977788
0.0
0.3835565206836018
0.4478889035124433
0.12726548029359844
0.04128856404952992
0.0
0.06119674425722767
0.11354314124440401
0.5014783455987258
0.206149009292836
0.11763242634397571
0.0
0.17451874255658273
0.5060955397939285
0.14891876967480236
0.0
0.13527788390658035
0.03518881817877312
0.0
0.0
0.47160571558557235
0.528394027707974
0.0
0.0
0.023083701548725803
0.00883691937271665
0.01437747674806929
0.731066426237327
0.22263509721336147
0.0
0.0
0.11048850896055948
0.43767504687004355
0.24157088687688522
0.1240099044399393
0.08625518105467966
0.3230449774394121
0.1301186279393967
0.17694032262045534
0.18636659898766444
0.11020026779804988
0.07332889373785655
0.12899715291041522
0.6437497349262203
0.0
0.0
0.04229490763964696
0.184957868196387
0.05112174664011103
0.39150221613139496
0.39119139834238875
0.1318587592985993
0.034325021461982186
0.0
0.03431321213213399
0.20498831982878646
0.6159994615689023
0.11400792126341411
0.030690669097953645
0.0
0.0
0.0
0.03562310410496672
0.7345468639773682
0.1567741701451612
0.0730554778172131
0.02854682989919557
0.06436169215571019
0.3002846800267046
0.21017642650071372
0.31357579235346933
0.08305410433751419
0.051462388644231666
0.023049497496010506
0.2117692150305065
0.11639521606440889
0.5231394220642896
0.07418390672069022
0.015182748182442859
0.028871184309491548
0.0
0.5054462397061078
0.3625333006603023
0.08796618764508127
0.22667371767072253
0.005757890632372684
0.055115078514256136
0.1603362376429069
0.2994996635037227
0.2526169031055634
0.17123149108811775
0.32066073457792305
0.43633374577713996
0.0
0.0
0.07177355099451202
0.03221167853866712
0.05254231830724623
0.0
0.0
0.3810473991840784
0.5341982222249966
0.0
0.08665331687169583
0.4672261184245605
0.22378228068736797
0.17988797789457475
0.04244929389966271
0.0757208166629345
0.0
0.04193012307801227
0.4107030306562851
0.10444203915477744
0.36720358993106506
0.16649142628011843
0.5355057651775066
0.18399081330963482
0.0751691827913266
0.0
0.038842462267661845
0.05234122258385039
0.432317090447089
0.3450240443294471
0.17031736195609595
0.0
0.0
0.022812759214699732
0.056242244413309626
0.15317768001736753
0.64632535174268
0.10285148415215564
0.018590124010416802
0.08082306871630637
0.40394262390811747
0.2602141479517656
0.16924673843601895
0.07037657220920618
0.01539621599803159
0.0656431511903741
0.35688116631802286
0.3308633874205246
0.11679064303593266
0.062153777921225596
0.06766706521482277
0.0550152295719532
0.34133808109794717
0.5579539296905913
0.04569232029025865
0.0
0.0
0.04782634560937746
0.04848152871538102
0.7508050038589903
0.1154171004598519
0.03746952488618228
0.0
0.12052369407293621
0.2555188469682589
0.24957598590481303
0.2600932978811883
0.07052503531172305
0.04376266948506286
0.0
0.35111589232391094
0.42127466564358046
0.17202028166909808
0.04996416473611407
0.005624654582505817
0.35869066955565987
0.2976466504971958
0.08276272580172779
0.04721974366993612
0.06517645877989063
0.14850348586180334
0.0
0.10199850607304592
0.8426324571666828
0.029249845618309088
0.0
0.026118874404091903
0.03239546997169676
0.09091016998313622
0.74100006745197
0.05812598760774861
0.0
0.0775677988062188
0.0
0.12359229601262862
0.07013689013891021
0.5485363483857738
0.07627635548365119
0.1814575237233192
0.0
0.0
0.7123691746820228
0.27411192586664507
0.01351860072962701
0.0
0.009833475609507147
0.24078786433479873
0.5539947518004056
0.10021367564557948
0.06455992782866751
0.030609848273406105
0.0
0.072245555470196
0.5788330429573748
0.34892109016916384
0.0
0.0
0.017986935318932598
0.291064308641364
0.5673247774530455
0.12362368143412508
0.0
0.0
0.03326429943618364
0.10343182877538694
0.5906913114454201
0.14990007869506983
0.05117584792613481
0.07153631387275988
0.0
0.18482513585959265
0.7226343622251615
0.004212303038230411
0.0
0.0883279434686188
0.03747845096191202
0.09481369590455095
0.7127902919955551
0.060096256620728185
0.0504414285768933
0.044379480707098
0.014353746959174917
0.2058777287085744
0.3785794525438903
0.13157601958522325
0.1778671925625329
0.09174526156780094
0.0
0.06578363673241437
0.2661266590837148
0.5690817600879503
0.0
0.09900727985190007
0.2288746723244953
0.0
0.1023951013808197
0.4369769017930791
0.179016700136068
0.05273594845192862
0.15265721263939402
0.15553084917872254
0.07722640938632397
0.2966270152079074
0.29156913067929063
0.026388726464220292
0.22869095240749798
0.13189013483535564
0.23822973794867666
0.30299970936018356
0.09818894355203846
0.0
0.016021912776458765
0.0927069019032214
0.45492770330814025
0.17186758565351193
0.23858412309634494
0.025891453590378283
0.1944808066877782
0.4002789431933968
0.26547173151809206
0.09116804375541451
0.0
0.048599990007661305
0.07178176372372833
0.060073811703311455
0.608304860716104
0.15244293693443325
0.06732805366876321
0.04006813273971938
0.022950702411623114
0.09294392680845621
0.20891827832071005
0.580293390167095
0.09489321208939772
0.0
0.0
0.20444972521822227
0.3862886787755219
0.3602661240277026
0.0
0.04899498320041019
0.018998916180560956
0.15957307656971448
0.7395384590267206
0.03536566672339226
0.046523634572961776
0.0
0.012228945097563781
0.4297497762555412
0.2317648383583467
0.19299328082403974
0.13326265685798155
0.0
0.0
0.16422341458995673
0.059002063917944284
0.3905981230747631
0.20057056540919782
0.185604912896204
0.025817256043128584
0.2167525440044502
0.4613371695015553
0.1170317445446491
0.1790603993379963
0.0
0.10133740767636192
0.3045550833553584
0.3137288099372977
0.2586184619493526
0.0
0.02175922693489888
0.17152396046771362
0.19890591114772968
0.12254359895007814
0.0657352683795183
0.14177362469402532
0.29951658301045125
0.0
0.924858991926915
0.051208687173401074
0.0
0.008933600774184083
0.01499841040861805
0.15589575535699415
0.16870240040402282
0.4217641876347991
0.1662501450159878
0.0
0.08738721735346679
0.03721615676611726
0.6462910936199122
0.14035990574142582
0.0526588676761708
0.0
0.12347363411142795
0.234945025991188
0.0983363723099222
0.16388127376484052
0.4286839575519976
0.074153002919145
0.0
0.0
0.04815732234778741
0.038539772702962855
0.6615508702159558
0.25175162538379336
0.0
0.0
0.28282228709500484
0.5246124726586906
0.18218098311357536
0.010383897135867702
0.0
0.0
0.5453499579474667
0.31496182271110956
0.08268339595013718
0.057004501035996455
0.0
0.028882805888515675
0.3390195547733141
0.3337745728226129
0.2707127899590154
0.0
0.027609802494282527
0.02924991044141642
0.0
0.4456158573652409
0.24088673979301095
0.2305085068955799
0.05373857988145827
0.0
0.44730128040309297
0.40212564521180566
0.10513529690297484
0.04543712811515403
0.0
0.11424976461643148
0.39660790860982725
0.0
0.2712890108890048
0.0
0.21785265136918602
0.0
0.07366631917287585
0.3513200591512226
0.49505067109909445
0.07996257123631625
0.0
0.2517997082858742
0.18973498509217415
0.3404099072980105
0.14898456400565707
0.06907043896346148
0.0
0.39528522538099625
0.16558925575710381
0.17552200676996355
0.049285225903299444
0.043986386978743346
0.17033148027292574
0.28003525589336714
0.16556059418133137
0.3951206045949465
0.07635816867333921
0.0
0.0829248610136444
0.0
0.2771818784361372
0.6390959593755321
0.05673554855082212
0.0
0.026986349014579532
0.011487051972093374
0.11325563117723608
0.3357888873073774
0.5394680350763054
0.0
0.0
0.09430424548259754
0.27281928931213706
0.3560357835891638
0.0940690117930933
0.182771050947923
0.0
0.0519755837593384
0.2799268325637361
0.2106093641394812
0.16704740333006665
0.03711903255527481
0.2533212918258999
0.062253810604902766
0.1342570319680571
0.30511196569791277
0.3075447865435142
0.1271349072322753
0.06369689260520872
0.12232151913858198
0.10576908500974826
0.2651278242080451
0.15713117821804864
0.27157143014466956
0.0780783022646674
0.015195893609603836
0.14807786025345163
0.37052174585228204
0.18661274096660999
0.23575956612001392
0.04383165594209252
0.19442088584761125
0.19825338511712212
0.5144699052720908
0.05381886804271602
0.03903663690263866
0.0
0.0
0.004293955614493592
0.5851987011997988
0.3928021513297678
0.017704432784631536
0.0
0.17616515047619674
0.38528302647401225
0.15093197454209065
0.16687461830729156
0.032530471181112824
0.08821363653034345
0.0846229120416546
0.042145927012305115
0.09415168225579548
0.4953637787485509
0.09168116170332255
0.1920331923126049
0.3008530022441503
0.06081496625007938
0.40399967785706203
0.23433116643596866
0.0
0.0
0.4069907617258508
0.0
0.07176421642833355
0.0
0.17505587737473804
0.3461882798818075
0.3205618681969763
0.05581873126309387
0.09802428320687788
0.1448025582297522
0.23602065689783977
0.14477134048643092
0.13508504413803016
0.45296840701934205
0.2685815663986766
0.06836261682178643
0.05702680416718821
0.017975198152814884
0.034269224894225896
0.3208919803518093
0.23983053897098397
0.40500791974557687
0.0
0.0
0.11658713908970512
0.3648681636621682
0.28575257802578474
0.1695158761560879
0.0
0.0632759130024272
0.0
0.7386667158211586
0.25587508466426856
0.005457768040151731
0.0
0.0
0.08162440512316436
0.130618131727164
0.02807714212377838
0.26690729979902544
0.05464927163180367
0.4381230612974751
0.1456452611697992
0.1220419435413517
0.3279988522134913
0.18005381316745084
0.0
0.22425923176476364
0.6395740108511456
0.22343819986511704
0.0
0.08403293433848512
0.0
0.05295427989849249
0.16904801125940996
0.2552982441847112
0.06799376099969356
0.3674832712288309
0.05624934278787924
0.08392557774645006
0.17339447510758474
0.0
0.0
0.0
0.7288039542680275
0.09780082602796739
0.1505222315130478
0.36892870553003165
0.04756037162623134
0.01980457919216341
0.2197963612577341
0.19338734112113828
0.0
0.17123080002570237
0.5052589007548872
0.10167548531818042
0.18970034807850708
0.03213393495518002
0.04104803177184599
0.16768329969492365
0.6219026950538584
0.09398048425746473
0.04862582366037771
0.026759363345340396
0.04730982625862114
0.33952722710997324
0.4608992521407194
0.08419690672863872
0.0
0.06806651563270147
0.0
0.31997649257977817
0.6579210919768397
0.022102177220237475
0.0
0.0
0.022774164719074005
0.34963721370610257
0.49524195374405555
0.07938487543400473
0.052961564655115895
0.0
0.0
0.03295190987629579
0.641077048259908
0.24544608223645034
0.047653449863268346
0.032871177035298994
0.024308117240578284
0.13777050190719553
0.7368708757713495
0.08792883831061524
0.0
0.013121414435359184
0.04151623922870807
0.22495217295169093
0.21313568418269907
0.25492258290920233
0.17473557673681628
0.09073742520057872
0.13051035749251078
0.22222894398055015
0.0
0.1165695246398427
0.28778554540198226
0.24290529169981556
0.06272122981517092
0.19317423740123377
0.6333445028220764
0.061591917837468355
0.04916774284859958
0.0
0.0
0.001507922300230986
0.28927605487864727
0.537438303929212
0.11704628748988705
0.054731164836492804
0.07466534708262654
0.2032354759252653
0.14848988776234767
0.1395908478272838
0.162829388849444
0.2711887818842533
0.03221639462490878
0.7895549675311472
0.1453316330159726
0.03289661368636758
0.0
0.0
0.018353427367782997
0.3638867326670118
0.6098643194669637
0.0
0.007895246779807557
0.0
0.0
0.43096070665163183
0.3191136513458376
0.15618721248794604
0.0
0.09373766389097962
0.05271348268185698
0.0
0.7128149934475444
0.1675166679095787
0.022502064679662905
0.04445191272334727
0.02059818415759701
0.08537333785972796
0.11265211217976331
0.7014709511377445
0.0
0.0799046470161753
0.3363362344196718
0.09961524921830565
0.3144039035182546
0.10600437325610954
0.14363949181605032
0.0
0.0
0.5783367292669508
0.2853591118155765
0.10506036489865947
0.013265386403536337
0.01797807261367639
0.016669047320018712
0.10993744332020151
0.7537703715944819
0.11962281815089272
0.0
0.0
0.039488497533966715
0.518009531385104
0.3495056932289168
0.06220724896470782
0.030788556098286922
0.0
0.12460541585665615
0.7280136361500381
0.08859326274917095
0.03244193462151362
0.0
0.026345154328046384
0.23444826316814774
0.13765580001692607
0.10590986292326145
0.26870304320241956
0.17597474879009917
0.07730751793720449
0.12723223422545898
0.2828023379440138
0.22833138677735687
0.06824258309462836
0.11510835870952114
0.17828169687263395
0.6011945849371259
0.1370469343567937
0.08337729495151898
0.057430550090029876
0.0
0.1209496495779291
0.2759741150937556
0.0
0.0
0.048568081210859815
0.18834074891414984
0.487116489270964
0.04536943204756749
0.0
0.038845271431747846
0.04432794180660658
0.5279799158188129
0.3434771243148412
0.009173821256251699
0.07046122672642363
0.5605709989101039
0.25288567016461994
0.10690751845747913
0.0
0.1580099713778311
0.36660831617899675
0.3399139926993631
0.0
0.0
0.13546732344996296
0.0
0.22591837191657047
0.476268754169101
0.09264781285538334
0.20516477664366997
0.0
0.0
0.2048601136105096
0.7142144237820717
0.04848068675112072
0.032444578374100544
0.0
0.024644177066874776
0.03638827435485625
0.20340081068920512
0.6040087477651509
0.06592230570859853
0.0656354844193573
0.05561009393551822
0.0
0.5629064071624772
0.2700099914836526
0.07950945985696649
0.03196370143597842
0.25245661327928753
0.0
0.24657289494065776
0.3822975682517901
0.09392634557404511
0.024746321070461336
0.08091744851473089
0.6582463963912449
0.11803608409340582
0.0
0.0
0.14279979953399455
0.0
0.5221050103182148
0.22058086278520864
0.1338205389541382
0.029104345601078746
0.09438864648307821
0.32834768786328106
0.0718567413817935
0.03999710634712977
0.26418167743094856
0.09580898190967381
0.19980697467246858
0.25012921808155153
0.5549435171947575
0.08272585569384362
0.0
0.11220103004979233
0.0
0.0689953747236779
0.40758724981767996
0.41636374900542417
0.058154473200052806
0.04889866426652252
0.0
0.0
0.06658367494933541
0.24852881351590486
0.6537882282543249
0.03109897523387806
0.0
0.06957403925106025
0.11787843817285287
0.18703800143102256
0.37908990539558207
0.1185181552338151
0.1279011170525999
0.03727138083383731
0.0
0.722927388303414
0.2004022960181242
0.03939842802067974
0.0
0.026701169924563138
0.39536850362580767
0.2810369124522633
0.2582532499954915
0.0
0.03863943996474144
0.017753264010045643
0.40326883879901704
0.2661613194846474
0.2501523642589152
0.03797485612831647
0.024688926231704128
0.009654277559384703
0.0
0.5157281809256266
0.4746169561384077
0.0
0.0
0.0
0.008460171125802383
0.8794129491986237
0.11212645666702392
0.0
0.0
0.0
0.15822737959466984
0.7726625840040017
0.06910971666814672
0.0
0.0
0.0
0.512975563653067
0.43253667817350483
0.00942660431580626
0.015460781702159353
0.029600136490358187
0.09668838984962214
0.22207137871322288
0.5440497351226393
0.05349369354950845
0.08369617445095202
0.0
0.06074294866402339
0.7922398280785337
0.06051861128830779
0.051323488285295975
0.03517468150279538
0.0
0.05998659703894293
0.07241981978286983
0.25602666855966444
0.4169752286461801
0.06579074009175713
0.12880015192581493
0.09711323552510598
0.06342141634539651
0.7815664374828888
0.026094006219700067
0.0
0.03180418457298489
0.021733238317635573
0.5242614248563203
0.4540049188791381
0.0
0.0
0.0
0.11471076262590509
0.05682193813829315
0.3714463637684429
0.3056255239130021
0.08562196126749638
0.06577293668652037
0.5724714818554925
0.27118906679242233
0.060243965477407325
0.04282159847122675
0.0
0.053273197808022185
0.5325149369139778
0.07470701220400834
0.14105851252876847
0.0
0.035634729768228124
0.21608436861654212
0.10567474883541882
0.13289118035483388
0.41891845942347355
0.2087164992406159
0.09177195738494219
0.04202700223244567
0.05540866335066041
0.44683022187712923
0.1271189214426129
0.0991162149852782
0.0
0.2715257000177505
0.0
0.7146277826175481
0.22873564682472675
0.056636316314600234
0.0
0.0
0.06122745698687431
0.12441981630275972
0.5758720061251061
0.015898801534444586
0.14017838752025683
0.08240303852964327
0.24649933972702545
0.2577847904619554
0.11437434819059966
0.06118280425919101
0.08243889137621611
0.2377182964149287
0.2231823011956079
0.48196720174186325
0.1292467885821522
0.025419954469063352
0.016932171346738894
0.12325121140216976
0.1070854339169176
0.0722465030229694
0.1602028141760557
0.41195288604897656
0.1771520408670994
0.07136001046802154
0.20901121083652074
0.4607321802923649
0.23560577336259755
0.05869308173382953
0.035957421063711144
0.0
0.2812933382736678
0.18749451015403137
0.17950397780324404
0.081737974059858
0.1297813275438354
0.14018822140417525
0.06712216399334783
0.22868083802371442
0.04170148853830998
0.41010105849877776
0.1169221825575338
0.13547169009269497
0.13999558731482098
0.08630591064192837
0.10553639616670363
0.39995871236784364
0.06373111908333018
0.2044716117090951
0.08522102531375413
0.23019107388991333
0.02666871777839359
0.5151351769455791
0.14278358012190082
0.0
0.13616669684304578
0.09938106224013146
0.5507919246145726
0.1395636398523218
0.05734781072351178
0.01674851800424527
0.2981266872754676
0.08004816538435484
0.07468718902484085
0.11975742808184413
0.2599650381862011
0.1674149587849966
0.02881021582182807
0.4899384688647054
0.23638564570641066
0.24486531126658412
0.0
0.0
0.0
0.404111952728783
0.5885555942944122
0.007332179722602873
0.0
0.0
0.06283241370190967
0.0551232086955548
0.7749775130406067
0.10706644444679554
0.0
0.0
0.0
0.07470004093174033
0.5677819455598091
0.31073124848703
0.04678602526940306
0.0
0.04875260275609342
0.046507879736701264
0.7110588141974179
0.15973281018010696
0.0
0.033947148789227485
0.02458438061643692
0.3414936769676127
0.6205369540110732
0.013384677720851414
0.0
0.0
0.027892886125211593
0.6023410491630629
0.30477980883427236
0.02145606735688693
0.0
0.04352965211889033
0.14352662812361172
0.3987604052984626
0.20301499318921912
0.1566721657434674
0.03095814668055809
0.06706688701102566
0.23355856698351873
0.24551827521510347
0.25547348509894424
0.03234251741694466
0.16234653071908905
0.07075977737170443
0.12292228926506278
0.29014902575956786
0.29572563087747855
0.2493791891865072
0.021829313320999525
0.019994104508610427
0.06099473953487647
0.3045837877065703
0.4767423901229215
0.12174723513778939
0.014687980651266735
0.021243495919044633
0.3252472306730655
0.5399837961042693
0.03186354525159859
0.0
0.10290477317927185
0.0
0.09192501709733629
0.4628011545819779
0.4079145162208974
0.019295960969331966
0.0
0.01806300478813585
0.3300319085208846
0.1379954556271235
0.14882855743893292
0.0
0.11601755432958707
0.2671262365378772
0.10185230652742956
0.16633501096674247
0.42303356113099333
0.20321236263267467
0.050152473278354454
0.05541365380256993
0.1021964611902006
0.4052481356119131
0.2789958946843859
0.20479634390474208
0.0
0.008762471874576287
0.0
0.4716291826170127
0.5097088227283854
0.01422828995434233
0.004433550994534096
0.0
0.007646058289611039
0.31067897894987345
0.6494714992494167
0.025762611035945286
0.0
0.0064406527589863215
0.03862842262278847
0.49196849762564837
0.3043831796021508
0.04903068369917336
0.06516826921372079
0.050819053322241375
0.10985816125461462
0.5737843171984995
0.13337426697599447
0.1578289071358388
0.0074602205903160955
0.017693467448143742
0.01435995462414304
0.34851084318137887
0.6108857631984322
0.0
0.026243216354397143
0.0
0.0
0.48032124736715454
0.42863040925094886
0.07344027045155035
0.0
0.0176078050173534
0.06071007270148355
0.41216022874238945
0.16256858532654433
0.08609991369271491
0.20924038842894396
0.06922013234866829
0.048395794237384576
0.1458676753740216
0.5515521755150005
0.10485101531495512
0.14933252583159146
0.0
0.13231089745281507
0.41354613105697446
0.45414270390828326
0.0
0.0
0.0
0.0
0.02065015299934137
0.1204028984654745
0.5376843934324258
0.18779033531456227
0.13347197642381164
0.04275795093444044
0.08526867200784487
0.2925121782935008
0.5698280866091062
0.009632832206619408
0.0
0.14307389058876707
0.6503297484086706
0.14832302336931374
0.012067714464428904
0.04620532147596243
0.0
0.04449473356815986
0.3024029837175265
0.32122069419678057
0.05476013713185903
0.10214915024438721
0.174971844023724
0.002560782384687353
0.12361921162725437
0.20599617820635183
0.33214254744139554
0.3356809940361473
0.0
0.09759072579135082
0.027399048102518662
0.38659740758083616
0.15512572946035694
0.33328666828737896
0.0
0.0
0.16450486075448395
0.4727809288073477
0.2547479222995052
0.06910058165088623
0.03886533632493167
0.0689938687204647
0.4339196642832008
0.25206084393832884
0.2450252307435563
0.0
0.0
0.0
0.0721787529986867
0.6187833483771497
0.3090376133689365
0.0
0.0
0.004913496159531435
0.13724601242529377
0.4988872666779672
0.358952836291254
0.0
0.0
0.1883459134121881
0.15070960665960836
0.04575819231426582
0.09610101599295102
0.09534978506031049
0.4237349152969257
0.053019584646578764
0.0711430177637805
0.41408828964770644
0.12190279500838935
0.1532999041246759
0.18654607289182745
0.20352988433127753
0.36637032322385954
0.1771768109999997
0.04981358997883299
0.08855217303285184
0.114556973872538
0.06911831944871927
0.06309058138255928
0.1628686637842297
0.1564871771580985
0.4459482962157519
0.10248664397557392
0.1923243951334966
0.2895396055242402
0.043935237737158385
0.2816259205647628
0.0
0.1925745564894996
0.0
0.40553629536880076
0.5753065638665427
0.019156863362856966
0.0
0.0
0.09228402632740217
0.3007749703460012
0.21095986784879495
0.07482184422989865
0.20954606881181212
0.11161297841519621
0.13330220104843957
0.7601657505254815
0.08881050972766209
0.0
0.005869597486806961
0.011851534228249895
0.0
0.0
0.0
0.0
0.03199640693435762
0.9680034183861133
0.0
0.07760921609498504
0.8094648553158857
0.11292558526957984
0.0
0.0
0.005924352509240717
0.972123965730649
0.012213366097445336
0.0
0.0
0.009738170430022218
0.2706057613589675
0.05886526726991382
0.4431087172523821
0.2274185197840341
0.0
0.0
0.12119542603344573
0.06268403101580051
0.6180302493813072
0.16242965374960305
0.014166748106345134
0.02149318616512224
0.01906719967249315
0.21587895377342153
0.7172505696310659
0.04780308100875744
0.0
0.0
0.0
0.342161010291322
0.6232847706555524
0.03455401837461902
0.0
0.0
0.11521831257404269
0.35298451574851414
0.37838498212230165
0.13244269550584495
0.02096906458610413
0.0
0.06038679623642194
0.5210856161638825
0.357843875396952
0.06068331677565347
0.0
0.0
0.030817522912076102
0.2602896685083981
0.6817698828479499
0.027122669629297432
0.0
0.0
0.0
0.30012110330845637
0.576409637246656
0.12346898213767729
0.0
0.0
0.0
0.0
0.025068116735469857
0.4617013829102317
0.4304910376084628
0.08273914376245389
0.06284224082079118
0.03702294347751384
0.0
0.13207920461890452
0.21473857854811151
0.5533159565772833
0.029294455196784874
0.10118783770190647
0.4912408038912446
0.0
0.28411273921865804
0.09416368523178495
0.0
0.049532657000127
0.922896193041229
0.011240089836037264
0.016330747897901326
0.0
0.09854925405238729
0.11449173677053327
0.4862030324839273
0.08458580102118332
0.10739126631490721
0.10877864304249708
0.10085540241751043
0.45305122930956593
0.3893479977214205
0.04618936856709567
0.010555664105843823
0.0
0.044666922646687236
0.3144000730684619
0.4073738310753712
0.04373431746709624
0.1034464502581706
0.08637789790554366
0.062211583817405464
0.02161400284754894
0.812397317292477
0.03366504931107188
0.02765552350213664
0.04245601491076508
0.13543068488602056
0.049137057877416394
0.7099525955259509
0.0670232164966128
0.0
0.03845583100078502
0.09583275410955651
0.2984165604155813
0.25392932136021384
0.11838887777975408
0.030449337562675493
0.2029822638563567
0.058889717662332745
0.2686253299196079
0.4610519884448029
0.15013862547057524
0.026357986102857108
0.034935586386443784
0.5452189878606738
0.34850852143982125
0.0
0.0
0.0
0.10627216805335936
0.32413526086790667
0.4685366811340734
0.14281053851330525
0.022217789588157493
0.021207356598934676
0.021092097294904872
0.051617081515577055
0.12016162185053243
0.79380893831316
0.0
0.03441164388787577
0.0
0.0
0.9019250259706633
0.0201563194418065
0.016794347774967175
0.01202251816921437
0.04910156766508568
0.0
0.790044893653416
0.19977974831138412
0.010175167369936094
0.0
0.0
0.0
0.7363159365162606
0.24599072113904147
0.0
0.017693183249811614
0.0
0.03416281453599579
0.3717973044947875
0.2950716313554845
0.24572883848204974
0.003906939117153382
0.04933212668662486
0.3361608047863307
0.09224352538608571
0.009074627592419018
0.022893805852338828
0.008351905407844466
0.5312750849045894
0.15439501852257237
0.46033469818064254
0.08513085726281204
0.07696125124304375
0.12151996501234398
0.10165768077049706
0.01455967349148148
0.03767903823072169
0.839008996641521
0.10875194299532172
0.0
0.0
0.07247862106028917
0.037468386233422614
0.6809600368790671
0.14540865932160185
0.041606040965817416
0.02207793253646296
0.0
0.0
0.8738225973682068
0.12617717577853005
0.0
0.0
0.0
0.07928977812916918
0.9207098162796107
0.0
0.0
0.0
0.19069254926200632
0.20456923493231802
0.10485534580834936
0.23316171393881588
0.0569486487485005
0.20977134095619407
0.02642604573770628
0.36831310921895033
0.4569674633971046
0.08529436486236304
0.0
0.06299847002510658
0.15560006758227923
0.5918006394996971
0.14947501003259037
0.03909759881060814
0.048696800487179344
0.015329502252004185
0.010533174793491014
0.7023849112978128
0.1655628267035352
0.043116024894658926
0.01698423500122893
0.06141843476102953
0.15863296774080463
0.0
0.0
0.1072136242528127
0.3421629334358248
0.3919900290309295
0.0897698072246597
0.0
0.0984400297239544
0.17281086264521311
0.16565839908597357
0.47332006909471547
0.560661331726779
0.08331280256664529
0.0
0.0
0.03793405711503882
0.3180913485735331
0.0
0.1669364666030753
0.693667080429566
0.04877870595414729
0.03218484373904502
0.05843273622380784
0.008108783613475634
0.6130929621745387
0.36724120542807714
0.0
0.011556795384414913
0.0
0.12559194234443535
0.08484269836668035
0.11835976287549317
0.5620641766086718
0.007461889121236371
0.10167915758903245
0.10136355177834365
0.04782088038856767
0.12415443004585697
0.4983904064202555
0.08632726326698814
0.14194288818664347
0.0
0.467847244064426
0.19102169592956955
0.16877588974562904
0.17235420635430496
0.0
0.3226521710298157
0.03368448175934625
0.3644428246626336
0.15176958272389834
0.0
0.12745033365877065
0.0
0.6902903821135048
0.2974949731782783
0.012214045865337267
0.0
0.0
0.2441807453162389
0.4459394401101391
0.14087737352087312
0.04305196820807181
0.08819056835895034
0.037759076563230874
0.0187835532174667
0.34593886909430593
0.6323328055635572
0.0
0.0029445679556171257
0.0
0.08023989116930316
0.10538268604668695
0.08641122503540925
0.5882224886488968
0.024033896257354925
0.11570887447636508
0.04938511997258887
0.3939744223365781
0.1393362532417805
0.21097290954295017
0.20633084104785596
0.0
0.08092263019080269
0.1379642438160189
0.7160574111122169
0.02881266888656208
0.007627768146947512
0.028614980033144697
0.0
0.5990911859048259
0.26662675072632697
0.13428185416369964
0.0
0.0
0.0
0.46481672013972775
0.35281387397508657
0.14451650116437076
0.0
0.0378526809870828
0.5884397834660179
0.26249504744412633
0.014133517879454185
0.026430471175880377
0.012531315479604635
0.09596959591705183
0.05439829227653427
0.403686876242758
0.4602454036645653
0.05140379858576214
0.030265262210173
0.0
0.008147661781637016
0.0940938640707039
0.4237649084397116
0.4018247619746215
0.05200404829391389
0.02016443337482228
0.0
0.0
0.4975690176555342
0.2695393164251868
0.23289141011248604
0.0
0.0
0.0
0.711463893595152
0.2885357454833396
0.0
0.0
0.0
0.2627602836620348
0.6911140013507966
0.02288679795633781
0.023238536429064132
0.0
0.0
0.05225778659944114
0.8739331607946215
0.07380844870171846
0.0
0.0
0.0
0.053677079887930426
0.3339410686695105
0.19793324743974539
0.27438539328994765
0.14006206001993649
0.10696224625887454
0.1665551500557931
0.013688930905083817
0.3502877113528365
0.1635614647251295
0.19894296623333863
0.18893491558299494
0.028709893765425702
0.3349885361220634
0.1337747991281137
0.044296411650611024
0.26929476855087725
0.06915457554375351
0.06082399251439662
0.42711714341660756
0.21025152456717744
0.07991558135977674
0.15273639100565625
0.11956125336055261
0.3388209179005965
0.11065777516096156
0.20707483397397444
0.17199362625641867
0.05189112431564046
0.3662395323501739
0.07910872444848188
0.0
0.1941920131965919
0.05720707816833677
0.3032521033885676
0.4081500786528777
0.45129219575415086
0.1405572206387468
0.0
0.0
0.0
0.09184710951151534
0.44379541082791885
0.23065000051997997
0.09636297777534542
0.08756533420641816
0.04977846645799577
0.11831190961195755
0.2699094165033184
0.10241535943311658
0.0
0.07063949091921805
0.43872361164264645
0.13459081658705568
0.2802437108873128
0.0
0.14847643406257496
0.40941655870922034
0.027271915975499522
0.0
0.22144936310156974
0.7035320866338565
0.048186960642847165
0.012115245058822078
0.014715956763372664
0.0
0.5240433926029839
0.3362434187998739
0.0
0.09858214923732161
0.041130698305031806
0.19959473298451877
0.357429008646249
0.22270014811225977
0.13940830730162637
0.017411934575556662
0.06345509887370086
0.03661864344543998
0.28556275529378156
0.11244823066160109
0.4641760746605588
0.10119368850579841
0.0
0.0
0.19732201130533514
0.6485431011357216
0.1541343581979441
0.0
0.0
0.14355416195644452
0.2928618987898093
0.505885816203494
0.05769763599463411
0.0
0.0
0.2856942147979448
0.09568241769123358
0.08986003732430782
0.18102518752982436
0.22754276823361683
0.120195013471961
0.6749747445150984
0.0012737618579962422
0.07209192476508391
0.0
0.0
0.2516593436904021
