0
0.4219385627084768
0.0
0.0
0.2510220928099931
0.23735437989681366
0.08968438431896099
0.24716053847335925
0.5577035827023324
0.14462282662980097
0.05051273648990892
0.0
0.0
0.20203566327452865
0.0
0.1536207903126726
0.542437067658737
0.03615637925925766
0.06574955638818653
0.06892429937130441
0.16825491605391651
0.39961487634130805
0.36320529283794356
0.0
0.0
0.22962483081358914
0.1290343263070472
0.2003459758372037
0.36782559478073557
0.019346267894239332
0.05382224902233744
0.07040167058424301
0.027877638865928502
0.33775084907290426
0.49437025463286377
0.0
0.06959888282735466
0.1793326918481053
0.07394218214716206
0.10433450434366731
0.5585579086229786
0.08383182502094594
0.0
0.6223347372929645
0.044304894562021344
0.0
0.0
0.0
0.3333599196818077
0.5643605985192165
0.09600443065625505
0.0
0.33963450413348345
0.0
0.0
0.2485533169090471
0.021054956930331853
0.0
0.11465555235268164
0.2607841094679887
0.354951685447696
0.668777682519249
0.07216181837586914
0.0
0.02263082776331654
0.023446615244793974
0.21298278514174643
0.7005169042825106
0.0
0.17842992990120418
0.0
0.0
0.12105239967598203
0.15670250590486237
0.0313335698265867
0.04517896877167285
0.21551940068943365
0.17147282863956229
0.37979189582993356
0.33193378620635
0.06222407576670365
0.09243154692758976
0.0
0.1837395289864719
0.329670472886635
0.2275576119322972
0.06247779268150963
0.07419067876658376
0.09825900856793701
0.4279856920500503
0.1095287429021614
0.27397823669943566
0.0
0.09155990157062484
0.10559489253286508
0.16241632295038352
0.3664500982902175
0.21169364895183204
0.28420982358161767
0.3572572785734842
0.0251424905564828
0.0
0.12169648269380495
0.5567340071361824
0.09166566230279301
0.04073714332748815
0.0523084691340341
0.15640359949238655
0.10215040730573448
0.5112241175132555
0.0
0.1568432267149875
0.06341933928599401
0.08796304646204077
0.1805497312544871
0.4208259228589388
0.21277930339503037
0.14773198308278493
0.035355171567112015
0.05320873622879465
0.13009830505736025
0.6368438290099969
0.3151938205512086
0.0
0.0
0.04796219207784991
0.0
0.40210598397683106
0.0
0.08201370598169319
0.23664038912989313
0.04384981748675642
0.23538943503224333
0.36523274918000875
0.09535448400533224
0.4228581413850135
0.07767967396592274
0.038874477807170106
0.0
0.23791028890902796
0.0
0.444690345769946
0.2698945493642722
0.04750430009299566
0.0
0.17949044297160283
0.01720934384365743
0.16749247761677324
0.14438897111561938
0.34696810593489597
0.1444498979646929
0.04941759451612689
0.2510219467849967
0.6995601846624095
0.0
0.0
0.0
0.2434656091952501
0.044281226620252724
0.22063838598882715
0.35718431342783946
0.08416260579578337
0.05026767418441092
0.15052822495347337
0.010916874771777928
0.0
0.1670736066845843
0.5799809661378731
0.09150008622115265
0.5145931064299935
0.0
0.06981573864912871
0.03796080182845227
0.09520326074369362
0.28242678637237345
0.3896320048023848
0.21863451820655486
0.21907772615606924
0.022045620636941758
0.0
0.15060976358485265
0.33366464089200326
0.12138446016642215
0.0
0.24989071763929158
0.2074285801679413
0.08763096517964418
0.07805295023843507
0.08952584324905043
0.2542834975883827
0.22918914103445623
0.17021988242260913
0.1787284348912721
0.07186142268987156
0.10205251690714373
0.249321460384286
0.21529066167859695
0.1508618493679846
0.21061157462546987
0.34464407264008545
0.1134338040619082
0.07159132902631626
0.30885402739072376
0.11416813834507143
0.04730825188546553
0.05879549042191283
0.0
0.42157243587229515
0.33232288238416635
0.18730888990891326
0.0
0.0
0.0
0.406811520659434
0.3581317297506194
0.14026987810625105
0.09478641754251214
0.04312377803941558
0.24949572549556634
0.5652271807933901
0.048059180573600147
0.032944702701261395
0.06114878925950662
0.0
0.0
0.21556408349637038
0.4138404981436725
0.30268957332696605
0.06790533247786443
0.0
0.21518684482302694
0.11014872554009998
0.4140063452926501
0.26065754623322734
0.0
0.06795459978686913
0.04733300108573632
0.0
0.2929150855488794
0.3372079760596265
0.2545887765690135
0.20465169749703055
0.03283376126664052
0.0
0.030114373966503565
0.3105160466512217
0.4218839025587462
0.24724289894384086
0.17911960282973094
0.0
0.0
0.45133022109176035
0.12230679427929221
0.5571118959972033
0.31508464139409725
0.0969269164549872
0.0
0.030876160201715384
0.0
0.37788851498180515
0.04083107483633667
0.13295614448047777
0.06868929506737137
0.10478279550173351
0.2748515915929422
0.37793447533533603
0.057514716777123345
0.0
0.0
0.18528451695365775
0.37926604947142173
0.0
0.0
0.0
0.019268370706677675
0.5353540628603126
0.44537724017832514
0.06532743422194379
0.02068820844618368
0.0
0.18756684719723948
0.5124334972852951
0.21398365423204752
0.01853512382320346
0.0
0.2197011181358472
0.497791268946573
0.259338341806049
0.004633780955800865
0.3629750403369272
0.27317271439796526
0.25870098879419107
0.0
0.10515085112250654
0.0
0.32516091179478107
0.24049793215696463
0.0893024798621827
0.20449570364150854
0.06371939463416686
0.0768229977795398
0.2504813011163739
0.20455322409117754
0.11571158918330585
0.0
0.2021020765684685
0.22715139351816757
0.1777060522360054
0.4611763574073188
0.09236583871556259
0.18433175070539384
0.08441919995478848
0.0
0.05938849913546454
0.0789960519799434
0.049321132856266596
0.13700536595475515
0.5534092305922277
0.12187917295111798
0.22311875762910846
0.21849970086057682
0.1437886424666858
0.1856066674401104
0.06980465932166129
0.15917910431457288
0.14361195067088137
0.1265053859036534
0.1756328551788274
0.033503581284772196
0.0911108409750276
0.42963521167805174
0.3001814747569358
0.0
0.04023647170360042
0.13913221120707947
0.4223304446650952
0.098118900882854
0.3142355992344869
0.4142934027414176
0.10636142097867009
0.16510936514359545
0.0
0.0
0.02184199400046242
0.0
0.322638271966734
0.47056418244691706
0.18495519308660963
0.0
0.05611365516087907
0.03987530032048027
0.13615744648258257
0.6064186800390504
0.12909717550378394
0.03233747316388111
0.13240463894304536
0.0
0.027954233553629734
0.15534378497942014
0.36839309881464744
0.3159039401456651
0.0
0.2389162642024709
0.3229219045030894
0.37105846331961023
0.06710280310760815
0.0
0.035710892935270515
0.07495880230256897
0.0
0.03082643057830762
0.1950235822067906
0.6634800818402579
0.0
0.0
0.028545634124737606
0.19223175426608963
0.057705539773254766
0.7215163720534736
0.27478961039501876
0.16999922485908694
0.15146023590340257
0.04566745062310133
0.0
0.35808268083110883
0.15842407658225907
0.10107195579747116
0.16488361339063146
0.3289205456500164
0.09979815180310937
0.14690088291770773
0.3163022960216219
0.11467275925160361
0.257179918837645
0.0
0.05164482196657818
0.2601992442401769
0.1768031507951693
0.12107595283712329
0.1351875406326295
0.09270460781137105
0.204423563500028
0.2698041700310358
0.1874223257370911
0.0
0.0
0.0
0.2438486043343651
0.5687272716216509
0.16699220950726457
0.16782929557539966
0.14031124166429623
0.08262885456048676
0.22726918720717684
0.21496796408571922
0.19940070924577732
0.06284492772257563
0.06594111850137827
0.3586841268538429
0.1625889231322848
0.15053910516621094
0.0
0.0
0.0
0.009628017822614417
0.5002138501568437
0.49015773085312364
0.0
0.10408219823055136
0.13510383054858888
0.3960433629384471
0.28381319485038514
0.0809570202699569
0.05534387125482551
0.11368217036037113
0.36551628896324867
0.0671919682958287
0.08901316228534989
0.3092520848405962
0.2996234528085928
0.3549880995185827
0.08023606907300643
0.08148264873707188
0.0
0.18366921586045845
0.0
0.29446396342954656
0.20209573114310597
0.0
0.2093777949778603
0.29406210896795326
0.5279205576606103
0.43086743122257354
0.032435117387207994
0.0
0.008776517439519932
0.0
0.35969517277364677
0.14958203679635274
0.0
0.038430148911377346
0.22748654751022918
0.224805304569765
0.02085338444781988
0.0
0.018555493468160125
0.25837988119387123
0.5065350293430552
0.1956759687373553
0.5256741100395494
0.38007189862028845
0.049983708261113556
0.0
0.0
0.044269940692741996
0.29939054577278823
0.12653858078494487
0.12605543461588986
0.3649983481761056
0.08301652049048595
0.0
0.09138972364171716
0.0
0.1102100335578269
0.21800057361794772
0.3285634395124413
0.2518358082902033
0.12705076146051555
0.3909981518620968
0.11611415812951897
0.28035906493598517
0.052877600447566904
0.032600041513263234
0.034577143856998525
0.018776470099524982
0.0
0.6635668287143772
0.25484106001719053
0.02823824273764068
0.0
0.048184739467443005
0.24660680470948684
0.5156540415633059
0.12486283532460506
0.06469138675501374
0.1090664365467121
0.38606376416547317
0.07499519662770063
0.11338618234115751
0.1656997003312752
0.15078835707750063
0.0
0.11871094418116274
0.573290307633357
0.0
0.10241043885876595
0.2055879404555483
0.1069618211677765
0.26665054592991044
0.010117244383037963
0.34616837896032354
0.10729673480104265
0.16280500814509533
0.11309956326139546
0.06044816059843679
0.3169442819579212
0.09813217232959666
0.3172820865704206
0.09409338085576405
0.10518573051892717
0.0
0.22709389419156237
0.15366110275652603
0.24655654385650308
0.26750243231531134
0.02838458298084373
0.13603158475141605
0.02584818383074316
0.037874944660423494
0.3292463176170149
0.44261389054323813
0.37592918964408834
0.009585620096690244
0.0
0.3350500686871479
0.22310030927389718
0.05633414765500729
0.008927449714744407
0.27294689225780944
0.32610697434942865
0.3585551334073997
0.0
0.033463051211026065
0.02196225148614805
0.0
0.27553491375052086
0.446069140945914
0.14887894673184598
0.10755425599469265
0.0
0.0
0.06677712006610971
0.8801047084852633
0.053117762220416975
0.0
0.0
0.042589619464052514
0.7037016262580305
0.11865120562840872
0.0
0.13505710924817585
0.0
0.07789458533803911
0.105084772568798
0.769179217525594
0.04784093465729079
0.0
0.18516799527422523
0.12858940527454837
0.0
0.0
0.21382645750992843
0.47241566810580804
0.02454726837774824
0.0
0.2808307553827442
0.22983773201968347
0.38996282466704063
0.07482104745357802
0.21068084224979974
0.0
0.12842638816613214
0.027184090859395597
0.34289226706730913
0.29081598690593424
0.12472769970702029
0.23029074464922025
0.1558447799393437
0.4891359493678202
0.0
0.0
0.1070783566655032
0.0
0.0
0.43762486577011384
0.14775289868636549
0.30754319382746015
0.09991407410818949
0.25336546317657793
0.16718459406292666
0.10808336259449536
0.3714520633065036
0.0
0.33382432159207953
0.056443637768967846
0.07143648609065908
0.04930632196575019
0.0
0.488988766014602
0.26594792716777
0.03926876607979819
0.05050529901735114
0.09116769030816671
0.20523045877972843
0.34787926010197334
0.13681766619955826
0.21284076192605939
0.21465817711264296
0.2410542384835794
0.13982898834488547
0.05479972691689079
0.3708816178478976
0.05712518717524565
0.039113027303936995
0.10803414306587385
0.2006468292734325
0.22419862408174168
0.19014951266642507
0.0
0.032510292228261704
0.0
0.4378376029935352
0.33950181688951897
0.0400540692438062
0.0
0.022669065969424924
0.06008110386570931
0.4045820828328393
0.47261305224337435
0.4125438182143019
0.18431087902822274
0.048814663527880206
0.13089845280712264
0.1897871883986376
0.033644523356261086
0.3184705829214018
0.16624370657950419
0.2425698720435201
0.23100442884069533
0.04171071542446685
0.0
0.4076143875408923
0.11795661745499739
0.10918098540787138
0.0
0.07488592670103005
0.29036166640767835
0.35121988010047994
0.46143921585936803
0.0
0.059248099308872405
0.05513469944594839
0.07295765117633685
0.0
0.08528154179528107
0.024060448032812008
0.3067690053201517
0.5272480649094717
0.0566404890905675
0.1695412442321914
0.10140456493715805
0.05349917517753194
0.29422413662584196
0.1924694030803514
0.18886119614931893
0.1165277220916034
0.5508533519653463
0.24926236280548492
0.08335630603827582
0.0
0.0
0.14294018234889821
0.49432792051016555
0.07165812125488599
0.09731503385300831
0.1595280314248301
0.0342303824393876
0.003986432752869425
0.10015788910780535
0.18224877579128673
0.1906221729028467
0.34358569318629467
0.17939853795479188
0.31876564504418814
0.3400954328718974
0.20729668191456332
0.0
0.06156019504844183
0.07228155097620238
0.18913222058898962
0.14887169131724318
0.0
0.19049923824069157
0.22681231522740578
0.2446841853640929
0.09989111337632764
0.13780974227049744
0.14857375992304006
0.30258965050814995
0.1674175738423651
0.14371788183923973
0.24854357228831636
0.19651292408696225
0.16665121219491366
0.2989547221537466
0.03352289679318845
0.055813953841687365
0.4795291416855213
0.16645152836281038
0.0
0.1628495335109465
0.06596662129511592
0.12520290123412897
0.09178542312083168
0.3311790053263669
0.384365590342647
0.1047452652171238
0.08792406697206849
0.0
0.0
0.11416007884419924
0.2593619029460321
0.532934982098911
0.09354250600085119
0.0
0.04706071333471946
0.0
0.3297822269574365
0.22870653673599262
0.2889330026326651
0.10551705308425836
0.40382292938331016
0.02215031259152795
0.0
0.19562574751750952
0.22216840419873063
0.15623209435967575
0.0
0.0
0.029984113414533848
0.4461089145737456
0.40559673392956624
0.11830984838220489
0.36816300082189696
0.04311050515590503
0.2219833934161698
0.013368000681120294
0.22446854468143257
0.1289058079495476
0.04596642961091719
0.10975130368281448
0.06147191019904642
0.15778535682561215
0.17338243277474566
0.4516420997065856
0.36890525065565327
0.011756623034389306
0.029391559908651204
0.020782970672528652
0.014986813048155488
0.554175743532104
0.23885651796713434
0.567586620974356
0.07808529922374823
0.09100796492775791
0.0
0.024462881116042116
0.25823152189013876
0.22762861643652824
0.288791505929932
0.021650869429191033
0.07685694691718428
0.12684010180476107
0.05808353239507
0.20366631314917452
0.5672449697799847
0.11763604822063031
0.053368589939464584
0.0
0.11951222830478686
0.2529864191867472
0.125906835863095
0.02275352078969039
0.41875636536637395
0.06008427771093687
0.12913526341433604
0.07236941079557284
0.0
0.1377462317883296
0.33176987640451244
0.3289785914005965
0.0314811054187633
0.0
0.0048289813494254855
0.22013847512747856
0.7435510563398611
0.0
0.22674642663429148
0.06988093570562129
0.013597736278687758
0.4869095440408515
0.2028649594668601
0.0
0.23616700097740484
0.21859527273104531
0.2517904677261823
0.2934465001660476
0.0
0.0
0.06413611966031636
0.024903752265807728
0.12553420828077264
0.7066773579640717
0.07874798624089294
0.0
0.0
0.24159107247457395
0.469042827061157
0.2620098206212811
0.0
0.02735571384924898
0.30657359366993686
0.3703731219273727
0.11742078278753539
0.11760974747602004
0.0570111454111076
0.031011382264986963
0.0
0.0
0.0
0.2558971607424045
0.744102622461584
0.0
0.0
0.4556340402368545
0.4053762240796856
0.07825015428847473
0.0
0.060739406253806916
0.16009293219945095
0.17571581447932713
0.35424391898281266
0.07350117259068714
0.0
0.23644595467660176
0.14011021065437332
0.6338390930021458
0.16411986419871288
0.0
0.0
0.06193035834448732
0.05825020432697642
0.0
0.10037493842584644
0.31209597144045315
0.28762692719271993
0.2416516575703153
0.02807030459312921
0.18211550189669742
0.16887906672426106
0.4842316471266741
0.10521726813279597
0.031485829254685876
0.2873474158512373
0.12740962339063416
0.07511186533128124
0.04974761320839996
0.10372658813460861
0.3566565263414095
0.41279106804319826
0.12583453401008307
0.06677339956358587
0.12491298437915967
0.13021166306476867
0.13947609520564547
0.07485420174893699
0.10204162391773372
0.4864634968347319
0.17904157086009256
0.15759888528539256
0.0
0.10511206332611232
0.6760974301432047
0.07637018190077269
0.1424200666225423
0.0
0.0
0.0
0.33870906144773977
0.08161320839706365
0.2778742038962289
0.11015421789679822
0.19164878383117354
0.13602381001625738
0.042664029810329365
0.0
0.08362232528309527
0.5933354262813643
0.14435406893406605
0.0358321469845538
0.06018319921933809
0.599463154850515
0.25199280440499416
0.052528135753602746
0.0
0.2965669465018239
0.5070465116513198
0.08768906457630912
0.046192963242095736
0.02065044640708771
0.04185375285140576
0.0
0.07194686531235982
0.0
0.04921393607097585
0.5598011456624861
0.3190377331403466
0.0037681788417729795
0.0
0.18450722770793695
0.14455918513016905
0.24807799073594555
0.41908711968350015
0.18950888960042503
0.0
0.0
0.0
0.33628290050032383
0.4742077343482336
0.25919656694989546
0.13961783818293025
0.22638961777144606
0.05412904903427787
0.22753883445272655
0.09312713673332722
0.3794017978806307
0.40373939927860647
0.1470959691962401
0.025000884561537668
0.0
0.044761217549887454
0.5413261024263435
0.056094364057246784
0.0102502227054894
0.08623346948732359
0.10516470710961669
0.20093079773394731
0.10376828789063118
0.2074819892650998
0.2977744407725434
0.0
0.29756444652478775
0.09341041652709332
0.40115890322836145
0.0
0.02385529138938283
0.0
0.0
0.5749855794863511
0.2924187281299979
0.03839235675972645
0.006381026035185724
0.03753432002664608
0.3441793227900636
0.28109353283800836
0.1277433356703696
0.20802732760348797
0.2556350161260106
0.18144966744534866
0.08936516949347313
0.13777894402286583
0.24636372368034976
0.0
0.0
0.24883105838616046
0.0
0.5048049296320871
0.20913608770023445
0.33968692907246206
0.02029826628924339
0.0
0.09778501900995211
0.3330934142512234
0.025290701862313386
0.031369252986672314
0.37208534965152185
0.2831235080052785
0.13952119349326872
0.14860969326194845
0.06500704194018732
0.24201151643923136
0.0
0.3594672609515035
0.3067210749316017
0.0267927871367522
0.052160883134447604
0.09721443772751232
0.19960074898908556
0.06737830740872111
0.222656816768619
0.3609884786506725
0.33446684650144054
0.026845149438868097
0.09379939099459057
0.08287066456800724
0.06327462208495557
0.3987429770364785
0.0
0.4944704828962756
0.37174212831120745
0.04276726562789097
0.04661847283586689
0.04440140168186997
0.0
0.6019973719526018
0.20543889463184678
0.08335010622709627
0.04624610259064043
0.06296730767861289
0.12133374103646186
0.11082244654380746
0.0
0.16102865156983645
0.36322006523231914
0.24359464187095306
0.20923330398123927
0.24726601577253784
0.09980541804233886
0.0
0.0
0.443694939723703
0.0490490693744139
0.01384117402788331
0.6097029556740042
0.07953922337556989
0.24786716974859674
0.0
0.0
0.0
0.31156371368341823
0.414271553242619
0.25630725205293287
0.017857188749255674
0.05560701455207315
0.13497722679732416
0.05249050800175448
0.21693893786206472
0.17835889667081603
0.36162654894837526
0.06868280111694162
0.85144818906209
0.07986884997329635
0.0
0.0
0.0
0.019162108436799923
0.023103325025669762
0.0
0.2248452971552619
0.5660275929172027
0.16686143987779006
0.07128875689695054
0.5054190224802116
0.11290037513564578
0.2201214543717331
0.09026998715716437
0.0
0.2428278703460379
0.13594247915481444
0.20836860497527565
0.11780060264882254
0.08325088898831591
0.2118089797831872
0.02532543589461265
0.3708704172907252
0.37137272449181985
0.10186658514945762
0.06498379373897485
0.06558074329920222
0.14246030813846414
0.20852930147713725
0.42037592826565245
0.13950183238685235
0.04474834069526343
0.044383785195655605
0.03801683051364571
0.31057811971756577
0.43051034759681767
0.06069439435070167
0.06451017435180055
0.09568970011493431
0.4391878635191084
0.3340167679079922
0.013870132699745694
0.08215775092216256
0.0
0.13076713287633543
0.07257336908705259
0.042026831701917455
0.08257067158709917
0.06086267747206096
0.0
0.7419660161270284
0.734168724294773
0.13199230531702402
0.07264149428266135
0.02147814699845688
0.039718960325783426
0.0
0.23863836096946192
0.6477550522038126
0.11360527329402902
0.0
0.0
0.0
0.020210796301236428
0.0
0.15512833660903444
0.5497482973181673
0.21216109576810852
0.0627509125924672
0.27572033294518716
0.40721036394258203
0.11600912079672442
0.027259247174847605
0.0483048430373852
0.12549583304300227
0.5169010988117042
0.1289442815935866
0.20379701373560596
0.15035717973627352
0.0
0.0
0.5293288348650256
0.470670866094036
0.0
0.0
0.0
0.0
0.05559820408367861
0.11691162810460975
0.10713015144095721
0.042516271704354736
0.3863230153524286
0.29151991169333147
0.20934717596216948
0.09613001917255946
0.03750738818769054
0.025505788280067738
0.1608887184001952
0.47062059117496885
0.10201545075750236
0.7796166428530534
0.08847150644952896
0.029895877935240053
0.0
0.0
0.3483792154869726
0.10702473393013708
0.15270370139540276
0.05241702328407732
0.026122890522167888
0.31335193449766124
0.07102392281688516
0.32867844491003373
0.45242037250485245
0.09350733445246383
0.0
0.054369674208273204
0.025379241268541897
0.017332224587499508
0.38008057538014073
0.5238997411525868
0.0
0.053307982618265595
0.1838216995026581
0.24731918926435723
0.2169391650506784
0.20908485609076602
0.06571990047628568
0.07711455955444509
0.13176346057105687
0.11078757066149181
0.17722595923087345
0.09154183487741642
0.43021602234515216
0.05846478713725966
0.31170257803225915
0.0042317646680428865
0.24897287991378714
0.19399588734774742
0.05645878385434168
0.18463773214512277
0.22887579813608178
0.16725159153344438
0.15303575229849553
0.038460848421009816
0.24982682433623524
0.16254853848558334
0.04257006210183395
0.18793335052083934
0.31523470985185365
0.35608779951461206
0.09817370032212852
0.0
0.19297397297233995
0.15590232964767142
0.05356166683277369
0.1616982169014769
0.15865268266100735
0.2772107631217043
0.0
0.25812483710862844
0.0
0.0
0.5456576842229485
0.19621723423975992
0.16461990523563447
0.0
0.0
0.06517365122147488
0.11124509080793103
0.6589610456353253
0.47577536404940574
0.3702599802185931
0.02758307084698254
0.0
0.03803119159312955
0.08835018566636872
0.43483979797026073
0.2694575569207789
0.03317619582833433
0.03311953121913524
0.0
0.22940643351796994
0.0
0.5066642189115805
0.36527606471009727
0.1280594767265596
0.0
0.0
0.14012777971446289
0.0
0.0
0.21419777299422588
0.5986764418427162
0.04699768286158111
0.12910130563844013
0.2433736784560834
0.3093842816823213
0.12685632574600114
0.19128411218614885
0.0
0.07390868454366721
0.33786845086207296
0.22348230311432188
0.09340159698523566
0.1385274841576216
0.13281112590786157
0.11013666771788999
0.12421054980205024
0.011223136825802579
0.12223827845494403
0.3253856359380448
0.30680546251587826
0.0959360532608768
0.5398939860490705
0.08313112110972415
0.0
0.016211489374663875
0.2648270181814129
0.3530527880544387
0.30603078741425604
0.045228386234040664
0.0
0.0
0.29568752905124895
0.18619154118682735
0.20267039461343453
0.27219907514862607
0.05287746573429515
0.23175934995224992
0.05430182560691175
0.3264269409193256
0.04248673580089799
0.05089162251970092
0.05715926276150938
0.507151674571362
0.015883281894474466
0.25846149906233684
0.1595506105311566
0.14474075994895658
0.26666268763749656
0.03125797555133373
0.13932555885229436
0.39598724420692794
0.043768718246069586
0.06787036574974849
0.14042121163446594
0.23372040408933753
0.11823169141083671
0.15398829375447592
0.1796880210498464
0.3499192131885343
0.0363783681774369
0.06797094976813838
0.21205481722483913
0.17646625090635015
0.06129265263311291
0.13804382852742203
0.4729057156415524
0.05917887995309861
0.09211224945951325
0.3516553892856669
0.17618854808065668
0.09485247738358024
0.03768298573608243
0.006355634270891007
0.3332645245591752
0.17979724527595375
0.1676289303084044
0.19315130888242912
0.20941501271513413
0.14274707166706432
0.10726008954385853
0.0
0.24600924663749396
0.4163557992821131
0.09089784212891688
0.0710976008329796
0.17563918601783735
0.2557536535741713
0.48298262890201304
0.07939441704061921
0.09798928111703975
0.03418103449493365
0.04969854476803283
0.23106615859544868
0.4162306886989369
0.01677836353039534
0.12877707070768388
0.20714745882888286
0.0
0.05096522566712628
0.2088856192635136
0.16833920013116693
0.11473956342001418
0.35125895708468924
0.10581077822285315
0.08590864590463518
0.2086738116212916
0.058929092577920665
0.30688101497917875
0.2761381988757365
0.06346857719394523
0.44445878209172773
0.028597014351817808
0.03197243352935928
0.003965692282578428
0.06753330915592065
0.4234717771655033
0.4141852441623937
0.0
0.0
0.017153117138472753
0.11905295544484458
0.44960818134913105
0.31097171086154585
0.06708229360589406
0.05235173983701115
0.08461968903034424
0.1277144354696592
0.35725971669649237
0.5899016027714867
0.12207484220893172
0.017525199317500652
0.08247677320586638
0.0831327130609358
0.10488840760570138
0.05679548750055256
0.04880983440206985
0.363166455034778
0.24916391515858533
0.029400861291448404
0.25266229870180523
0.323033973216032
0.0
0.10060410858661017
0.029494462630610147
0.43887279128223516
0.10799431630209105
0.0
0.3595151464933585
0.07273778754993579
0.2274318464198305
0.3403149623699566
0.0
0.0
0.16591085594044844
0.39554242421168456
0.283030266653473
0.01828846473858765
0.1372277729241848
0.5622355848238796
0.25562508271829615
0.027372210088633584
0.026347499422522888
0.01697552430399697
0.11144383023606252
0.19310525752797525
0.7167450414481072
0.045547744890920644
0.0
0.044601775339141246
0.0
0.14577646004888276
0.16623377671291636
0.11249185052055696
0.2615692491901243
0.15719298106530818
0.15673535930833477
0.3445512245327527
0.12113092925732885
0.0
0.07175980768727622
0.1692276494303567
0.29333002297082483
0.15896273324153734
0.2935103866204664
0.0342499847674274
0.030446753135070004
0.16606255869645553
0.31676716066748883
0.2693157239104633
0.013250423765458087
0.07095177307295526
0.29080516300956855
0.32352167601704757
0.03215484983012312
0.20238823141964313
0.24305479137972166
0.2549738109005885
0.08469608581175087
0.09879195011095021
0.11609481605798591
0.10865823756610204
0.06583513008325358
0.14396852673523178
0.25834735053662533
0.28268116590870046
0.14050869656727266
0.36139645022549033
0.2515918376754312
0.1587007849005647
0.010395822452113413
0.08628304737344746
0.1316308950847129
0.17156933708576497
0.14069962485155915
0.557380397542635
0.0528182751840034
0.015166521092209586
0.06236517397193641
0.43968289123485604
0.03216019307918447
0.0
0.0
0.13263071296914525
0.39552600472448973
0.08141913743246326
0.48564450853405156
0.3069311600543126
0.0676198312694287
0.05838505052148825
0.0
0.0
0.35253889273075045
0.3037179000489952
0.31082992128813175
0.03291282379001375
0.0
0.0
0.2982963733884493
0.26051603193124456
0.44118709041438586
0.0
0.0
0.0892504407141148
0.20909407373524572
0.420511496124208
0.1236751212310436
0.10997569780225891
0.047492408208875715
0.3144578504349444
0.020591145141303595
0.06807549122764696
0.17658630832432354
0.19684714254836663
0.22344169831997263
0.1880328792001793
0.7043280527577854
0.047726290969712606
0.01385532593361137
0.0
0.04605723632099842
0.5526002954151973
0.2590738001086432
0.08935820489415977
0.0
0.02755443221345322
0.07141297202190694
0.08198290699274745
0.6696045294848411
0.14213743858465458
0.023299838143701363
0.0
0.0829749493632068
0.01269788123855871
0.5207334334070335
0.20386093275869666
0.11524079219868869
0.0667121004794992
0.08075453759889349
0.0
0.0
0.0
0.41280318038692776
0.5759081426939887
0.011288487082632553
0.009626276126903128
0.09764885824437852
0.1390188698618446
0.26333165071298753
0.433840797952198
0.05653320330611372
0.10929423662952605
0.45214380466840903
0.22573279643401628
0.1766250186060002
0.0362033920300485
0.0
0.08035695205454706
0.5305026599914743
0.06363116291481445
0.21761380451664336
0.05001256105482004
0.057882697457718034
0.24155093964411273
0.05898907836173136
0.03957850052549457
0.025715028988999473
0.08470039302265397
0.5494656308732084
0.0812011038241267
0.0
0.029425906574651682
0.16326533601551493
0.3887670600603465
0.33734020580497687
0.0
0.0
0.2466336130350821
0.6376552252259321
0.11571041095627382
0.0
0.10435383060523515
0.5774845282544432
0.0
0.04835815451514421
0.05918402310840045
0.21061924385215444
0.1604081843944096
0.0
0.10441170663910991
0.18524176635825043
0.27801206613526025
0.27192555749329433
0.025873289151606346
0.0
0.03341445854543239
0.41028911214250563
0.4255660276725789
0.10485672172225115
0.20260639758006935
0.0
0.0
0.025381697183232778
0.6604364622299856
0.1115751805002903
0.0
0.0
0.04972641134977654
0.048772294402337206
0.5110538730281755
0.3904472461373933
0.12109278954736315
0.2106371553953755
0.30689015837461425
0.0
0.08165224885876306
0.2797271923975026
0.09035391495824485
0.7973325323537785
0.0
0.11231329270351298
0.0
0.0
0.15241192973818404
0.331554771243743
0.20489389572447736
0.10019341409450133
0.12390886908254353
0.08703677817292524
0.2645292804761755
0.6036837044597044
0.011141138237257433
0.0411827354322251
0.012456171232711236
0.06700671155475234
0.1522198433519375
0.21555195449979445
0.04571464760452901
0.1423346661600945
0.062446598866550206
0.381731709314685
0.032552775521099274
0.22711694268873642
0.12344488965268297
0.17806045008318833
0.25746796333599115
0.18135622310598487
0.029932381628184766
0.03276669217367635
0.07278877574944106
0.4081367935110233
0.4208955407450819
0.03547913591118835
0.028889884933826736
0.8752481889747383
0.05757466904806278
0.03828701161380144
0.0
0.0
0.10398348104195118
0.38895478004318146
0.11851466222951958
0.27164193646509166
0.11690492420911534
0.0
0.36116172263479723
0.24641885416612683
0.3304970060584791
0.0
0.020021946833466614
0.04190021651888172
0.1403911629212913
0.04833827760897784
0.2135822766473154
0.28079530781993634
0.2415473441548017
0.07534464084114033
0.038078330380266076
0.0
0.1909177980650856
0.043415977832161785
0.07607800086125731
0.6515093765893724
0.41910935540823047
0.179829050612197
0.06635076675625931
0.0
0.0
0.33471051312783223
0.25014951974556554
0.05326494544606148
0.20067173558059243
0.3622169067607331
0.04965066265415127
0.08404589223290664
0.2874108714199504
0.4760920226552432
0.16259841551981763
0.0
0.0
0.0738984928859484
0.3366526114946006
0.12637085371733664
0.07500038515355585
0.20558792689710503
0.1655982947741828
0.09078913914069657
0.14833345102540008
0.12707073827998028
0.17491107681052465
0.11328390054826765
0.06945848813647418
0.36694188176864484
0.058631870978137136
0.0
0.0
0.38415535275264384
0.5572124711065599
0.0
0.07708344640240711
0.7754042363560251
0.06350208070205599
0.0
0.01110078523703327
0.07290922083497418
0.3146357853512407
0.3730515736056473
0.11220416980961516
0.0671695108320692
0.13293859646597592
0.0
0.0
0.5830093268348622
0.12545405293709466
0.2146830337185626
0.041193965806999036
0.03565942136025364
0.667709728738902
0.08000116893383578
0.06702169714822885
0.05349226858543725
0.02745652570636612
0.1043182444674323
0.09541502506551101
0.0
0.037322831796768416
0.01247367464021935
0.5978707531593321
0.25691741245057637
0.24190549394115426
0.07309447898131638
0.24623494432793422
0.2076817790968032
0.1085341142459649
0.1225489886462945
0.0
0.10467695287153991
0.5045750497495493
0.3907478536198295
0.0
0.0
0.3205903989863278
0.5456225994612526
0.10202494497677611
0.0
0.0
0.031761883506275575
0.23511497564928718
0.5961780344277301
0.10519623084457418
0.06351013098209633
0.0
0.0
0.3643565511379334
0.03374829820317151
0.0
0.09808017752310688
0.10512696751676458
0.3986871619115811
0.14586628313224706
0.46143859511925023
0.0
0.0
0.10818800424527747
0.2845068883501198
0.10368983624999385
0.4351781485613975
0.013471635819927465
0.18950100127230415
0.1247515827671074
0.1334075075893836
0.38023918691337866
0.31003301464909894
0.030589319573488333
0.018801305264320486
0.19092828279963298
0.0694083208017702
0.0
0.0452260889436633
0.12795541941358182
0.37975550724250856
0.38800157113961264
0.05906109371944865
0.14851872453061005
0.16886620764399773
0.2935947693813184
0.23450463233541
0.03351400899712954
0.12100112720852098
0.8765553405206239
0.05462083225483754
0.0
0.0
0.0
0.0688236168204808
0.05553358984722794
0.056579858951385245
0.0
0.06124560188487393
0.4627980230772162
0.3638420319310252
0.32009736225407764
0.0
0.04779586629298829
0.20544119790181004
0.02089813701373163
0.4057659875123035
0.039739705671084265
0.6710830283388187
0.12166053966946581
0.09004437914057066
0.05060379230613718
0.026868072620117225
0.6012923210754014
0.39870749916278114
0.0
0.0
0.0
0.0
0.6745572441846711
0.0
0.059892093710447646
0.050387622051374266
0.03154329098412625
0.18361909418746059
0.34229650116804444
0.3170921903939436
0.0
0.08437750906634112
0.0
0.25623345523402724
0.1889541288680547
0.03710518380214449
0.1405052051590094
0.34514451789947115
0.09460951367576981
0.19368065515971938
0.316001170814975
0.6164796746090021
0.016212379813795082
0.009312586592221768
0.0321248560628889
0.009869043336060887
0.4322383833468974
0.07498933916948584
0.0
0.03885213847234676
0.14633569563490267
0.3075841728382412
0.2614503508464563
0.554927568718131
0.04416046442075032
0.06865858170026504
0.040011775489119196
0.030790934115984343
0.18499412319917902
0.7720489750476835
0.006841703520197547
0.0
0.005982896374174246
0.030131887019541247
0.0
0.16232895880162185
0.28052206012301806
0.39367490827372326
0.05384362109826342
0.1096300103340651
0.02807943597095833
0.0
0.04239260603903087
0.30797980240906464
0.24348483608883942
0.3780629072718024
0.2194319258854813
0.4674378439197814
0.07176837731541966
0.13230465351496454
0.0743336690247456
0.034723203633347716
0.06520737195397684
0.06759838367488497
0.774739528809737
0.05260446577469716
0.03984981704532391
0.0
0.08363094412984441
0.1058890613060339
0.23732906738596685
0.1186655468341442
0.13292871069840628
0.32155614502560154
0.25209461347415574
0.3179659834783967
0.1517121709024802
0.12168999134323928
0.11681211433436021
0.03972479616062006
0.48091572718434517
0.029727254939118746
0.0426304904048934
0.0867060052370536
0.01900345644188146
0.34101655048914015
0.10928765760232072
0.10227590201514922
0.0
0.0
0.009170712890693447
0.7792653343007575
0.18292339401681856
0.08576044491109096
0.043258153751302104
0.12372817901373369
0.10291670429606016
0.46141257498598076
0.09726693406244984
0.013698934166923415
0.40771616820341783
0.08717948953422933
0.07264957461185777
0.32148768859492644
0.07412031704605614
0.6627168526707468
0.0
0.0750255162817613
0.07070985104653936
0.11742696325684965
0.17948538894882612
0.5635485138367763
0.20694083272377684
0.050024302484768496
0.0
0.0
0.058610325778546433
0.2195131502066244
0.4909040320228229
0.19755582221189083
0.0
0.03341622948260847
0.017076297547683136
0.018057317432966926
0.0
0.0
0.46959529266059313
0.49527090744461433
0.6403559756649801
0.05925091797860176
0.049252306798149216
0.0245835098676254
0.0
0.2265570606473158
0.39804689689608547
0.10693181607137305
0.2808061473735253
0.06320120729961859
0.030310615506922038
0.1207024987438308
0.0
0.0
0.2930797671693302
0.679075735012323
0.027844089053054088
0.0
0.13854480474315742
0.33113493145115325
0.16264390226868528
0.2948221468482166
0.05826612054738664
0.014587550495497528
0.008584433471993877
0.022278704598511924
0.0069833443779697395
0.006246092892204363
0.7010591275496374
0.2548480368558063
0.1881255345495477
0.07343923138340148
0.06926524161366712
0.48145692841834625
0.15709441904312665
0.030617991024021376
0.0
0.922635893199254
0.0
0.07736366175824792
0.0
0.0
0.36767096598433163
0.6132917010385471
0.0
0.0
0.0
0.019037159654009813
0.2208618209605278
0.28558129716647424
0.13550301780892166
0.29771681072948264
0.04788781649429978
0.012447845128952733
0.34244595185179627
0.6575538735611788
0.0
0.0
0.0
0.0
0.028334449867551133
0.0
0.049543562913553135
0.7925700164050601
0.12955177816498095
0.0
0.0
0.09409415388235697
0.08654676673774783
0.38447839485485247
0.4149466386088859
0.019933748629206122
0.20812522653106008
0.7090538079850607
0.0
0.03504473673882233
0.0
0.047776038557671735
0.16034519263758737
0.28359002726090016
0.056386990460611755
0.07314425853665851
0.13723884100657893
0.2892943862206729
0.3636041057552532
0.6037146775219028
0.03268096386023922
0.0
0.0
0.0
0.33181542450041673
0.10187556700312195
0.2524380424549962
0.11420830504674027
0.13083052214563468
0.06883134181286486
0.20863527205180585
0.14283268750757708
0.5211785350755574
0.06350939855514137
0.025287318951127177
0.03855620340546485
0.554003484618394
0.19098640244376783
0.0
0.06388214627672135
0.12116392868948035
0.06996354634161084
0.0
0.26913830152927565
0.512204448333271
0.100244562931151
0.052511214441968115
0.06590123280439637
0.0
0.0
0.45494074795006484
0.4739978012627008
0.07106115716134329
0.0
0.049003816145772386
0.05919159041224111
0.23613386151639587
0.47616920261216855
0.010794707448820275
0.16870650814980165
0.5325589374048411
0.2974545657852798
0.120912426693332
0.0
0.0347748267651782
0.014298848590477349
0.23591888116955714
0.08028285508711556
0.39694095344109126
0.06002153671050133
0.22683476422037915
0.0
0.141080342152203
0.14474442928715356
0.39167028670452003
0.3225036801690084
0.0
0.0
0.06313554327308193
0.0
0.07555173656361375
0.13459656377042722
0.4496631230027745
0.27705277588055327
0.4835815530472769
0.11977580084842959
0.0
0.07594195564994116
0.21770264989106117
0.10299753206392293
0.3756971793725165
0.08229985750002679
0.11782884616389562
0.14677066265220953
0.2774013985983695
0.0
0.22458840810603023
0.10262067341698598
0.4523470504685968
0.05834972561117466
0.050997945371099015
0.11109456610176369
0.2051510746586004
0.21661396517765838
0.05894137947206782
0.04537115396860462
0.1581856873448794
0.3157365575849895
0.08758762663922436
0.030704669132003995
0.10199487216134265
0.057306078492820774
0.20880796932016085
0.5135981955192682
0.3018594514265335
0.033488599848985647
0.0
0.00524856426116249
0.24669669680940576
0.41270649205147336
0.4345543774844215
0.0
0.04776044413798881
0.0634246010154006
0.2410507005366068
0.21320889535454107
0.0
0.0
0.0
0.4534489290068764
0.46317913503644437
0.08337159104521491
0.0
0.0
0.030204976142816104
0.44604671727321876
0.5023897694733666
0.021358144540122546
0.13672609032976235
0.07181043355149251
0.09370290929352693
0.5336202066214689
0.06770362075390216
0.09643607556121153
0.11765174740815335
0.08602601142634912
0.27123183661592776
0.22865762126200184
0.220417654473331
0.0760146586896673
0.05499951301103284
0.28415606224668777
0.36075632803588153
0.24955470088605852
0.02717305881527921
0.02336012961943205
0.0
0.1997662254516124
0.5205957893324301
0.16805626887215014
0.07784230018940555
0.033739162411929084
0.12395816346010874
0.2609538118493464
0.2006536062671431
0.3643887410031194
0.05004534975911762
0.0
0.06881205758724132
0.7689032441673777
0.08254393692029556
0.07198925381369088
0.007751164955051995
0.0
0.04170777426011896
0.09591285996228749
0.0
0.027783142005341602
0.5009351554273236
0.3336602260446849
0.0
0.19276706616301648
0.60872444246572
0.08196528363302859
0.11654257800324812
0.0
0.38485110135464096
0.5123418685840208
0.0
0.05403925356656995
0.0
0.048767509170183077
0.6756920937235371
0.2530052087919312
0.0
0.0
0.02492373439799071
0.04637875715187445
0.20999775821667138
0.051257506217830595
0.1689941785652382
0.04161918415337016
0.0973714886030737
0.43075940800124796
0.08171505924499213
0.3474327111543391
0.29031700039243297
0.23161415755359957
0.048920212209994283
0.0
0.04660996038138143
0.264838198212308
0.6852703843992507
0.003281090170040861
0.0
0.0
0.04709313206227943
0.05008280902234187
0.0971981613787842
0.49249097223393695
0.24903540542556007
0.0640991944627515
0.10410129258318983
0.31558209278031557
0.37256995314253655
0.11480897736959245
0.09293727454606025
0.0
0.03328182746755153
0.08965960538980688
0.0
0.5511746127075763
0.16227768600641884
0.16360590701107872
0.07807680027955381
0.0
0.3195190280810068
0.3948712291203092
0.16520466588133512
0.04232759499775661
0.06665373651442709
0.15028062803462958
0.06361029641132644
0.17252272835543705
0.25077262157806246
0.2961591409596649
0.03351277158656353
0.01337305122873399
0.06850036996603825
0.3379097003170765
0.5467034382490362
0.0
0.0
0.040732788644697704
0.3179211517537609
0.4670740632513209
0.0
0.17427127986299468
0.4825216639285971
0.5174780477812162
0.0
0.0
0.0
0.0
0.0
0.0
0.2556599813795981
0.0531723751167065
0.36667297094487683
0.3244944525299731
0.0
0.028365836733683814
0.1089577015025425
0.04377005766565962
0.7722076672689648
0.046698193091221765
0.0
0.0
0.07818400351490709
0.42706362751600463
0.38462018477239174
0.1101312518611866
0.11147146478052751
0.5276464433675238
0.09391980342037078
0.08614198773818511
0.06146072946241336
0.11935900058241239
0.04916088325442528
0.5632131988261045
0.1860213666267476
0.12420997375623387
0.01947447752363991
0.057919826563928925
0.01941293002762519
0.0
0.2968804484379385
0.11551024680550018
0.15267906622341085
0.41551706584390347
0.09770431907696754
0.0
0.02917833040121564
0.1513233151590606
0.7217937592587393
0.0
0.0
0.004939827286396135
0.0
0.34740546530695665
0.6007905157191252
0.04686331844115024
0.06256847312577575
0.08960279419468166
0.2871046384265317
0.3200966568413485
0.0
0.24062686531340327
0.020096652433765676
0.0
0.040747722559850236
0.0
0.4226023455671022
0.516552968451399
0.053927913638036784
0.18014366992430786
0.04959319277335407
0.4660862414372536
0.2004325317555345
0.049815702625874834
0.3185374584092043
0.4659774961533554
0.0
0.14240854291048505
0.0017432026009711204
0.07133299176837893
0.07497995721666803
0.8240531930059264
0.09448189987919543
0.006484679703216369
0.0
0.0
0.46839992329378494
0.2922502975462166
0.1250750441258939
0.04483998587387829
0.030238603155391515
0.039195913811994235
0.3313494064334893
0.09772719486368595
0.08355542659021614
0.0
0.03885283126975866
0.4485143823687588
0.2762107391544133
0.2877422327165451
0.1386721152959449
0.1970201112425484
0.014064981097647146
0.08628937028384152
0.09933696951659353
0.44649524964116183
0.23641496502436501
0.07028193354997116
0.08065200473854715
0.06681864112424854
0.03482289551630656
0.13025893683727324
0.34595854290626693
0.3010200043991957
0.07641880299965821
0.11152049578805912
0.11426989467445448
0.4035166548844529
0.3985542030735997
0.047954487265603446
0.0
0.035704481296735584
0.32281756948970053
0.027287720458737633
0.1345997657173682
0.13668712636732128
0.2240818330331747
0.15452511147507847
0.08636798929183065
0.4179808838456665
0.229605813195876
0.0462317242729661
0.184121702155667
0.0356913703515966
0.12575333291068264
0.5928252352233853
0.18229691208718674
0.0
0.0
0.09912409203626944
0.05794640098638674
0.019653084421973128
0.0077685644039716395
0.06400595092079403
0.21140238517571086
0.6392233245738649
0.0
0.058437798348512336
0.016573154526984685
0.029242187910206944
0.3063071457275078
0.5894394162707883
0.32805048266288456
0.1773295237469974
0.0
0.1545592776336666
0.17017565678710134
0.16988455319074228
0.14349566571985017
0.15601857016607865
0.13057883753692914
0.07713334594711535
0.26900677091872194
0.2237664321868207
0.10850075030675427
0.11885296750835002
0.16312746459417382
0.16390570673822383
0.3613506962469147
0.08426177004491482
0.22197042144579987
0.07202814500808107
0.24380192531216105
0.10833703589856546
0.08755359545757783
0.26630834684301474
0.17730709837066963
0.2776753343794419
0.2949175012294206
0.21128759633135624
0.0
0.038811922118242095
0.5561435987162703
0.10042058872522193
0.07721879612597654
0.019682184579271126
0.07491361229470754
0.1716208978923817
0.1554093633277282
0.16935454887296808
0.0
0.1520232679378408
0.4040449817232659
0.1191673483660958
0.0
0.0
0.11963152144743408
0.5256322351561127
0.3133539588141718
0.04138205519115804
0.10974736466600919
0.20342772306352147
0.07239328245994908
0.11523782122108928
0.38653090257080486
0.11266256460164162
0.18229751745226297
0.018283364872794368
0.057395582776215086
0.4910115985504675
0.12845824701248496
0.12255342366103654
0.0
0.4914674999550056
0.3501140695408857
0.03253552209463233
0.07184345499976805
0.054039051215206656
0.1622516647600754
0.23229336579176488
0.045089966036208164
0.08951673486848473
0.1394896003656621
0.33135839526092764
0.2594839586768779
0.15177695116816384
0.0
0.3497856093280279
0.041099142606344626
0.1978540307906496
0.03764810489591718
0.0
0.12050853497647358
0.44772545753278004
0.14780025322548435
0.2463169787902478
0.04180512809884619
0.37389288148330124
0.4868541536241877
0.0974474658915552
0.0
0.0
0.12629837687395695
0.4545494849236137
0.24142229366659965
0.07029712749042605
0.10743248568500241
0.0
0.30171073116494956
0.1281227507904002
0.11147716755828722
0.14608208021892852
0.23919401101270263
0.07341220836200454
0.0
0.140689375573118
0.4257757841960286
0.4017047421639006
0.031829726240592826
0.0
0.0
0.19709239973123288
0.43266179720442943
0.09882684110105372
0.15383530876770932
0.11758323593408711
0.1406730298400242
0.0
0.0
0.07995206140325987
0.20502716509497917
0.5743475317566116
0.16544453133298354
0.5791862104032761
0.1405827836292223
0.04241138748463139
0.0
0.07237429369422872
0.3340287316384976
0.31971560244807906
0.06547286526583668
0.2553428788042075
0.0
0.025439703055285697
0.0
0.812204535674474
0.12125195091723771
0.0390934938041599
0.022469204688245245
0.004980512927918396
0.04301336971597629
0.0
0.19574939832554616
0.4530836158376397
0.14679550688933296
0.1613572844877562
0.27366040615796494
0.041541354580591904
0.07492094137394817
0.2953730401740061
0.126949368544454
0.18755426517445808
0.11680120164458274
0.0
0.0
0.419244309100569
0.3233957753667258
0.14055786040766216
0.2867499386412125
0.3058130927608544
0.05644924718329883
0.0573805145049867
0.1364100079241001
0.1571967674433102
0.007965833051014216
0.02872122211495331
0.09098874891824374
0.21473165301709435
0.6136392100597269
0.04395266901953181
0.3031153634809509
0.037056092363795166
0.07182989269847899
0.015644998414119572
0.0
0.5723531394704404
0.11815833226886338
0.035293274002774155
0.060420063608558734
0.047801149243470065
0.20934197337144636
0.5289848925871488
0.12285870256472588
0.08309821800408382
0.32494451119783757
0.24480775372087027
0.14795657707113594
0.07633373119787581
0.045257593910152646
0.03140686783691084
0.018042861171087773
0.19583725910822095
0.380473477990454
0.32898172710936757
0.059793880060914094
0.22724329918949376
0.3051480014199105
0.16271853786404042
0.14418176173719113
0.1009139720588497
0.3055496095677006
0.4343133784426557
0.023910045079700192
0.0
0.04306789827491057
0.19315887500446105
0.09258040467832483
0.15592068476935458
0.1801627379838756
0.14544443367846518
0.07326664535307247
0.3526243837806853
0.20030816962865527
0.718726808137344
0.06668251312508486
0.0
0.0
0.014282339273519132
0.0
0.24988466035901974
0.2417746234334806
0.41202731052711716
0.09631322472363255
0.0
0.7155695077895237
0.022619585816484856
0.0
0.019759372456730064
0.0
0.24205133425593753
0.04036626701090728
0.16849233922366194
0.11865770650523452
0.32452735566490304
0.21859810176385752
0.1293575851049023
0.06065366360673285
0.030991258407792068
0.24791432903918875
0.18525766576803532
0.12036126910140987
0.3548213485557389
0.5155860247976217
0.14321141070792473
0.0
0.021953963846822917
0.15694374705665678
0.16230439779661798
0.14009378989574306
0.014795181685754973
0.0
0.31350570443818454
0.08850941369545756
0.44309543670264967
0.13953854394815488
0.2876632441484476
0.26103974651690265
0.13516315185610445
0.019667951963442714
0.15692678209431124
0.024976827830548342
0.0
0.591473065946276
0.36636888561185
0.0
0.017180912231918036
0.1148017946008578
0.07987913978368553
0.42729185700714806
0.3061922965960737
0.02774620045450505
0.044088195968005214
0.14320523559196713
0.13901759517172285
0.13674621691363176
0.12074257318166826
0.1153260933231652
0.3449617528382192
0.4127986522075659
0.24729094145358393
0.03018441733177258
0.0
0.09957360200904286
0.2101517769316548
0.48618382400083243
0.21644805556395388
0.1069138466365776
0.039302308030453585
0.05023878413436472
0.10091257805338842
0.18103406465779381
0.5833952724077307
0.12876321088957057
0.018119830418776538
0.01620686745274042
0.07247932167510615
0.06167288345096735
0.1704806026582184
0.10652450777349741
0.04749523704146614
0.1437726837990616
0.4700538696742457
0.19940914815347197
0.6790271086226528
0.030450024216635507
0.04552604520803244
0.045587450288338556
0.0
0.49611623860651993
0.24414706619040735
0.0
0.0
0.10555559357733432
0.15418061924734008
0.12054148872826552
0.32076187883314544
0.07330711788386189
0.10363589942812486
0.23979077960596443
0.14196117629191807
0.44903385171622895
0.1865564657052978
0.18772567488741154
0.1766830056950972
0.0
0.0
0.33305645937311323
0.3308952298930332
0.052976452442903416
0.25658269556932245
0.0
0.026488226221451708
0.06213365705925474
0.069737454924711
0.0807541208684582
0.1308104952595689
0.4721336822254327
0.18443004510454852
0.029186723499665994
0.3012649032831479
0.43850841569554955
0.06717932195199289
0.10476148246472881
0.05909860924243891
0.36499238510036225
0.0721113786779462
0.07134512476962838
0.06568535044628868
0.07303428822904248
0.3528312912229232
0.12140345421310114
0.12367559614544274
0.45160491181092316
0.1456683209004135
0.12968799681432322
0.027959010413936673
0.24641277796019773
0.22223906553600847
0.3479454471692138
0.04320159742474412
0.11758674885164005
0.0226138800496472
0.07375926685987631
0.04653094607586723
0.03102063135703193
0.19501055007552218
0.40666899537527673
0.24700928824103036
0.29667639732016965
0.22488621129442868
0.03772806222091481
0.15442304742919433
0.08732598077882855
0.19896002799879808
0.16407180093972154
0.25381432344599086
0.43066948964352075
0.1278630719509956
0.023580875831584167
0.0
0.004962469377063193
0.0
0.0
0.0
0.03258196508638733
0.9624553900867701
0.20877491944882692
0.25568527211368186
0.09970088189774708
0.21787424914421252
0.11923077561374301
0.09873346880685432
0.0476410349915152
0.711915373557757
0.12216844013053339
0.05012371078063501
0.03295674654574444
0.0351944824542815
0.36070729511708544
0.060503657867719475
0.02460306453786649
0.03000063837499748
0.02812927315732426
0.49605582231502077
0.19622446881734468
0.03187852023879307
0.0
0.0
0.06201554690388297
0.7098812074885235
0.010373029232394353
0.044344984630105416
0.11729077106686364
0.16455640831110818
0.42634391462111887
0.2370904105826265
0.19534293624205895
0.0
0.2411981527823486
0.07842409164216883
0.1389263881802327
0.346107677075359
0.10186176324138867
0.034298642429182076
0.1972451758718027
0.3193362574403943
0.1470752076096064
0.20018174076754944
0.5205558857819792
0.050982523129064906
0.0
0.0
0.020556284826958596
0.407905012480832
0.21018743034242368
0.11896305120159169
0.0
0.07926020489006634
0.3101516845620957
0.2814372774542314
0.0
0.10451281580973809
0.20158037601867967
0.2675992091306964
0.06651585526066037
0.3597914484312056
0.23985085928817232
0.0
0.0908109275474391
0.42328977594680944
0.0381756413121089
0.2078720143289889
0.2551364425555629
0.21959386354016253
0.13589348328060785
0.1597727835923361
0.060700375053184805
0.16890266119961753
0.08282654918252853
0.6052418736121637
0.08114694176708984
0.18845346774640756
0.04233076684376731
0.0
0.0
0.1606021765820689
0.27022653592631557
0.39417929181081807
0.151901241085957
0.023090180205108713
0.030725831346061397
0.2567701925007309
0.6680041008677837
0.04449950950170608
0.0
0.0
0.3261934005353775
0.08061840266271895
0.04215861577626888
0.16601560759505685
0.13206961928894098
0.252944088049676
0.7021497825547959
0.0
0.013000784597181866
0.028193526700345237
0.03241489628638049
0.2242407504674182
0.09211421712907314
0.1758021750840121
0.19287648693378004
0.17560141249091069
0.11252401453436978
0.2510807701626897
0.0
0.3226809903718177
0.17383776261120482
0.06892680555896367
0.40097192249189667
0.03358207770744118
0.019256332875294793
0.0
0.019073803684182166
0.052369530558100084
0.4264956135049772
0.4828042517923535
0.0
0.45747643306388797
0.2501007732398116
0.06862897459142497
0.06412918661613633
0.15966345412439678
0.35854045787586253
0.23780456081180248
0.07271124079968261
0.25670451644443104
0.07423859983965053
0.0
0.08992926558935617
0.7188940238362607
0.09891786263467887
0.024613778750248772
0.0
0.06764468559637851
0.621467100409608
0.06863053966340654
0.06260582745853546
0.06735226544147876
0.0
0.17994381892705552
0.24852002840065518
0.10603849977409367
0.03684993292301064
0.3349853938455466
0.15477411194364812
0.11883153349599047
0.15838996588823784
0.09779097298467959
0.21500385014424547
0.14041655571124662
0.2994996076404276
0.0888985166600851
0.12531397678101291
0.26158409373598335
0.1143667997192384
0.2817497198541178
0.10279698742497412
0.11418770091044543
0.0
0.4595560686699875
0.13657574929407565
0.21690834546363238
0.11912996524554816
0.06782954654767531
0.1549392691888765
0.63647655110089
0.08495082416819819
0.03845543336168902
0.0217536771225424
0.06342232228616451
0.0650417903330782
0.20081793590565444
0.055170981846237026
0.0
0.1477650697387866
0.5312040472619175
0.5860018583405538
0.057950612631264914
0.0
0.07514374334628905
0.05038637913709899
0.23051711325081498
0.09917485264541362
0.002005887248218512
0.15481761281586626
0.4028194611993189
0.10572409676516252
0.23545773473188966
0.13989294914221584
0.33146559955558713
0.337303429054769
0.09060093321469971
0.06613497255192016
0.03460172688495876
0.0
0.06400057060053146
0.39042551720485524
0.4737783757828123
0.07179527934615046
0.0
0.748156829112971
0.21150856191827264
0.019846332940591453
0.0
0.0
0.020487852131494032
0.0436602264931751
0.19871514779064592
0.15724786359919796
0.2124994880918426
0.3307822893733948
0.057094145031972576
0.1506302401702137
0.7626561494809069
0.07391183236272625
0.012801381032172108
0.0
0.0
0.49354696425283906
0.3495418344773085
0.0530811907266069
0.023141606988514765
0.03402645113576218
0.0466617313701233
0.16665856688561997
0.022918037465290662
0.006356320141671121
0.016080357959974215
0.3319112587093171
0.45607495632692946
0.1778352394005783
0.08671049416548807
0.3201592395995369
0.4057643301664443
0.009530324571297896
0.0
0.16488005326635372
0.2620002337443525
0.4427242698556641
0.0
0.08959464833120209
0.04080037308047994
0.166726477408949
0.4663374325297845
0.1369167403974169
0.07426839180072267
0.05332590263497737
0.10242449667707638
0.130967379714592
0.381306264157762
0.2747393714632931
0.08688980835308238
0.029224377145510422
0.09687222514478717
0.02527790196282679
0.08232637488317492
0.3141617710073889
0.10913656039007576
0.03761369896001624
0.4314834332867578
0.20002527902559222
0.23863003061894936
0.24636339961328826
0.04583891513461393
0.13538174457308957
0.13375982070931067
0.014861564108260266
0.0
0.0
0.027765944630988085
0.6495013424363197
0.3078707879537579
0.14366768151528053
0.06049297137321841
0.22956469163790993
0.13410743968673164
0.3151028190275336
0.117064130783554
0.13676127707431882
0.045636992486948955
0.32568576717503417
0.203372735407457
0.24887356492017873
0.0396689023195511
0.23730542786527092
0.0833097384686918
0.31717530878545797
0.021903428881698574
0.08084181953279429
0.25946346017349614
0.08223281316075709
0.6481183736466032
0.08702803146380578
0.06209425448957346
0.05330218971940211
0.06722395925222953
0.12840021523249695
0.05437154663676991
0.12322986033146745
0.18619517058246762
0.17938271862294727
0.3284192319311202
0.30631512534369126
0.23323980543573342
0.14790829321425414
0.15301144270974731
0.0
0.1595248789474438
0.1046719566905264
0.02488024003735628
0.13649174749156712
0.3949493733569157
0.29681148386847545
0.04219461342112579
0.0
0.0
0.23567179124623633
0.16808293519188305
0.556140001852693
0.040104649912976686
0.005465719642047528
0.0
0.0
0.3876458975399881
0.3109586371910848
0.2959290624119091
0.06196087244255469
0.16077992038578262
0.06205641232734181
0.0982016343894828
0.5194213315394904
0.097578968347709
0.10406968546352245
0.3786458297173473
0.3220897652008706
0.17139207120752772
0.023802359764727284
0.0
0.16901407033034826
0.0
0.16601667113804897
0.05347858158030356
0.42903228557841927
0.18245812301212938
0.06415036576101671
0.6448392885232508
0.2584031414106466
0.03260704156255287
0.0
0.0
0.12881573517760614
0.18114237073691986
0.2001494200680336
0.0
0.031203437812542697
0.45868874628823075
0.3706096079491582
0.11932840058470999
0.0
0.11585761760544819
0.08196419185789881
0.3122395671089657
0.03731943675305438
0.0
0.18427054039219887
0.7651682596498822
0.013240845117440714
0.0
0.08017903979258716
0.049595650593504986
0.1207760800185971
0.1520179489862668
0.3686725205011102
0.22875806817582076
0.1158417429771938
0.03977818865372618
0.3475618624052596
0.19271620669313191
0.1390229525064244
0.16507850744546737
0.46237451243658056
0.22598919643154614
0.0
0.07712763260917754
0.02838283681232548
0.20612532971145897
0.07069011403832774
0.08354006032685993
0.4300106283893182
0.2752374593806503
0.10215113431404338
0.038369662937030806
0.26226596481089753
0.2792069078472123
0.05098259029168695
0.0
0.0
0.40754428708304236
0.6280263881586541
0.28213157255766225
0.0
0.0
0.0
0.08984175658981068
0.6477569141792833
0.0971428451534256
0.043056204002430674
0.08538633151504729
0.0
0.1266573573561645
0.585399898427215
0.06866089452317882
0.01151478201255524
0.17166940182189014
0.06729555194849376
0.09545904213608267
0.09626047053616887
0.24055023370281547
0.1860656061190156
0.17029578013573937
0.144791804484014
0.16203577149135914
0.12188333808784849
0.4205622234347718
0.239002442523208
0.13377139285544848
0.0
0.0847800587726866
0.6942906087228707
0.15781628596909764
0.1353144516715546
0.0
0.0
0.012578445834704785
0.05222419212124674
0.0
0.2217494843335314
0.21766564259020874
0.21587767183764064
0.29248256698379554
0.4430416295488111
0.1793428522700621
0.16821952999896986
0.011848198339565954
0.06759579276639177
0.12995166997256494
0.016598860760620417
0.2850480054855718
0.6334097238240822
0.021974391803754455
0.042968596786225104
0.0
0.0701944635837806
0.09035737920327766
0.023079795914442865
0.5338705894149165
0.19543871412298602
0.08705835805148086
0.032059484989323414
0.44982229111654914
0.11628032817077424
0.08896529185537716
0.0
0.31287218203264194
0.10773508561816073
0.2941954025604062
0.3858468451147373
0.1847353284899041
0.027486832998789488
0.0
0.1335198558788079
0.325549905878547
0.3805393417678431
0.13852566450549994
0.021864830085761167
0.0
0.47027264979860134
0.031160765937885727
0.2997470893765985
0.0
0.0957469556855292
0.10307180636180555
0.20456660911746988
0.21495707469558348
0.22764623447383903
0.15854187601715888
0.19428757656151535
0.0
0.06344015998123961
0.2609319025090085
0.30174932428823337
0.2588243750675413
0.04270446389021571
0.07234888766060632
0.26970747848170235
0.04968150869515441
0.06444743838784135
0.25593016848188316
0.040345631744842875
0.3198874095337538
0.15207854059265163
0.060193004303555904
0.16078076220284324
0.14673163720440593
0.36280222330577133
0.11741347215403163
0.2553625548539802
0.004233424199528033
0.025124659968581597
0.11365351202990559
0.27135599832289653
0.33026960116817555
0.30963301218585976
0.23344392187996335
0.3601239206630999
0.07526044064267036
0.02153847647476337
0.0
0.17092910789343063
0.21599089337083494
0.1315456653623787
0.34780431714063337
0.0896081308407782
0.044121595719475874
0.07445070650249662
0.4940454764416218
0.05995506257852503
0.14627166289281873
0.11508246428462496
0.11019435142786435
0.17097688710621983
0.15167496718288961
0.2275086536720077
0.08959294635250485
0.29203994496264735
0.0682063348439062
0.09534340624922426
0.0
0.2729712348630083
0.5310883563634271
0.10059625004395363
0.0
0.20818866130104446
0.0
0.20040268812442597
0.2672755822981359
0.0
0.32413246719746447
0.039022413502877676
0.2607070136803047
0.4810996728635918
0.12820168039030566
0.0909687171238066
0.0
0.2560891508038163
0.15587398543221961
0.0
0.16690665271214516
0.22591382141827232
0.19521618079349698
0.0
0.0
0.006336496968455655
0.3702715195929321
0.5588573799137373
0.06453435305285582
0.05415725548398814
0.21052514056262672
0.4192240354688221
0.20301830277867747
0.02333020868397425
0.08974463718560392
0.2210922236605295
0.050962719820909795
0.018955708980124303
0.0702981180447481
0.2619514583709264
0.3767395270556024
0.07070857121175511
0.0
0.07673599136929377
0.1845322709215526
0.38429429537913157
0.2837286047765888
0.11572121786386742
0.06504605652786713
0.28451964538296987
0.2986208470653454
0.0
0.23609180844846653
0.026662436721447448
0.07975191841957358
0.18767388233398993
0.6071581047222884
0.08707854099050424
0.011674845816646594
0.43752049875125626
0.2458711600181506
0.03964769935541638
0.19693677268064405
0.0800236601863545
0.0
0.10991593598186085
0.3408524439919035
0.2175711374040513
0.05041012080222329
0.06473277916567874
0.2165168971670342
0.0
0.0
0.1735943785637797
0.1451225009824115
0.19025365341221093
0.49102930133288114
0.04983398530953719
0.04104198052510324
0.44188537805361733
0.33813591720851083
0.12910245487398425
0.0
0.596208811177151
0.01681541833413437
0.0
0.0
0.003881364460760011
0.3830941369037508
0.03261350467089659
0.22975036315587907
0.2713963148936351
0.32434463891793136
0.06307993853473323
0.0788140867654623
0.2352154986527459
0.3216322743178695
0.32422494491027554
0.11892663944398905
0.0
0.0
0.44221942060732733
0.05338265956308567
0.16798910427023128
0.1384740794764473
0.0587533833239893
0.13918059841740094
0.22100249453941828
0.5475259331563994
0.11862133481779445
0.05661236844052844
0.0
0.056237429905316626
0.0
0.4490567134223215
0.13291089270910758
0.04424098756010155
0.13633962207778547
0.23745130380423693
0.0
0.0
0.3477424535331532
0.12530509979287466
0.4513432144911657
0.07560888873301673
0.3006396059266199
0.4110186160512657
0.0
0.06174113753730247
0.17787961548920947
0.04872011714982993
0.03237914961978196
0.6565527173252765
0.216818738414499
0.0402171336488467
0.0
0.054031731818778
0.0
0.33527644047959365
0.6262514503087263
0.03847182254146931
0.0
0.0
0.0
0.02131636944302955
0.0
0.2874384437367214
0.432653621052207
0.2585913257577937
0.07639607164398153
0.16927713638976857
0.2288947574043363
0.06580993081602622
0.3313821675522819
0.12823955724896652
0.023493089159942394
0.0
0.030293623990164636
0.3474233758450036
0.3498695899247805
0.24892007989371895
0.0
0.15589141481564067
0.15647632299696268
0.29302014908354423
0.24714887012148196
0.14746289407849292
0.4539826396873352
0.0
0.24761404534781387
0.0605017020985303
0.0418623514422406
0.19603869217116743
0.14458102957300092
0.195209104851363
0.21739203334683657
0.3501658061635587
0.014301489034907192
0.07835012140176789
0.30957326910805294
0.06647980175056108
0.07059508009317848
0.20952137859688058
0.035179278803446706
0.30865066321833307
0.07860584497750274
0.0
0.0
0.1399722393255238
0.2756894470806723
0.5057319071459704
0.025642960588340317
0.193610099814314
0.06703226871617796
0.0
0.09012016995756472
0.6235929460906802
0.41344178680110144
0.40899679431294805
0.0
0.04654014193902548
0.0
0.13102098117747568
0.4086736857022449
0.0
0.3059769754050031
0.10366868516465419
0.0
0.18168039774037517
0.07455234459987317
0.24374485014006048
0.3544100810888243
0.0
0.0
0.3272924131907601
0.3783941270662354
0.0
0.0
0.03243800012008069
0.0
0.5891675241590544
0.6225026745994203
0.30287236394791683
0.054032793389245604
0.020591888875422314
0.0
0.0
0.21961592892704443
0.44264045401250307
0.24215297891596435
0.04706838129350083
0.048521859504418036
0.0
0.030778855701626685
0.02800186672239859
0.148070709383224
0.34296722257557877
0.31911070419361665
0.13107042801058003
0.7029252694233575
0.1149702437959124
0.0
0.002897898376209322
0.02385760285516778
0.1553487440578161
0.14961020263225586
0.0
0.3807720186256454
0.3739817574157006
0.09563556599811648
0.0
0.26119393644315964
0.27352486225761147
0.1917191115568187
0.05448147038678757
0.1304662633817226
0.08861368249007613
0.0
0.0
0.09063387331232325
0.859451077821959
0.04000440143872661
0.00991004654213715
0.21390934007419654
0.14664954496813362
0.04718232177383454
0.0
0.1537277120439857
0.43853046373092874
0.04006257990900911
0.21227640140666906
0.2115165907117588
0.5361434686477476
0.0
0.0
0.7905293031474765
0.19224874761655802
0.0
0.01722141657720947
0.0
0.0
0.11192157879350996
0.3648259692578181
0.2051065883737015
0.01633001034172701
0.15685877994302094
0.14495625678971763
0.27249617520714087
0.1454466534778481
0.08777506139206971
0.115638213619511
0.10557657652435237
0.27306660252465476
0.0
0.0
0.0
0.09684555283600157
0.5512407453618754
0.35191332952059395
0.06335222500024115
0.0
0.3130376506987975
0.11176294772072103
0.1616062254207121
0.35024060790675865
0.12251359603617966
0.23200912663779077
0.041145180769359226
0.5641387969787393
0.0
0.04019292767617047
0.020119443892882234
0.20783476062256234
0.2611706617491418
0.5108749327017325
0.0
0.0
0.01708973907119153
0.018795642042128677
0.06711174768673359
0.40377120179986786
0.40611627602058537
0.08711514433773128
0.07315671252773248
0.07391008999118412
0.213870720767857
0.12691093490574742
0.11207836005321774
0.40007284945912824
0.2361487523187239
0.14564071680636184
0.10631467920573295
0.0
0.19720494957122678
0.3146902187472136
0.014937337754142738
0.15399564237658026
0.012562621752650327
0.2829521578633297
0.3473452177550173
0.18820676168104714
0.04697714038242009
0.0
0.022985633042708186
0.11913028404465312
0.4366854525929658
0.37422129190295006
0.0
0.10464800078865544
0.0
0.34514946056661505
0.3457821940523108
0.20442009710318126
0.2626478788932936
0.3485196090987843
0.015261455409412783
0.2503403466044857
0.0
0.12323000149875721
0.793391171345274
0.0829428142086553
0.02617707112296906
0.022958809754089336
0.014700811118940268
0.059828748479836664
0.5167408389072992
0.14145139948179442
0.0
0.06445614994549165
0.0
0.2773511073624735
0.007049820578939881
0.2111186547056725
0.21710004194923954
0.23159159243784797
0.25721011450469505
0.07592889459601301
0.11988021942752838
0.11121985479297183
0.03105718386802387
0.09395028453614776
0.3457776432851683
0.29811441420859097
0.5444357579577797
0.14205521187765857
0.08811950275200207
0.0
0.06318699108197184
0.16220190446067703
0.056896491254256304
0.03242927342116616
0.0520994615479262
0.32319468855149214
0.22129372585650467
0.3140859509278822
0.2858293908637832
0.17823047165906222
0.40674319189138436
0.0
0.044467117026298665
0.0847294505776558
0.4382205170269083
0.06031947414603422
0.3344999560675494
0.09247305186628808
0.04724735566222618
0.027239329771582027
0.45140566886137107
0.15771042841403826
0.01631307258733544
0.14710098480112907
0.0
0.22746943125072833
0.13019876751375553
0.3303775395492157
0.08175857613276791
0.1017849633813238
0.10657178897495231
0.24930746897091943
0.23927634074863066
0.6225929904566675
0.0666847439769387
0.03261400848417935
0.0
0.03883155946448045
0.5036656738440689
0.2800479118995187
0.0
0.0
0.06921134031863416
0.1470747159333088
0.20009870324477888
0.05756783141178499
0.1838567979276434
0.1244638855038771
0.17788079189001985
0.25613065948501224
0.10358999253092326
0.5452192952532198
0.1515262903808478
0.10490088792072083
0.039252067373225744
0.05551080644612622
0.2611888929656322
0.13236373370302676
0.07754029943750956
0.14619134104219253
0.15608543014348425
0.2266299220227777
0.08827434607919724
0.6244863715362702
0.0698328947052416
0.07240351482155924
0.04218759359579501
0.10281422457211263
0.0
0.0
0.0
0.2601882510213251
0.6365835035549431
0.10322771633046336
0.11799075290910778
0.06083633009031517
0.0
0.10574522278129025
0.2513571549517351
0.46406993666177904
0.34013676029743517
0.20910062422530334
0.16544654909030054
0.08628978225481425
0.10455522521196783
0.09447051448075716
0.3958804146403091
0.14922332651297862
0.04168331386635831
0.0
0.11909684649588118
0.29411571012312954
0.217974123736008
0.04402106323693644
0.24993132982368324
0.28564536650797145
0.07887618536623361
0.12355144160124927
0.4357550770721953
0.16885743693732488
0.16043563616860365
0.0
0.08514294552215568
0.149808580924282
0.04044048357684106
0.08568124715850498
0.2533571334746255
0.39295240180283186
0.14083616015355016
0.08673106670582321
0.012848431260599391
0.003860473226535142
0.01153182046722943
0.0
0.5733670801411811
0.3983919272287976
0.1848387107007374
0.0656635545034836
0.04045770492955635
0.16287467114077833
0.10388923957955402
0.44227571489210493
0.18601138425313105
0.0
0.0
0.07079437652918844
0.03907490809484593
0.7041189142037382
0.23875189379851522
0.13381741975915667
0.0
0.0
0.027215909009705552
0.6002142987064711
0.4675337452535928
0.08208934868909791
0.051843446483943276
0.04901667303634453
0.1177286882650326
0.231787667438375
0.3318273593881265
0.025873108414485025
0.0
0.1397045938307618
0.14630141362830842
0.3562932301163599
0.02335591194203972
0.20950404153503335
0.0642774285285003
0.04887304337044255
0.5183820838489085
0.13560704162290643
0.0
0.41723791784045317
0.1476442734377633
0.22825918927880998
0.13825962573910494
0.06859834682919105
0.247799227985904
0.3650968530911454
0.0900674876944372
0.19865140000373455
0.0
0.09838466489125103
0.4901742260539765
0.11833566519434155
0.11480342253193924
0.0
0.15040146449224925
0.12628455015314344
0.27656621398656084
0.33838258278181393
0.29015720499308556
0.0489350931966546
0.04595854475719576
0.0
0.23560928990981012
0.250971862203844
0.28091349313904673
0.16437140106774173
0.028120407454117993
0.040012993888478815
0.19875176775007236
0.06708452349000399
0.0
0.0
0.25701206757674266
0.47715140162003056
0.2176377288784949
0.3105439820127622
0.27333250302495554
0.12990258041327996
0.028202568520927142
0.04037993208537777
0.3450150053533416
0.09809879202585987
0.026367575169545993
0.019510425122384142
0.3881040652397884
0.12290369367032483
0.4209285840164979
0.2886664004482369
0.0
0.09145164727239985
0.08180684666990758
0.11714595730794551
0.20371795980305418
0.13257707793966733
0.05853522794719409
0.5511135231262835
0.0
0.05405562583152145
0.37215329941372993
0.1235165305280315
0.04496288385148257
0.0
0.11354750925116096
0.3458194008302189
0.4427248495882271
0.007711059573647703
0.06443569386988154
0.0
0.11827170086753196
0.3668563654917535
0.3057946628726661
0.10128682350596718
0.302003660064531
0.15514217613361256
0.08043946324432102
0.055332221023398694
0.1689876625338522
0.03461899833844233
0.08088568458135993
0.1421315702011192
0.30058310544697103
0.27279187077115724
0.04008121455577361
0.07393320294734879
0.06716281502942707
0.18552680540617386
0.14877690743827848
0.48451878170262
0.07879304763296445
0.0
0.05280542080146283
0.2136200722386448
0.49307587650450785
0.16170485389956793
0.4572802069620414
0.09434526532970372
0.0
0.10550446167257552
0.2567543553092701
0.08611441013601462
0.07125635963418783
0.020840352782000672
0.051702126649518954
0.05132948937682062
0.484886783857337
0.31998450043731785
0.15037301672139963
0.10973035109345909
0.20898390815722157
0.3797195656195406
0.11066761942907007
0.040525042253382305
0.10140295561524548
0.0
0.7331075127195296
0.16548924126147305
0.0
0.0
0.07496955492396101
0.3643712865137815
0.3114383826921675
0.12093822243839887
0.1282822645740317
0.0
0.9246166328836962
0.0
0.0
0.0
0.0
0.07538311503148674
0.07294060005451955
0.1445001219187863
0.05293502064860998
0.3468720085226822
0.2990516724011418
0.08369761729675863
0.5377161755418224
0.22662737587499687
0.0
0.0
0.03276741043462896
0.2028885349270198
0.18860152567718885
0.10576275827498573
0.0
0.08051615428317781
0.05266288280768938
0.5724564146894638
0.16611052555514733
0.08506168044404065
0.26725448298690857
0.2264724280769951
0.0
0.25510056638763867
0.27270967751050246
0.487001027104055
0.09397747145878171
0.0346206305807766
0.098943832406877
0.012747065055193605
0.1631061487677047
0.4405350580071339
0.2681697061774474
0.0
0.05140178157297124
0.07678703664638425
0.0
0.026992805494369564
0.793387492566134
0.14117266621230506
0.0
0.038446749796711456
0.09417049264700883
0.09426176392139536
0.0
0.36621146914407543
0.22064823335358236
0.22470763561951637
0.09697450689161409
0.07764158176078598
0.09215157441508033
0.20951774500698103
0.4967351929680327
0.02697882271840066
0.06939240378748937
0.6180046164585817
0.21572919340304808
0.09687331331856062
0.0
0.0
0.5035295629036698
0.26094163840055573
0.12875855546677745
0.0
0.0
0.10676976093748841
0.07600379311033108
0.0
0.059271421036321846
0.10027631188033646
0.3512558031353374
0.41319212795342747
0.0
0.0
0.038497627918214865
0.45449770931272304
0.19239872225785454
0.31460551009463744
0.12784335804703628
0.01396180142850611
0.17330911664399198
0.37680667498764525
0.1354988080979921
0.17257969567807344
0.04381546058349734
0.15208178120685265
0.2050954585725648
0.3357967159162333
0.03093450928272104
0.23227546682699077
0.17311024142951484
0.2865624739420619
0.2347617100964028
0.12778336369074747
0.17778134744017815
0.0
0.14032793481665173
0.46108346569811115
0.2609170344400671
0.07141981750855815
0.06625139298119476
0.0
0.2678536722418279
0.3464730865714265
0.0
0.20915473567640389
0.051717247274095976
0.12480080999300779
0.0
0.03127908080683124
0.11716296157903795
0.07096190659345139
0.1568518432085508
0.623743939596225
0.03798853971369688
0.0
0.0
0.23884078462258776
0.6508239176999085
0.07234632311986629
0.07689105014784467
0.042047299014697725
0.0
0.047839549754327214
0.5924062082229813
0.240815302457224
0.25851803044733984
0.5530528665017945
0.08965631567145571
0.032644869949426274
0.020671653348641617
0.045455860535114564
0.026070819788668015
0.08213322545380021
0.02453444405405801
0.08931920761714957
0.653004005001527
0.12493789539352038
0.31568178382407747
0.12075491896762443
0.10533767108567477
0.07662787876273328
0.24948881740536588
0.1321087802221419
0.2786440334688335
0.21329004553142059
0.1422180295845464
0.029325032727505525
0.07062403146223253
0.265897360973847
0.25099370776387664
0.24511764402742536
0.08604607284002122
0.0982554628402865
0.09120866095580392
0.22837764539434027
0.2059447750931086
0.023306833926312585
0.0
0.05319133557499237
0.07893080713965202
0.6386260039976215
0.473713875325739
0.18896501299431828
0.02755873418106709
0.029761635374786957
0.0
0.28000040145116734
0.09182969502117365
0.20613818303978462
0.1697812784441894
0.46929844016345484
0.046700951717065106
0.016250893556351426
0.12729961421028715
0.0
0.16036202022966484
0.1236724794467122
0.20341303087822246
0.3852523419708803
0.022717636081986264
0.7070253610490566
0.0660054862147125
0.09831828229254466
0.03671481716753497
0.06921773494642798
0.36260558874356646
0.38858619943458717
0.0
0.1356932608306556
0.0
0.11311450416924229
0.0402842494946175
0.0
0.12431741701435245
0.45137890656517976
0.17568976605387412
0.20832930772031366
0.0
0.10417329182558804
0.028858602121722525
0.156300459131846
0.6322761507491675
0.0783912907086165
0.1224989551474364
0.02170388673255963
0.0
0.05224497096628926
0.49902275034183396
0.304529157360134
0.6095521000242162
0.07600610837879215
0.04359878756073574
0.04977472928565669
0.18504658192942233
0.036021112740199555
0.33915163204904714
0.18949043725636405
0.08027615602352539
0.05840027147846539
0.24726559757077418
0.08541500175776832
0.6645872762023287
0.30858856637502613
0.0
0.016933195187440332
0.0
0.009890732652341385
0.33570178630510117
0.5877880939366501
0.0
0.021058977601160826
0.012818186550241176
0.042632654148453006
0.2257172404879283
0.0
0.058163769503735654
0.523023798743813
0.0988777144291926
0.09421710593633831
0.2032848335276321
0.058452248160287545
0.03017571082784411
0.015339448401348993
0.2124082394151344
0.4803392022923116
0.18883699967306436
0.08559943575781367
0.2767971406542957
0.14734191088811557
0.05053663545224832
0.25088747437725734
0.2669461443646671
0.6415306908701583
0.03461208879044561
0.0
0.02923703256426523
0.027673597757167302
0.5111651448466912
0.4436083318600451
0.020117665309964648
0.0
0.025108364808442765
0.0
0.4342320580678318
0.25595634076017054
0.03163364741969463
0.05910820437992854
0.06888987969169907
0.15017913540308342
0.2659936661296831
0.6443469389200556
0.06992480076629708
0.013730632712150906
0.006003545200850356
0.0
0.46344392603696766
0.20032577434123577
0.1684701177128757
0.07930600270304101
0.0
0.0884533281235537
0.0
0.04663388656004147
0.45964863435086534
0.4937167417425999
0.0
0.0
0.4311559277978971
0.11487392998597802
0.042326624561894476
0.013606386540635704
0.0
0.39803646400559556
0.0
0.02055064357700333
0.0
0.0
0.0
0.979449013912284
0.43004910178605443
0.10099926505524255
0.0
0.017863843180826993
0.03503387916534647
0.4160533568782587
0.0
0.0
0.04660015694652097
0.0
0.42401669001025005
0.5293828238721416
0.0
0.7113740301510012
0.22690720413738155
0.042483020030443595
0.0
0.019235239930919443
0.04791365467845441
0.23507207251137238
0.0
0.18238848708457053
0.4146071762962488
0.12001834487044924
0.0
0.0
0.0
0.6890773320651999
0.298996502261031
0.011925442587575743
0.04398174820114086
0.882999529417095
0.057361647675995
0.0
0.015656531913185907
0.0
0.17636888914627777
0.34544313748286504
0.03742758468570138
0.10444727886976805
0.1441790076850118
0.19213363660736718
0.20866982054627092
0.062134844200816754
0.08609511698129672
0.10103703260507045
0.04525353201963442
0.49680936055800706
0.15365463761242976
0.1536196031918733
0.0
0.08037737028685567
0.24934523895716343
0.363002484439856
0.03156891501811284
0.19980868853324416
0.07883250190488639
0.16799800168684398
0.24800931041239493
0.2737818902502881
0.13724558550769606
0.35544525624863116
0.06558737568660611
0.2636451817602816
0.10475476822675184
0.07332152186545297
0.13952379659170364
0.07132156480228237
0.029213930166803716
0.0
0.3140219921481781
0.44591839662627614
0.18965986386500985
0.28574810812116985
0.04690384688388755
0.18569076839367757
0.23991636218435836
0.0520796781318004
0.7391023267230642
0.12289973245527291
0.0
0.0
0.02052550304020377
0.11747225647320478
0.5452771274037868
0.13545800744535363
0.02343085933208781
0.0
0.025352682066027244
0.27048109399426096
0.06983530492692443
0.0
0.16190659065436033
0.1462006505445361
0.5364661015686445
0.0855909129000972
0.1630092234450726
0.7316216221525009
0.09363397068150436
0.0
0.011734926415647398
0.0
0.04989100095322785
0.26375816265398866
0.4245907127592517
0.11293291329728473
0.036709784434908625
0.11211714981767748
0.41214145753733805
0.10955790541379894
0.08388590472620527
0.06241099719672086
0.1392320064267752
0.1927713955928718
0.24560205675015526
0.19746125095572264
0.0
0.12537909155287225
0.1280745444721296
0.30348240939496646
0.11669906125532907
0.03188828996950705
0.0
0.05258150774792911
0.1342210588848074
0.6646097827449705
0.10439030628254392
0.3390424104863815
0.29794799125332055
0.1595028187584945
0.04298156882143517
0.05613429012459941
0.08636475396066944
0.1762585077801729
0.3464924214165764
0.08673282105950532
0.23636761642189302
0.067783576948735
0.14436699376411302
0.642656065813687
0.14214581625216827
0.01354167786993398
0.0
0.05728902312265486
0.24545153259565466
0.23581983548107344
0.3158575476843856
0.09816432980622793
0.10470630404473133
0.0
0.2304239526570647
0.0
0.0
0.07946033326928509
0.24196989892109105
0.4481455593786513
0.06286965246933977
0.13717167181457918
0.21408673824661434
0.18362469233260093
0.15796675892812895
0.24428002393188533
0.0
0.0
0.0
0.8151863053160441
0.18481312680828965
0.0
0.5080214215620024
0.3859570801924939
0.05708797169811963
0.030581437366265073
0.018351686793780273
0.0
0.11130097552337456
0.06022079649294851
0.12229950468784263
0.23501311139743458
0.11617536273558621
0.3549898149183883
0.16741335965211732
0.042418310113330714
0.2592117306878164
0.15234810061525367
0.2318165405082729
0.14679128773083228
0.16329021458800888
0.08932799983949943
0.021185477791638273
0.19989084464694162
0.14428218226907308
0.3820229285556039
0.05975179296105563
0.15502006675097793
0.08111062047480448
0.18955858518101773
0.23133960337509868
0.28321876885605823
0.0
0.11219763168094465
0.248838271751069
0.5726141758978447
0.06634951646042601
0.0
0.05367091034536541
0.6607687966037574
0.11633357777109038
0.07597649573680325
0.05905134699324488
0.03419805365486004
0.21995464720901164
0.019445083989347158
0.0
0.021933132968383475
0.07723897026701712
0.6614278235284193
0.22301206520752348
0.02759897186144655
0.0
0.0
0.09662991272065076
0.6527586799968774
0.01825006441613406
0.0
0.02795456720778124
0.04389812787823843
0.5534316696773384
0.3564653024372104
0.0
0.08684184466336303
0.076870164387333
0.06359287228233723
0.312908232166522
0.45978655362189985
0.21201012360363744
0.13601969243626133
0.30804452006466415
0.17254808076541409
0.10882459284034286
0.06255273559747565
0.28134594413255604
0.0
0.05692918450462228
0.011385837531034037
0.10580899636403623
0.5445295088935245
0.15050106520384518
0.03347531143587963
0.09458449433369698
0.18040513785626774
0.03765972701873833
0.5033735244446816
0.0
0.7695887029119728
0.07617438116209707
0.0
0.1224994771662126
0.03173722916230798
0.10260631046883087
0.647477731327661
0.025220749079528
0.09213025661527496
0.08035470031485031
0.052209986932618226
0.14192791389103263
0.11302164603561493
0.07841499868428246
0.052718476060563325
0.021566190423038093
0.5923506044445261
0.17110067615173827
0.0761868149946713
0.3142979994150853
0.0
0.22134068545297458
0.21707339740887502
0.25703027803875006
0.532703441906807
0.04261700209666721
0.04115141117459737
0.0
0.1264976442878659
0.0
0.0
0.611447508059483
0.3282707995171744
0.03617417282978491
0.024106884321342285
0.2554276504599244
0.09583165370754865
0.11099019561164207
0.12802743450401216
0.23036046209712327
0.17936225698559327
0.05258308268479095
0.13447074216277627
0.07286487333072883
0.2365500422689056
0.3282477515691642
0.17528295623027035
0.29075042716640154
0.5843347412219253
0.027421741180132502
0.0
0.003313215888863022
0.0941792888433028
0.665559521970758
0.2528032162663104
0.0
0.0
0.041485318517355395
0.040151508456844544
0.7092471112020191
0.22125545693800622
0.0
0.0
0.0
0.06949702178821572
0.06503317577538016
0.1867281681485012
0.27465095628870684
0.2038988713846581
0.26968821651377467
0.0
0.4674414637689533
0.07039556420762007
0.09929372401560069
0.08304238153144598
0.2092977652861334
0.07052872478107695
0.7519669321388166
0.04737649139588568
0.015312213980170603
0.0
0.0
0.18534416211564217
0.17732552124606177
0.4114066989671451
0.19775228926928132
0.025462296204492182
0.0
0.1880529110486822
0.3166240797553143
0.12530895406852857
0.0
0.32249379764596436
0.11808802368669123
0.11748482909706404
0.37683000433896474
0.08824599520347372
0.0635500821084166
0.0649641514145227
0.3193194829865354
0.08708959886124776
0.05450316777482581
0.7465419769701449
0.08336191717343223
0.0
0.0
0.11559261060506215
0.0
0.010929515172315636
0.1035169329664881
0.2373790115360647
0.2830628839893556
0.3651111877366697
0.17482512830250097
0.059077239480531396
0.21784437686268984
0.11077998454633818
0.18269515187355337
0.2547778372434923
0.07050650745167752
0.1041353246327913
0.04436005677224838
0.0
0.7032414662252587
0.07775632381916213
0.10768753421925367
0.17555614794313193
0.24907043347373978
0.09280768402224931
0.17075994044752446
0.20411800514202663
0.26593773243839197
0.44757585513352294
0.012608697335336986
0.050749027916967976
0.0
0.22312727748061628
0.5175919747508905
0.40414682333540863
0.07826087687752223
0.0
0.0
0.0
0.151462898147375
0.0
0.0
0.23800315223496107
0.18017402522600595
0.4303595745457315
0.5899165519708267
0.03248527166180469
0.0
0.0
0.037372596439719095
0.34022530677817264
0.18694060707227203
0.05585172218927777
0.06346697685898878
0.2705404985263007
0.14906406114431697
0.2741358497836513
0.034041542610903856
0.039278701951380425
0.20750887743454813
0.0
0.44387755787347827
0.27529285722575264
0.06589804805069649
0.16627962743688887
0.11600819393026528
0.2577050236065602
0.20080581361938032
0.19330284008183496
0.20535249012379397
0.6014083770106301
0.032840157418385474
0.05888851818759636
0.0353620471600462
0.0661478710840767
0.7341268816479022
0.0
0.0
0.0
0.15192329266525917
0.11394962915685296
0.24542558939231496
0.7111819745014081
0.0
0.02632478876405998
0.017067436617058833
0.0
0.12405069332648427
0.3612280430844078
0.044389482695273444
0.06983694508431379
0.25750491768269934
0.14298953058982464
0.06931441618427095
0.15897595284727176
0.08817907922091513
0.48820803531322793
0.13050253093237432
0.06481966710342803
0.06684829935504333
0.0
0.0
0.05854192908734873
0.6500189394217312
0.22459064891764194
0.1623405336503564
0.07122410793683112
0.0
0.1359935472367247
0.35556240743493783
0.2748784717310672
0.5993411146451336
0.36017852555574714
0.010304046973404165
0.03017603341800923
0.0
0.0
0.08740414368502526
0.08947521777118322
0.03821336662847195
0.3318435774006073
0.32633966902210676
0.12672347208237758
0.302389892401683
0.30168449545949266
0.04443634858149559
0.01942514014455509
0.0
0.332063487308281
0.46038766821795873
0.4621462191867215
0.0
0.02832134976868016
0.03138848558938271
0.01775600808321496
0.051639099248583065
0.32583504970254473
0.05757526481170049
0.0
0.47257493589800587
0.09237483385331065
0.12839653595604156
0.19076743262832915
0.0
0.30996651093848426
0.3595229063141753
0.011345979903435477
0.12443167111289255
0.12810137442842384
0.2601025486684166
0.04150139733063342
0.1328217222601096
0.31304079545679353
0.28792326744447444
0.15991228539474278
0.0
0.0359042363917915
0.13867439036394846
0.3775855185075094
0.38799734050016044
0.0
0.11959649211482802
0.23226069833343455
0.10654398681327024
0.15360113276325693
0.21405919492241868
0.0
0.05940525444029344
0.4155131391691177
0.24883291663153784
0.062188265733189446
0.32394051658921835
0.2532816779786178
0.11313886985080085
0.16999227361987984
0.06255300392275465
0.0770930831652305
0.4107608101905839
0.19470099213547504
0.045474338115027095
0.012367389272434819
0.026332061899922272
0.31036379001710246
0.3348776996482919
0.4191271184786362
0.10604468370169712
0.13995006699835685
0.0
0.0
0.06685838350379082
0.05365827191724951
0.019619944765027805
0.15564218106059674
0.5057921935942645
0.19842880357439155
0.09693258837154069
0.4833711610570653
0.2591364511215087
0.10286020449407936
0.0
0.05769942901028131
0.18166268116656478
0.09026342385446827
0.0
0.0
0.31505685507513753
0.4130167812926981
0.06412029091557744
0.6073032290380053
0.07369960311564623
0.0
0.1917251816067843
0.06315116098825035
0.06203697272995092
0.0
0.11096615056792503
0.25407463078918624
0.24362665233412784
0.32929508280910247
0.19367850614427834
0.20981394478716425
0.19373247761964282
0.14417170675171134
0.04524325443096091
0.21335918364825218
0.07992904519385863
0.01111930119068921
0.0
0.0
0.14731370872330166
0.7616376640873866
0.27439264266834
0.13672526908873658
0.1426627716572409
0.11590451684718807
0.22420987951842963
0.10610434764245018
0.16540211043790723
0.0
0.0
0.0
0.08839069267571163
0.7462068613752336
0.31208565062952276
0.106934578485997
0.13359258266625362
0.06261574634113097
0.18571757147970375
0.1990534809911441
0.46208093229709285
0.2663311612475111
0.20251857443978188
0.01955435011237289
0.02579680975089628
0.023717692786888928
0.12211212122516743
0.05207441892432948
0.44164823614749926
0.30455325019996576
0.0
0.07961155484260461
0.18846243077523048
0.38808342795454015
0.20722964910285452
0.0
0.09016068691511041
0.1260635157021345
0.4874731857400398
0.05849001295827159
0.026789466094919695
0.0
0.23801607589322615
0.189230928150086
0.025993027340672263
0.043140494110761804
0.04771166349899565
0.1101696156025533
0.5267703786220773
0.24621450961487504
0.048858312635676304
0.017607803114157505
0.03517426505292281
0.0
0.07807304564435724
0.820286382344354
0.26125783056704205
0.14321103953956416
0.07771759162467629
0.42213290503836265
0.09568042305688937
0.0
0.25544357620618413
0.31643063985938513
0.13169451925476092
0.031104899503435306
0.16751150513900867
0.0978143416222547
0.3118715186663372
0.3769652080423941
0.0
0.21957961860764316
0.05938324204358648
0.03219997150312876
0.45368568889158534
0.0
0.09754412637797015
0.25407340745041834
0.0
0.1946964554774781
0.42547855177260746
0.42316848760673453
0.0
0.09262815883861397
0.02132238173909039
0.03740192722926494
0.5629259789097419
0.0
0.2047200808511169
0.056642759528251756
0.0
0.17571038157692775
0.06442366801969845
0.09839991808307631
0.0
0.28255484278123366
0.09722029480750026
0.4574005864068483
0.3004780386121151
0.14748128668676808
0.04143339648573784
0.18302211876618737
0.1883300136121022
0.1392540019488642
0.12983151152086767
0.13525274164778445
0.0
0.1378905813633533
0.23072258888665126
0.3663021247057952
0.2631905173243086
0.08302016538352482
0.11828713365447562
0.0787086446081332
0.264666064424547
0.1921271691194483
0.3325188348477396
0.2582089781091964
0.0
0.1533319880363655
0.11219452847837424
0.14374517037871917
0.21254756862780463
0.10930453184708282
0.2729411234174387
0.0
0.1439975626870901
0.2612085499441621
0.2037510606833925
0.22308513696198823
0.13313503662138795
0.2875970971264467
0.06999993701581397
0.08243078252106384
0.03937048640039716
0.02916647766735056
0.18640643826383865
0.5190953178566263
0.09667780919853486
0.1292827340484513
0.14730860275503357
0.18110897581891133
0.31840336429518523
0.14349575848284635
0.12945591027940812
0.08022693161094367
0.0
0.03917524239027145
0.03561850154446552
0.2531558177322772
0.5984748309881797
0.07357540181089087
0.04755998762916338
0.3696904112958497
0.15004821591712825
0.2303689812952157
0.0
0.20233215663676674
0.04505022651959289
0.2650491354891346
0.0
0.09018050176820468
0.0
0.5997196428015023
0.0
0.05978499102770439
0.2403374723687352
0.5594774814293595
0.06876273034037786
0.07163687212501564
0.5519278458328515
0.20516303082497533
0.052314433167030695
0.024985396979907048
0.11041419032058657
0.05519454418418129
0.45267093652245466
0.0
0.0
0.14788632289381512
0.06391999595884176
0.33552231289069845
0.0
0.0
0.08770971071027389
0.2868195369902717
0.6254705200795518
0.0
0.2020552291859016
0.1481520392070883
0.12567593528323434
0.15869904460674783
0.08277191769457129
0.28264542557013567
0.3508374338233991
0.5575995754731686
0.026142230358057638
0.013489801593872813
0.05193045601628425
0.0
0.0
0.05291813762498369
0.0
0.29536815116099563
0.6181480542980167
0.033565165852784046
0.12530970755568618
0.16067336450283404
0.14176038955423875
0.0342560622970449
0.3149235251652194
0.2230764506098374
0.0
0.078349656637081
0.36996340153952256
0.4727876894938227
0.07889871369335828
0.0
0.10467217747157287
0.13703784472120645
0.22519600014546798
0.055966801017971086
0.24167155974995314
0.2354551152670319
0.024798103737968622
0.03853999399293656
0.4766446367330557
0.1274675065103814
0.12290350931126566
0.20964590582655238
0.18669662882593713
0.47475605996985265
0.27294595163024904
0.052203426919790547
0.013397675765454134
0.0
0.051446615220814965
0.0
0.5052626769997632
0.12350536499972384
0.048140099240163096
0.2716447563696448
0.05732360457963969
0.12123559273932671
0.13593070467869967
0.34727064799415147
0.2690611371075847
0.06917795507508397
0.07568532339824736
0.4279589891985818
0.10050095612861629
0.29308429866236463
0.10276981920141166
0.0
0.7394398311897463
0.2352029113340437
0.0
0.0
0.025356836280190823
0.0
0.0
0.24064408890304284
0.284564792115392
0.4578316031407811
0.0
0.016959198054368265
0.5186303853101
0.28299568977599276
0.11095486704427979
0.06193902195767003
0.02547915258127321
0.0
0.03068356266787897
0.20592441064660408
0.05648517011107357
0.1265090421039869
0.22633209186502204
0.3540650833645313
0.5565968444479882
0.35893656028814164
0.0
0.0
0.05159381305265981
0.03287220823755348
0.0
0.13986178724748746
0.20908995944260772
0.5358960867605997
0.05752059904222714
0.05763123024582143
0.0636357729058838
0.04287624209615118
0.0
0.08736478684202241
0.2651773185504136
0.540945492057106
0.5921936188129074
0.11352286367840313
0.04256668083751519
0.20186321976283905
0.0
0.04985315812830018
0.44125991243162915
0.28610514921511493
0.0
0.03028641826166911
0.1141166343436347
0.12823040083409729
0.07794924839083073
0.20683758363944046
0.5239224279543676
0.12386204152437551
0.0
0.06742812533475359
0.17648116132647845
0.44065348731791276
0.1590385061199467
0.10825143747358419
0.057268058392904796
0.0583062313981753
0.025773201049039726
0.08895301895980404
0.23855238383661315
0.5603976639112548
0.08632315593698602
0.0
0.28518256310259343
0.04094811089646366
0.2744101580434764
0.12612484980573943
0.1389441395184163
0.1343895254864321
0.026316801757234273
0.06579200120298033
0.2261609282024288
0.08240126345605696
0.44187076501828354
0.15745788355577234
0.02845169991390744
0.08869677680926763
0.1174578022389442
0.15497438835946764
0.5057925403646963
0.10462642402040957
0.2800813616229532
0.19392879298446966
0.2678776498876863
0.17555135995664822
0.07060571483690246
0.011954395869596228
0.3546420431617716
0.2974361367274641
0.0169122224308114
0.08311776592831056
0.14590119164997317
0.10198981091172711
0.19083171633869603
0.2866369074937959
0.1179263094003011
0.37298780827390104
0.0
0.031616715632064786
0.2882566058927204
0.19193843824191834
0.28092345338216634
0.020855923768617037
0.036074136949076914
0.18195096971382724
0.05824946665585588
0.2598410644336776
0.30827785733797863
0.11554985020536435
0.18166396995755804
0.07641728461197055
0.27946594898904364
0.1760006193470431
0.11216232338028985
0.15477624731998316
0.15279839995335134
0.12479566790782796
0.2816145337144334
0.22626405817905315
0.14285475048325774
0.014644774329356397
0.25074864952948456
0.08387250152570921
0.09538204909871913
0.18064584043202034
0.022937116789940898
0.0
0.12716390476316694
0.5738706478177367
0.031941065900901934
0.2738043233765038
0.10345158479173562
0.144397544424419
0.15052258418642603
0.295882098793378
0.39125708624687133
0.10956845545960292
0.19113927010864687
0.039923261802653986
0.09880502693106148
0.16930634835285913
0.3875654706165788
0.23649263367638157
0.1594214696612251
0.0816089129165766
0.04709504468528524
0.087815815353162
0.10946471684288595
0.25240668774115127
0.07791338425061516
0.22131782985758885
0.2058411092666217
0.13305580395244967
0.09239123164279373
0.270033052170172
0.3273088226930971
0.18306480863008898
0.054753535121284565
0.07244798484490564
0.2651845405929866
0.10197181443672317
0.17589173926411003
0.18957032135050128
0.17133834033846487
0.09604271584202921
0.27286033814918487
0.1907873965202513
0.053442076416129865
0.0
0.13659829269310889
0.34631140672974825
0.0891670678367571
0.3399961589787758
0.24491897525286044
0.10093575620371614
0.10142787181436408
0.1235537311298114
0.5622871633341122
0.05845932971789342
0.0
0.0558698320651163
0.019829257046523944
0.30355423860429165
0.13997492087544364
0.015402768480395347
0.037034774790539585
0.09707806314194663
0.5020563504236196
0.20845244157540524
0.08899673287448888
0.0
0.08072128070742986
0.20031182463766478
0.27825915698552084
0.3517106524755494
0.27877869779403447
0.11206795885428886
0.016587248694194368
0.1580218445779424
0.2341108445102451
0.20043286106620015
0.23284606446332437
0.025177771478490558
0.15850201600243188
0.09543511032974078
0.37893299195286306
0.10910546385173983
0.49148002329073215
0.028265575475798353
0.16797172024708754
0.10986518467197814
0.07376398786439459
0.12865307760440756
