0
0.23314913971889706
0.1024144231271678
0.0
0.011585274642929572
0.1568083034828348
0.10115654908727875
0.30440113244953076
0.0
0.09048388221832854
0.0
0.12636526362845785
0.056565652465501576
0.02252765826048818
0.354163991460744
0.44037709080094606
0.0
0.0
0.0
0.0
0.0
0.10637856207974297
0.214418847972621
0.04027249784818838
0.25083247032079675
0.2323089065002925
0.0
0.15578809679835662
0.0
0.0
0.0
0.2320950197382994
0.0
0.08911157414993819
0.0
0.10346641994037356
0.0
0.0
0.05011020322952553
0.21616381351190456
0.309052603183642
0.15475791618364362
0.05659313242702586
0.19065887078592914
0.35315442024124305
0.06249555753443043
0.07006635886070087
0.05270327376439235
0.0
0.0
0.05956987497985832
0.19188644242103464
0.04636678814168931
0.0
0.1746342734981708
0.05908377865169477
0.0
0.06554007378055023
0.3639455349719548
0.09854259271113952
0.0
0.2686584514711547
0.14191883215127446
0.15217393560222325
0.10619541176894766
0.06067097352674327
0.16788298931692774
0.06419255613449582
0.0
0.038306527383304936
0.0
0.377965202373225
0.08238819133036974
0.0
0.04913713250436735
0.12822722163317496
0.0
0.15296734719694202
0.09593321744399698
0.020706533950251918
0.09267474431888738
0.18098549604572015
0.3124990191092605
0.2075528037818292
0.0
0.042625581985739236
0.0
0.0
0.03249521722087646
0.12293106387946476
0.10091029790384812
0.24381409240298918
0.16816539812698666
0.0
0.1306004008603132
0.0
0.12224803931726598
0.21317996625040783
0.12199157847618738
0.0
0.0
0.43114509258584316
0.14501152588395597
0.3490128680068198
0.0
0.053926525458751956
0.0
0.0
0.0
0.0
0.02090368118802969
0.23758801397670182
0.22101863763854196
0.1575875635338956
0.24283346633715913
0.0
0.011136938155157898
0.04531455097321059
0.057750033016420246
0.02676986829071243
0.0
0.5760760537579686
0.10021779377174636
0.0
0.0
0.0
0.0
0.0
0.07104518392084115
0.1713314205860262
0.08132916268586879
0.2936843794538556
0.07240574311746027
0.0
0.0
0.0
0.039199763626703785
0.35923807791073453
0.040336222312859674
0.195134625160948
0.0
0.4137502215945785
0.11785736337262247
0.03779078509609947
0.0
0.05395567603701044
0.0
0.0
0.0
0.07857463608237004
0.29807048919956763
0.2675106930521045
0.0
0.06223407180871623
0.08908946247167802
0.4514043987639935
0.028458586171781174
0.0526702195742323
0.0
0.048632093847743564
0.0
0.42669899999480426
0.566124769916098
0.0
0.007176007570545484
0.0
0.0
0.0
0.0
0.0
0.0
0.3846877269230119
0.5011778805542412
0.04583955827258017
0.0
0.0
0.0
0.02777356130025598
0.040520956687137635
0.0
0.0
0.48545774106329975
0.0
0.02085580667295801
0.0
0.0
0.0
0.0
0.0605401686185483
0.26848114441158527
0.16466447165552622
0.3489023751949606
0.5542225356451354
0.039159650025964644
0.01245274230255883
0.0
0.017853758866634196
0.0
0.0
0.0
0.027408609806155483
0.19966548032228473
0.08254795533989086
0.04657513632470372
0.07646222754003638
0.28379008069776146
0.11133067905437175
0.0
0.14741981877086707
0.05220791201609918
0.0
0.22465981373465893
0.0
0.0
0.0
0.0
0.11397812241040506
0.4239136080593367
0.0
0.12160842309627153
0.11583940163242515
0.7114209260609426
0.13112849296228934
0.0
0.0
0.0
0.0
0.0
0.025397623647680747
0.09576999426098705
0.03628232168123741
0.30701154585856333
0.45673503710055174
0.04951958480571338
0.14137217919542022
0.0
0.045361138103949025
0.0
0.0
0.0
0.0
0.2536804509462659
0.02364141419422845
0.0
0.07129598656289798
0.13670445761900862
0.0
0.14909112675343905
0.0
0.20970848849757776
0.15587738836196616
0.08671904613349674
0.0
0.04950557814520501
0.0
0.05679087421983495
0.0
0.09083761882033414
0.25992591194954995
0.3989666003397223
0.05725384598716996
0.11256467810461562
0.0
0.1500437533478951
0.34983160859633583
0.0178506176274565
0.2626161214317947
0.02904257122119259
0.0
0.07804956731799591
0.0
0.2914657137456589
0.1291567633339309
0.20632674307820656
0.03224601214663073
0.07664499443438186
0.0
0.05480768007435842
0.0
0.0975522478756666
0.11179910002499747
0.31261935455002543
0.03431570284111049
0.18679865437386478
0.1563836776784177
0.12508655670867647
0.1294850654948933
0.055310473028110596
0.0
0.0
0.0
0.34770365248211504
0.15088090557415038
0.18449443920689929
0.0
0.12917031565150353
0.0799662015002121
0.0
0.0
0.06342671934534484
0.04435727031041036
0.055343382880288124
0.20037713858151382
0.10302121403361134
0.42770919257971135
0.057707631928220184
0.15584096487175816
0.0
0.0
0.0
0.0
0.10065267176970939
0.29017582119512514
0.3366346261839791
0.0
0.13009533736557993
0.0
0.07186369905460223
0.05082952077753049
0.0
0.019747512035761618
0.024259593778328672
0.2879820070157812
0.3462763461941138
0.0
0.03463655966300835
0.14159644126033555
0.08779025444973387
0.04699413698099562
0.0
0.03046412873093834
0.02467513977838118
0.0
0.03367270460297892
0.05675720144504407
0.2843182254381997
0.3892991832294338
0.08840705347196394
0.12287005140650431
0.0
0.0
0.06820026022153265
0.11535586415056012
0.1576098541051396
0.20931102313303726
0.14481572707178042
0.22805424156290038
0.05023463915812381
0.026417874874570906
0.0
0.0
0.042595829456493636
0.3424847019002879
0.22744841796705373
0.06875224221129451
0.07676847703156268
0.1877219408440529
0.0
0.054227519119997854
0.0
0.0
0.02293695621517857
0.0
0.021625167185439907
0.0
0.2661593462320547
0.5481915970138076
0.0
0.11829136590238959
0.022794930313482297
0.0
0.004680238465304169
0.10391816096238077
0.086299334417105
0.1110628254356463
0.2740025276483291
0.3482979662623952
0.014800214820533527
0.0
0.0
0.05693756192866355
0.06970704827881118
0.34729493326751754
0.0
0.29572957888179524
0.0
0.09688102180534006
0.012888838087766795
0.07839974401947164
0.0
0.09909811515137214
0.0
0.30105133577252297
0.3007992883433847
0.3249958131313469
0.07315326485950248
0.0
0.0
0.0
0.0
0.0
0.009805907049076868
0.11303280871112165
0.5366526213198588
0.0
0.04784394005047585
0.0
0.0
0.031223598086400513
0.11334743301365802
0.1480932831899388
0.34918973660844543
0.22716213057222995
0.0995966492443349
0.1560360482281856
0.0
0.0
0.0
0.07307376644966194
0.0
0.09494103015604714
0.0316933448881362
0.0
0.0
0.04874702824212998
0.06988055878158346
0.11101670200128962
0.29261236076206876
0.2607767473929965
0.12736123255513196
0.057911665225015146
0.0
0.0
0.0
0.14907526685439046
0.061937436975568756
0.19444858463022696
0.4432189274193287
0.15131944137501963
0.0
0.0
0.24833038908806604
0.0
0.061976551866621286
0.08313561586253443
0.10250102054579387
0.21037982409636588
0.0
0.033689868465017626
0.17218789062388168
0.08779848258032029
0.3060655707211783
0.2937359912797187
0.1884104216750396
0.10362418383845576
0.0
0.01417898444465273
0.0
0.0
0.03531404509461366
0.05867055039363994
0.033050041106223844
0.14282976673297126
0.5214773221079855
0.201681752597075
0.04784503615841544
0.013584544789358525
0.0
0.0
0.03953127830451844
0.0
0.11275208542870872
0.435496558706405
0.25419949389562907
0.07671843325013072
0.05713410551994971
0.0
0.06369896711112112
0.0
0.0
0.0
0.09143012688467049
0.15583411796676375
0.2081734730268832
0.05720127708667131
0.175119462239273
0.14793489463316678
0.11281865876735106
0.05148753487323191
0.0
0.0
0.01771986653353896
0.14580000695313283
0.2836615586927797
0.108149266533458
0.0533438645158571
0.03986970217589947
0.0
0.17927912145101918
0.04363011183479363
0.12854539381783806
0.1659363519937626
0.0
0.06995584990872719
0.1965224508222994
0.04600627698616299
0.07353687652321324
0.30961402518185527
0.0
0.08834652815540135
0.050080765980467165
0.12381581266821169
0.1368852572568389
0.22524627993403448
0.15190877888885695
0.06480305774539516
0.0
0.07482786565085552
0.0497016792009409
0.10891933574258422
0.06389131164130143
0.09395242528930935
0.38382915199132356
0.21249995544562084
0.11656919631201414
0.04993829672662014
0.0
0.0
0.023567388657404535
0.032437094086293305
0.08720624003351274
0.09931125576920592
0.16860940416692655
0.09839116947511961
0.08017092006056484
0.15718641426364188
0.0
0.0
0.0459746499324546
0.3175931911092943
0.03276197931692355
0.23500664176597164
0.12510375005391697
0.0
0.05072232152580825
0.06169156008350227
0.0
0.27180634059627196
0.1021177085040943
0.13948314771142326
0.014067840026393174
0.08491497171992107
0.16712332840868596
0.06392121821746564
0.0
0.0
0.0
0.0
0.1500748289782303
0.35347509203240707
0.18049033046648094
0.3266014166348119
0.1046203692638778
0.0647701108661895
0.04389752960992099
0.07225954068828365
0.07615828976729697
0.11292474813036354
0.01290335576648568
0.10154208864948942
0.08432213759694043
0.048525972270560436
0.41900524265535866
0.23352638323427816
0.17502501736398876
0.0
0.0
0.011237483619863443
0.038254079850701846
0.0
0.07442533920210388
0.2666213171278171
0.09326976255021378
0.1821071840655227
0.05042405030932618
0.0
0.2200297555696351
0.0
0.09264327053304519
0.0949040372778407
0.0
0.038576573127501027
0.4520698081742403
0.472547542544223
0.0
0.0
0.003075892616059497
0.03372979905139062
0.0
0.0
0.0
0.09940944131914863
0.44695323426387795
0.10951527602586175
0.07525717472763035
0.0
0.22038506694227358
0.0
0.021903053281954143
0.026576108114308016
0.0
0.15377437789045487
0.34697044602523364
0.21815970957525588
0.02228001115101727
0.04423750858955738
0.0
0.14248243392317003
0.0
0.07209474042490055
0.0
0.4635193779296136
0.1584709589139678
0.10353722123166105
0.0
0.0
0.0
0.025717679617726513
0.0
0.14416679248265238
0.1045875631921573
0.03279931381757147
0.19647687068592803
0.12449059311884833
0.0725394931962953
0.3823641889678873
0.10584874477692272
0.0
0.0
0.045327348627601634
0.040153024496313
0.341924823232869
0.0
0.0
0.0
0.0
0.03698927876826978
0.03308421738553744
0.2702638266287961
0.23372322954415536
0.08401391520329934
0.20391785620299369
0.1466680798818752
0.08368177434805264
0.2849665084901677
0.0
0.13601817041708322
0.0
0.0
0.0
0.14474681147070292
0.0
0.03486567644425028
0.0
0.015401080343408513
0.24944643172638895
0.1302492544996703
0.23055129770034521
0.18435917821955145
0.15512665059311953
0.0
0.09634568357438802
0.20978147253853133
0.43627208202085854
0.11261161949849642
0.10514577133237887
0.03984283084012139
0.0
0.0
0.0
0.0
0.06702490270952474
0.05083966016206862
0.20462732425521826
0.34660892851995856
0.12258664525817795
0.0362209720205857
0.0
0.03107647848300964
0.07886183564555423
0.06215295696601928
0.026620886506528045
0.07218601641334499
0.10834534186050113
0.32748580285306195
0.0
0.132153587169447
0.19293654666107418
0.0
0.06466908756846113
0.07560219292479999
0.15886653550090424
0.31213954332835003
0.13863966069412936
0.0
0.24064842711962606
0.0
0.027592729537285206
0.03682410967735651
0.0
0.0852885997994844
0.11652820771652146
0.041871594356197854
0.09446597749340697
0.2633555207183851
0.08144109156153329
0.16835128669575566
0.009869230342604935
0.16881306095840845
0.0553029267437317
0.0
0.1295819298770485
0.02601988061717141
0.17719815727256438
0.15170383253634886
0.04152959763554446
0.21259981076821066
0.09349970876145718
0.04270298300167821
0.12516354377285965
0.0
0.0
0.06004996129380465
0.0
0.23944980545471814
0.27425201958396805
0.046887493744010134
0.2949108950349574
0.08444947113900833
0.0
0.0
0.0
0.334469274779105
0.0
0.08339650111960005
0.27130214940245506
0.15075360288043801
0.07028997473271517
0.02984006628031572
0.0
0.05994815656972739
0.35316990950146876
0.356984942463509
0.0
0.041779429884945464
0.0
0.0
0.04874736615914921
0.07388218807737724
0.040412226840662424
0.0850236310601127
0.0
0.4084806997942777
0.3799468268826245
0.0
0.015243855735074216
0.0
0.022854127217715254
0.0
0.06864006985388939
0.10483405549227119
0.16379660052932996
0.27057951134299135
0.4175981920509032
0.07523364401545861
0.0
0.0
0.020437533268174147
0.0523541257636424
0.0
0.0
0.22024503813595311
0.03286463814651982
0.049066509650882106
0.01729451645996645
0.0
0.0
0.035208019333141424
0.06708053197539916
0.0
0.5782402905475881
0.0
0.05254313329276794
0.015944533159483996
0.022272290537031832
0.12073428111419643
0.711271342133374
0.07723379723372388
0.0
0.0
0.0
0.0
0.0
0.0
0.06714809481902217
0.11541379145602504
0.21496866411505355
0.26382803442457514
0.1970590784772618
0.06737783913539175
0.07420403429502384
0.038253322420989215
0.0
0.12959214616234777
0.11869216744816449
0.0
0.18323198373912483
0.20461345878521706
0.16802445401516114
0.10019010908678704
0.0574019612465273
0.04313255651488317
0.6472834880371716
0.09998933039266364
0.0
0.02871615285430672
0.10162837451564809
0.028096625675782232
0.0
0.0
0.05115322130665362
0.2396486219478832
0.06498730606083437
0.0
0.0
0.0
0.1972197637421519
0.0
0.0
0.057751798127889435
0.44039218096434873
0.033879525498316465
0.0
0.20976346831255643
0.09194770583413478
0.27073881135423444
0.2375278316700922
0.05901315307849128
0.0
0.06782628930103529
0.02930251328319337
0.37749499732613756
0.1605093372086837
0.0
0.0
0.0
0.0
0.02678879286486612
0.0
0.20640254551385098
0.2288039741131042
0.1541005199718975
0.41425774299721274
0.21436375121654264
0.07382037635774322
0.0
0.03505217845505092
0.0
0.03708112810199729
0.0
0.07132396685212149
0.06851860544659083
0.06883482709679517
0.07180746963075138
0.33846948030844876
0.3411675354127177
0.09916263014886952
0.0
0.0
0.0
0.012038861702057365
0.04548191302804215
0.11020892687495847
0.5883117618563236
0.17112797865988177
0.05229704776965167
0.009096382233233119
0.023475677206857882
0.0
0.0
0.0
0.05351079919260826
0.20021758446313634
0.0
0.1880302573524146
0.07424547612591398
0.07976246571084582
0.0
0.07027730891422167
0.0
0.3339555798535077
0.33157224604638313
0.1806240033392694
0.03863956985436047
0.05885404062377956
0.0
0.2395653313697116
0.0
0.0
0.0
0.15074384277726394
0.10323190602130548
0.0
0.061837857497394545
0.07616621492968052
0.19600393532634688
0.2656856680330308
0.08898728512995971
0.01979381550377997
0.1208770209430508
0.0674153069246909
0.2212502565330494
0.22606397207945317
0.06262514447249337
0.0
0.07760412803352956
0.0
0.0
0.0036270165551003535
0.0
0.40882916174036343
0.06165234532389545
0.017938379397433996
0.10089077388280598
0.06121734748244282
0.08099057583736187
0.03840914699235288
0.02715936750483701
0.0
0.4453950862420762
0.16634642109125294
0.16072753757591676
0.24151346412074007
0.0
0.12785551145465202
0.11127885877134257
0.11900686311602511
0.06685373618153496
0.13516803045472103
0.0
0.03759530730962562
0.023072130908553413
0.06422664152425164
0.06292399622829893
0.21923861882090395
0.24958609359283065
0.19849370869031008
0.1182538789274516
0.06420440694078536
0.0
0.0
0.0
0.0
0.07397757864105484
0.6424850966359654
0.1938563758614354
0.07938542170480119
0.0
0.010295125199641214
0.0
0.0
0.0
0.0
0.0
0.0042352064275923175
0.07649570520085358
0.45545231819734766
0.07474407452141989
0.23230341656825884
0.15676898542579784
0.0
0.09343495027605189
0.0
0.1315151288423091
0.14560629299974093
0.14573895481316143
0.08418837172494768
0.11017143550626794
0.1334969370904796
0.05835704459482354
0.0974905554518548
0.12001795427429096
0.062676523799798
0.08860423195249478
0.0
0.11394370605094364
0.03156418953187621
0.3152247481888811
0.03913880033573788
0.10065382593961233
0.12817558749961455
0.04535356879694987
0.014155923834275507
0.0
0.029634109766505202
0.08500491021971525
0.286760582815321
0.4168746794184916
0.0
0.12221561821850237
0.0
0.03484292340618366
0.0
0.25486251158225626
0.36552565315339747
0.06600756443449544
0.15464271108330693
0.040441937633855396
0.03943492895429551
0.0
0.04424136039064325
0.005294272124013076
0.04276579370697061
0.5303085922981922
0.31982783232415096
0.0725646057311574
0.02923857292350061
0.0
0.0
0.0
0.0
0.19418342706724798
0.10644788659822377
0.0
0.0
0.032337109667586385
0.012071069417055012
0.047207170325255524
0.020701714941063504
0.1929534468961837
0.39409744317126705
0.2771444310311709
0.07758015784728133
0.04577487666183833
0.0
0.10093648408616454
0.0
0.17089718546045168
0.1558933615159139
0.05879733853158717
0.11297568969102748
0.13910708902923466
0.21351390671948461
0.08452813003828982
0.033214597344115644
0.13514555374719778
0.0
0.0
0.13637459959269962
0.0
0.2581157952984389
0.008337375881225314
0.1441152458092192
0.0
0.07052971790295848
0.10390214307773998
0.04812081725516286
0.0820896463667063
0.0
0.22819957266184512
0.31470495995913855
0.44953780255935927
0.24273708935297064
0.0
0.08193017891983348
0.04062402430836821
0.0
0.06517342379911363
0.0
0.0
0.11999693027358826
0.1520725909034047
0.12760183206877862
0.22245582839400932
0.22808173652349936
0.12487335291613844
0.0774129918548308
0.06750129952717046
0.0
0.0
0.0
0.0
0.06008911323420219
0.0
0.11998271095267302
0.05834472685091553
0.028909635415086028
0.4949223815084037
0.17402136291036452
0.06372952741114689
0.0
0.09398611175665243
0.41237578278088205
0.04897798874594309
0.06391894486173999
0.1219729718408045
0.0
0.04744704814267267
0.06306414930971821
0.06539626177285258
0.08286037243946082
0.03249870601842899
0.059436461068418635
0.26914648124663687
0.21907761549249394
0.08565092690596514
0.3151054937833381
0.0
0.0
0.0
0.0190838970426083
0.051035830466759774
0.07723347448068917
0.0
0.18405639719275652
0.18412286429436764
0.057903169197851635
0.0
0.24638111160939746
0.199266355323309
0.0
0.14945183886664784
0.023315268020159523
0.0
0.0
0.2518713182053905
0.08928779795854923
0.09398685196381781
0.24932857848216594
0.07997925493007757
0.06277828326170691
0.05163674016777993
0.15649083693920668
0.08265911049671243
0.12504778283987916
0.18084124537005328
0.14834427287408664
0.1095989058820679
0.016831517119437235
0.0
0.1285491319021837
0.5516269702560745
0.16752835039464029
0.07469416080986671
0.0
0.0
0.0
0.0
0.0
0.0
0.20615026520429844
0.0
0.026327085600933903
0.0
0.19068969524089102
0.16919040794378906
0.0
0.1682046051405619
0.1931580822493817
0.20870291877016084
0.043726908626206935
0.0
0.0
0.04747738306445165
0.2689594849792667
0.2953664377998453
0.10062742720852653
0.1393416342680379
0.07118178265478604
0.07704550062431087
0.0
0.053621469815126124
0.04454631878433479
0.0
0.0
0.06960365948456798
0.12179793874355513
0.2911110544302992
0.15112885518328645
0.05833842295218732
0.20985180184352173
0.34252054796975173
0.22957804589794564
0.0
0.0
0.0
0.0
0.0
0.060045708345294754
0.1555462788037786
0.21230901102783906
0.0
0.036369973153207766
0.3517242148889305
0.43293101773695414
0.0
0.17897395000411676
0.0
0.0
0.0
0.0
0.12148148140672821
0.012492658848188471
0.29111111288486313
0.1430353772225296
0.20795007197695917
0.12255420676664608
0.06370031334813754
0.0
0.03767441448543944
0.0
0.13676971248766207
0.07364023536069304
0.07241281051229556
0.0
0.0
0.06576369037282223
0.19917830953612498
0.22961999278620432
0.07385294290203993
0.1487617767901608
0.02009827633255305
0.18418890889099365
0.2695524111726607
0.11647308034874868
0.0732093061104445
0.11747390528295665
0.08620019975832212
0.06122717488716552
0.0536821371724311
0.017894045172929092
0.030018955628795373
0.0
0.03491761873614791
0.13520535325218874
0.0
0.1427738641279164
0.10275212761217438
0.20143326133009565
0.07788084645480287
0.2750176218009864
0.4362596640989743
0.0838709540789427
0.061235788330052526
0.0
0.010063426712159373
0.03639717584839502
0.02304336328273453
0.09178582337455868
0.19412820460044547
0.06321518606946418
0.0
0.07581558301150984
0.22103849274068207
0.1560066848619045
0.061124471984988805
0.17004697515156544
0.13473903247760052
0.12761605142224286
0.053609711475641975
0.0
0.5706103925683113
0.19412003957148471
0.05938002126651565
0.0
0.0
0.016242949942200952
0.03168647591427655
0.028777487973160747
0.025539280845034207
0.07364267512941988
0.0
0.09387525601269683
0.14414823916056022
0.09507018643515941
0.07730168180282901
0.0
0.09305707560052842
0.13657907303781142
0.2350233207055675
0.1249444925638596
0.0
0.06258580982802321
0.0
0.013059837605718787
0.34455930544766017
0.0
0.11217952191526644
0.2004942731506919
0.0800667134794211
0.18705393228549055
0.0757624991185524
0.07597269481492207
0.6683460683620144
0.10247955935880498
0.0
0.0
0.03828321860986667
0.0
0.0
0.03915542886051578
0.22857809769826123
0.3986312817315884
0.0
0.0
0.0
0.0
0.06202761064772727
0.03281024030562916
0.12018893712624111
0.157763528900174
0.320662830282477
0.33259935854178
0.0949614782564451
0.09473287851244962
0.0
0.0
0.05307879784383892
0.023737560541593716
0.03189040452142645
0.04833576470397099
0.14063178796996967
0.0
0.05944389504966572
0.274617647326194
0.11655755247965399
0.12905450938931198
0.06991639606880311
0.06822490851367641
0.07137459450466362
0.07017828870214522
0.0
0.026685189780747905
0.23695299698620295
0.0
0.013983941165635642
0.24269408494193653
0.27817325378298086
0.09271918759217361
0.04467961137349809
0.06411125416630886
0.04907382505946328
0.08758496605700648
0.053318835619778474
0.19173250199344755
0.07232177507326562
0.23209634896865472
0.12899917431173955
0.18487171605048477
0.0
0.0
0.04507505356937965
0.0
0.35636064711682874
0.4373300005875046
0.13480541213086666
0.0
0.0
0.0264284008317869
0.0
0.0
0.3088872266425765
0.1511114545012861
0.18001994554123263
0.0
0.0
0.04080686230889015
0.0
0.0
0.12192890982241311
0.1972451010033335
0.09184646562547703
0.0
0.0
0.0
0.025387612308071923
0.1574473902391341
0.3849433485706752
0.2769800933657807
0.0633943202157817
0.0
0.0
0.0
0.009672444239423076
0.0
0.0559731306894524
0.2743159950832485
0.5613439811857771
0.09869407115660361
0.0
0.0
0.0
0.0
0.0903923042434324
0.36334663178515086
0.0
0.20627297280296877
0.28287260710533835
0.018670218292741982
0.038444332259466904
0.0
0.07867786408644951
0.21382001851173138
0.0419575560458782
0.4174093638464003
0.06127467185270847
0.12395827207992328
0.029617275376171617
0.0
0.0
0.03328454265257454
0.13515716935258332
0.06972667528312991
0.050313452496816
0.0
0.3306386355804349
0.17734211121626675
0.0
0.0
0.06569545242423756
0.1711261816099941
0.015876989078328234
0.0
0.01799586825190698
0.020152592246137278
0.06742529695334581
0.12180387712198062
0.09330375309348253
0.50784113388344
0.15560015860076543
0.0
0.0
0.19947295302236365
0.07956027439865691
0.034215408960092154
0.20817135463085273
0.04796813607277908
0.00540473681027187
0.13465306100651298
0.0971352993092012
0.193418401038198
0.08436990582735408
0.6284475641212516
0.17614374975639366
0.06928779119151983
0.0
0.026633053242783134
0.0
0.015117640738348865
0.0
0.0
0.07171308372254753
0.07219519152223401
0.19997745657501054
0.04031044156765219
0.0
0.06010324994776263
0.16488604570130966
0.25354985685717285
0.016649152069474232
0.12061474911937108
0.04736054010006372
0.0
0.010273943721525439
0.0
0.06629618786836364
0.3285250966909973
0.09374094136209173
0.08793079792878325
0.0574330929004512
0.30843849133078455
0.18709349412050405
0.18225808956648773
0.14695946760751322
0.18250147817888623
0.037062090626948915
0.0
0.0
0.04712437090166151
0.06017495279757423
0.15682575887246034
0.10957282313555118
0.0065391159425398655
0.16742590909115404
0.0
0.13097904543849284
0.09049831113159261
0.0
0.13921691522113916
0.12810387638705703
0.22766355024636087
0.2666394982546524
0.3253712699730995
0.044084305068984767
0.0
0.0
0.1102107610301936
0.0
0.0
0.0
0.2536930635654595
0.11584031237323661
0.12642554267880857
0.0
0.07878267866335567
0.10700285437128379
0.19882428626523446
0.21455098894892424
0.07999879996573493
0.0
0.07857394952202437
0.0
0.04626030369876714
0.021882756188275843
0.06271400125777683
0.0
0.11251788894200881
0.0
0.2599920650188647
0.33478702548598405
0.1618454447691806
0.07789898705747753
0.0
0.0488869605541354
0.22755854973532122
0.21393577581197856
0.20525950527830714
0.0
0.01991899991740196
0.15666123047823943
0.049879451037412904
0.0
0.03240834728065744
0.21840666908793943
0.6636406801100131
0.006547474570621588
0.041110153132057105
0.0
0.024666091879234263
0.013220262923118488
0.0
0.0
0.0
0.0366253174438058
0.05618067091329376
0.09422644426843713
0.10963881302220324
0.10253284574369245
0.0
0.34136547845819076
0.25942998600317246
0.0
0.07885076248985765
0.011617120682628754
0.0
0.23925301851586195
0.5481529499906097
0.09614879162949617
0.0
0.025976672146092127
0.0
0.0
0.1146737308603832
0.26557946332335053
0.20237221328999666
0.3712975983566051
0.04607666233058526
0.0
0.0
0.0
0.0
0.28546423322795567
0.3608052344269923
0.04220494437352159
0.06687999649770315
0.02075479645054821
0.0
0.0
0.12979347226696952
0.05870342627002524
0.03539351500556598
0.42599532210552504
0.0
0.0
0.0
0.0
0.17027422922654512
0.0
0.13816565474729328
0.058791503978247096
0.2067729580358841
0.09191302715453223
0.4270336509377519
0.12385294292323423
0.03784466566817779
0.14481688948975135
0.06084023538281803
0.027387961642557735
0.02468717422314496
0.06162291127594601
0.0
0.0
0.3676662387347972
0.47280766851677847
0.09612826545022085
0.0
0.025212746163661495
0.025212746163661495
0.0
0.012971851538521558
0.0
0.28020765890289917
0.04309017418920688
0.06037833637389675
0.01534574587704308
0.0
0.04681758515380466
0.06861168245793842
0.0
0.06528015160321544
0.4202681334239796
0.06719754777409448
0.18729735293050456
0.02128232915905091
0.17598590890813434
0.0
0.12687312328057215
0.0
0.030554967399866732
0.32616986784103713
0.06463836524675827
0.14067036459043367
0.09925126895029418
0.3096690256100083
0.17551700436348977
0.0
0.02465241115337136
0.05976934286364758
0.0
0.0940303733070848
0.09643988478783534
0.09059549935668042
0.13789102631445316
0.051189574024842845
0.13525518014990714
0.033371517570690776
0.0
0.0
0.038392181472112236
0.36784163975377177
0.1454627414878759
0.0
0.12362760176733714
0.24089020334693614
0.1378170391795309
0.12686385104253448
0.0
0.113202156487368
0.07573707639194024
0.18186126447761636
0.0
0.07858170645301374
0.5904055363153586
0.20756700382928636
0.07800468995765934
0.04544067333489618
0.0
0.0
0.0
0.0
0.0
0.01901260180195255
0.0
0.0
0.16287721285393056
0.10890776291153116
0.5061327834917961
0.03970453926913877
0.0
0.07716451847306197
0.08619978900682945
0.05077535487610036
0.029032986444273785
0.0
0.0
0.0
0.15926331099113425
0.6762739703345545
0.08465411829600906
0.0
0.0
0.13309614946733717
0.0
0.05901331410042565
0.0
0.0
0.0
0.364098308156342
0.14628308959884428
0.07086976883462588
0.22663912208844375
0.0
0.0959302269141648
0.12741887702098567
0.2726264244085859
0.02860886465996175
0.0696904122797642
0.03069481884049791
0.09280443251124043
0.18637726803040583
0.09584836466196135
0.2274805767998729
0.13875861556063684
0.06801148856362954
0.06130167783426621
0.11633403663107668
0.17696709616353873
0.07360160385132093
0.0
0.0
0.13754459882026743
0.0
0.0
0.06604964446239046
0.0415351390155075
0.02927892034733738
0.10403878198660184
0.5138006409931508
0.13107040542622983
0.11422621670411283
0.0
0.0
0.13597820376145872
0.22819936145306238
0.16313162628275596
0.14705649406161128
0.1002926968813669
0.18146193476218994
0.0438794159559406
0.0
0.0
0.0
0.08560095280205449
0.0
0.32466234794106147
0.11619747860056656
0.11922523724369186
0.14724288342791148
0.023583476508253463
0.13729067028852507
0.04619655658886542
0.09700677167711806
0.0
0.0
0.0
0.07839684786301329
0.5880270081371858
0.04458287962830674
0.07087657067523925
0.1211095853503673
0.0
0.0
0.026118351432352215
0.04466066627608132
0.4143917581912037
0.3702261601150052
0.04676581074905118
0.038532055019816304
0.059304814123090674
0.0
0.0
0.01893160876170906
0.07591252241893977
0.18915816620078665
0.5261453667399302
0.0773386320855735
0.0
0.04184376330926954
0.07066951198694307
0.0
0.0
0.07446908608018694
0.2020820873709808
0.046390932988128214
0.0
0.0
0.04712844254982022
0.052504145419841296
0.24810578773473604
0.1565951513556886
0.17272410697269167
0.0827153999378406
0.13441948510840016
0.0
0.0
0.0
0.46918044754779265
0.1052013093330528
0.208481889692698
0.0
0.0
0.0
0.0
0.14433500607718242
0.09354889700091999
0.19894392597626256
0.27739521754757446
0.07857102526811703
0.07881164235856303
0.12839313075867717
0.0
0.0
0.07938969125624301
0.0
0.1976399426158791
0.12291929565651484
0.3353618357046498
0.24116387899563105
0.023524662669008187
0.0
0.0
0.0
0.06386480617433743
0.5123950782662212
0.03886348875415988
0.16024476410633065
0.0
0.1562416104110359
0.06838978044345492
0.0
0.0
0.0
0.0
0.0
0.022737300321631522
0.1434651645618103
0.04994448591444926
0.7110943837616015
0.045260932732298115
0.027497097181369216
0.0
0.03951383179952592
0.021494884790831146
0.3099729489679367
0.09487949129468203
0.05651884919090431
0.14328390065698526
0.2703467779573999
0.06398860973759848
0.0
0.0
0.0
0.04398497646896432
0.43124900144036443
0.35135290603460934
0.03853134689326382
0.05451123473399084
0.0
0.0
0.03493954921545035
0.045430619027852386
0.0
0.055770561006463625
0.09739855892951056
0.08441494988086583
0.16493172468333048
0.19438184276845985
0.06993783276773517
0.06291919051386027
0.22244343767658734
0.04780153947391624
0.029965595151589693
0.0
0.024710264181801014
0.07734107481100594
0.08657771952334671
0.1940997425052579
0.42458514436770806
0.04155480552652886
0.0
0.12116523838470654
0.14695757691931252
0.11346436386602853
0.02271223470455458
0.05155446681094818
0.14169873429007407
0.18002790577207217
0.2424732211181849
0.0
0.04215626609701003
0.05895478703992978
0.33687684689871567
0.3028951960641834
0.0
0.0
0.0
0.07454352455237047
0.03215852186081621
0.0
0.08798913961057492
0.16553642772457852
0.03300475720373223
0.0
0.1884617679578044
0.0
0.0
0.09787956315604049
0.2107749421250677
0.13213104096333145
0.20258622354841424
0.1351608100784658
0.11941738711917549
0.0769208506577073
0.0
0.058976042743492225
0.12781246776659028
0.05479850114000985
0.16649532417832805
0.0
0.2299384880499967
0.16564062471332142
0.04698761130131545
0.09890221934983881
0.0
0.0
0.18786332921740292
0.23214973898791352
0.062349531882378274
0.0
0.23781883738440143
0.13392832848644673
0.297262088143277
0.0
0.09627748897885513
0.06415021779093528
0.06738162920756503
0.28587145553945575
0.05292079737040343
0.09043109812767697
0.0
0.04570477104974047
0.012661483700128153
0.05493323312567162
0.05712131923608202
0.48301266449030617
0.2039662037196984
0.0409703945783249
0.0
0.12394695220150453
0.02338698123304163
0.0
0.038947085470938496
0.18903646898663976
0.19532296764835366
0.17838260463166036
0.0786766701924592
0.09907951896888807
0.0
0.02732708245577281
0.19322699779635172
0.0
0.18812398200099786
0.6511050814787402
0.06430780137646137
0.0
0.033862129838798896
0.0
0.022421703510929113
0.0
0.01760408281646034
0.022574755069272055
0.2734260086312873
0.24464414227364023
0.03930128782152639
0.0
0.08262622649873069
0.06694304910346355
0.0897929032805767
0.058951933196376635
0.0
0.14431346666221767
0.11972123167207854
0.10105089524138305
0.06487010388077745
0.08930860304338328
0.0905676897346959
0.057262838891784344
0.09625994291423919
0.0
0.14929321601565942
0.23166469410990637
0.17918180172092482
0.1496664201037367
0.11136652643818024
0.07399225883088227
0.0
0.04297967931047792
0.014688006616575362
0.056831682013571465
0.04889524773712172
0.32239812262102446
0.13641647834305007
0.0
0.035799453748024915
0.04851763525262759
0.0
0.06930176673998024
0.35561109140935976
0.129765591185831
0.11011888895273754
0.11446864233201631
0.27896749988429975
0.10019678861549758
0.07592030991251408
0.05028404409085808
0.0
0.08946407062365329
0.0
0.11849858023093289
0.20618599745341235
0.08048225586658253
0.08705845413303594
0.11883185632641824
0.09196291495675604
0.1253511837328714
0.13407992706410224
0.09208480032962488
0.08215480988974054
0.1363015129024027
0.015201065431612731
0.11697227348377155
0.07480545980337433
0.06156686273944251
0.0
0.0
0.059085626123725955
0.10592157056210744
0.11447745990701666
0.07545784565254035
0.4132043260916301
0.09548013457771487
0.09346467389338214
0.08158583055709305
0.27309966809595365
0.07265242202305833
0.0
0.11972300752364479
0.0
0.035887650511745126
0.11355397177370266
0.2100322012535886
0.0
0.12766763094501196
0.6528217438635627
0.09273038109431148
0.05170445014794935
0.023951940201113714
0.0
0.0
0.05112359340087928
0.0
0.23490472993176245
0.0
0.058971982994350046
0.10996635464542916
0.18154086677852949
0.13364782441893552
0.046083337289787675
0.1103564693609259
0.0
0.12452749075672162
0.0350401868993108
0.0
0.3609174069828289
0.47036797033793
0.0
0.034987842758739396
0.0
0.013371921670220888
0.03486970494147755
0.050444673210723434
0.06160766463287045
0.3768913617828826
0.30630971432159976
0.051953917143305425
0.0444969014607348
0.06830735863819026
0.021909908900911212
0.0
0.04400141153236355
0.02452143938260268
0.07818631746713058
0.0
0.0
0.0
0.10429414001385609
0.227905704352943
0.0
0.519794653558579
0.0
0.06981760436020229
0.3321414476440645
0.2361820784387569
0.0
0.0
0.0
0.0
0.04988870464809912
0.0657786221667134
0.11367298728318967
0.2023346128360914
0.0
0.2241848130950666
0.36167786245079503
0.16919791421112257
0.1627713457378786
0.052782682200393984
0.0
0.0
0.029384287217026347
0.0
0.1261299542602803
0.3565270518521576
0.29027891941135914
0.01932172173417356
0.0
0.048880514977780724
0.0
0.0
0.040987559185404865
0.11787275106271664
0.3410067894488004
0.2759389211876073
0.21679275740103687
0.03799260930727121
0.0
0.0
0.017137049878634365
0.037977462404023506
0.0
0.07315377171249186
0.17181644962806736
0.2621657706357229
0.0
0.0
0.0
0.1542072555485277
0.0
0.055527108987109094
0.22031240833730079
0.13597057070878774
0.03509253387600123
0.40690929006005266
0.4672829014486491
0.0
0.04914826313389802
0.0
0.0
0.04156671179686496
0.0
0.0
0.19841773691759598
0.20228650721124508
0.151237651696648
0.06437044203502973
0.0
0.1602723182063004
0.0
0.07735678274540501
0.07999510588211695
0.06606221741249746
0.0
0.09453100014243458
0.23588773973641367
0.2559541655977808
0.0
0.0
0.08313939103932384
0.07755813554846584
0.11675193847989024
0.13617707276305044
0.12643040814324258
0.19687494019883436
0.058281254197985265
0.23722771547637403
0.06709702616734067
0.14308691066752977
0.06369996068045329
0.0
0.10730130539927764
0.0
0.20957517477464016
0.06555507349746532
0.07418691401798923
0.0
0.05080818928025663
0.0
0.0
0.0
0.04370685847993623
0.5561672218968804
0.0
0.1325178084974727
0.37108371907356646
0.32845361906183324
0.16794430771949845
0.0
0.0
0.0
0.0
0.0
0.0
0.12153920887128679
0.0
0.14691649372388935
0.17583872119263022
0.2575503780500246
0.052598104934764536
0.17304080847949097
0.0495581181907445
0.022957354892140343
0.05886700102366186
0.0
0.10123419107107733
0.2437410919973419
0.23429521411686505
0.16291772904434634
0.12470669397519218
0.016976196163475753
0.0
0.057261219798945086
0.0
0.06765561214037481
0.0
0.0
0.06103105530775505
0.0398843848793614
0.21319247074429393
0.40669852206961493
0.08258800307616339
0.1289496455226344
0.0
0.05062155412793176
0.03236035418879526
0.11821108004295733
0.21916922239214465
0.1535278142962895
0.14682088508573082
0.22504279212516234
0.03311302109588989
0.02113283789844173
0.0371110803544897
0.020390397953357287
0.07578125836052076
0.07303989991724509
0.0
0.1939800692267577
0.40637214529495636
0.12491428007176088
0.06841046582031347
0.0
0.3430736184613626
0.10809179827398045
0.0
0.0633971958347886
0.021893248171966546
0.0
0.0
0.15630772727402253
0.16937976040196615
0.13785612733369174
0.10261351979760569
0.0
0.05068837265388149
0.0
0.0
0.10449309513950558
0.12413697844838167
0.0
0.5174189268922009
0.10064848946836397
0.14050390399373355
0.18784257235989163
0.19905693988777923
0.17300522422002765
0.11068056798194024
0.08596447252718246
0.0
0.0
0.037734262882265564
0.06521128331933443
0.09468109220274246
0.31693834960154443
0.1054035944399541
0.15716307830954634
0.0
0.07573910418288574
0.15482647844298442
0.047787064713265784
0.04746099917175307
0.0
0.05984601062785848
0.13621992808416922
0.3899298590283781
0.2133257246401957
0.04652927894229549
0.0
0.0240969608308996
0.04515062870118121
0.08490132947669714
0.0
0.03020244789784126
0.0
0.1834351930020264
0.12647119262030512
0.15019503025065753
0.15424510419768245
0.2157014141857304
0.13974898862807825
0.0
0.0
0.04270951039386685
0.12857408352136832
0.07947912484135944
0.3012150890257062
0.030375940555263246
0.12085875878310312
0.24284198014971142
0.0
0.0539448466930864
0.0
0.0
0.021684993001202288
0.08631987848065026
0.0
0.1924165088731098
0.07919426657296871
0.34633410149275334
0.0
0.19246500063586786
0.08158470049907837
0.09549050535050158
0.3489195977893632
0.4134223086196284
0.043940706164120685
0.0
0.0
0.026005953265585507
0.0
0.014285155268386305
0.05793555248519048
0.10374548901393547
0.0
0.0
0.04481584278033065
0.11021811871146205
0.15951033871300435
0.0
0.0
0.31776606937432
0.2639436235037164
0.0
0.16057041011825257
0.22989237153213804
0.2387087289206314
0.20698163333815675
0.11014764406784769
0.0
0.02055490720507926
0.0
0.033143790945221824
0.3982882067619504
0.28824806810490733
0.1621424921536442
0.07442442173649465
0.0
0.02478400803284524
0.0
0.0
0.052112558482802766
0.0
0.07716211249443133
0.17575001024265136
0.29290023508551644
0.0
0.1255897069702921
0.09458550211632116
0.0
0.0
0.14114039975636922
0.09287161905911095
0.04124667274209535
0.0
0.05223486172172737
0.0
0.0
0.42599088741013413
0.10400780046279035
0.20106304967378436
0.058331605124948026
0.11712370644795028
0.08899103075691686
0.0
0.055754609626172374
0.1269399761743874
0.0
0.08868196512482587
0.041072756228573544
0.18788099774811115
0.32393065099076157
0.08674692492437644
0.10153489210057529
0.0
0.030876624805210164
0.0
0.0
0.1286987095750704
0.0
0.3308201145900507
0.40806887917655466
0.0
0.0
0.0
0.07009261630587867
0.8606024988087116
0.047538127064618824
0.021766213665457404
0.0
0.0
0.0
0.0
0.324700896120362
0.1000140437995899
0.1297670917404569
0.0
0.15601939488005065
0.0626515084814669
0.02626193534934084
0.06092854676258685
0.050180276644062514
0.08947576835666998
0.0
0.20688709963964844
0.31957412918257366
0.11808204525741135
0.12539311483407412
0.1620581678214639
0.010420324711449842
0.0
0.0
0.057584396033857864
0.3196593539358275
0.21089856566812007
0.06373500056827228
0.09776023006744897
0.041610192761542784
0.0
0.0
0.0442954547179569
0.03320358108170224
0.18883694116326635
0.419169180125726
0.12299411879545405
0.13395857549382256
0.15974176058014228
0.0
0.0
0.04084754424455773
0.06257239436751022
0.0
0.06071581281996701
0.1368581515072116
0.10462046487786789
0.11261016196865717
0.1422032353685214
0.18185851519489854
0.07673021902379644
0.056616527163729946
0.0
0.0
0.1885020854768506
0.0
0.0
0.08668032715401836
0.43928012152846174
0.16668920596088338
0.14360967237186972
0.1444371593423858
0.019302990216563617
0.0
0.0
0.14008248571363976
0.19972682835227631
0.07679282847961418
0.23709471147365008
0.263534766522072
0.0
0.08276770069965698
0.0
0.0
0.0
0.1741736587204403
0.2096744386872674
0.0
0.23200136250899514
0.10345297710448183
0.0356931049901625
0.0
0.1656330693447301
0.0
0.0793708475908083
0.0
0.0
0.0
0.2769236880890552
0.45991933248810046
0.12972652675056998
0.0838210956898607
0.04960862922441317
0.0
0.0
0.07680611352974205
0.13880364021504757
0.2646073298504505
0.04989237047430043
0.0
0.0
0.05222972572800415
0.3183225930456957
0.03404961339464825
0.06528715389695228
0.4442887650052343
0.0
0.007917498881711714
0.0
0.0
0.017486830230883925
0.0
0.0
0.19018941285226618
0.34011718390351214
0.3553434189316354
0.059467102654164467
0.029405830601846015
0.0
0.0
0.11879522134333127
0.0801522207311129
0.0915350853367798
0.03822367979642071
0.22707683009939414
0.05580174698092087
0.0
0.20157221378183227
0.20386922389030743
0.20325108472100134
0.2024271249909377
0.0
0.026631707995568084
0.0
0.10644649169849314
0.04777956566860791
0.03193714394761821
0.0
0.01553755799988056
0.0
0.11088804172436949
0.1227260898078364
0.33464846206056553
0.336482831703188
0.0
0.03205481901523077
0.04582328674048007
0.22488036400310474
0.09914913229425197
0.14579144409399444
0.33763882780581184
0.08101071361173541
0.03365101953118152
0.0
0.0
0.13126668455347706
0.0
0.07533496696823865
0.055610395453371105
0.22304550720537356
0.1315307247730043
0.0
0.034983991025919876
0.19199451792934258
0.15623272086707735
0.09465450970538002
0.0
0.29990549856052684
0.045723346114773585
0.012483502004532887
0.2137790657884968
0.06795045088165641
0.14113000529174163
0.12437323455592109
0.0
0.24804866183064422
0.15814162298327505
0.1192468723167174
0.0
0.06729753677135183
0.0
0.1110981360643895
0.04090392873022984
0.09834179911813412
0.15692100676435042
0.01690421223149443
0.015135198291897543
0.33415711399185816
0.3118306913047429
0.30780429674454923
0.0
0.0
0.014168103248814103
0.0
0.0
0.06214147334097604
0.28404107177251003
0.0
0.13088405535377776
0.21557072924674384
0.06727140624869057
0.05028193040134924
0.10987575585171362
0.02316539495618656
0.05676776703343822
0.1484590408358644
0.8164919347277353
0.0
0.018313606238469362
0.0
0.016735185764804532
0.0
0.0
0.0
0.0
0.09834995365007365
0.07971991943474618
0.36171383699607323
0.08355863572864194
0.048491735226479996
0.049529108750513105
0.03277254665706013
0.03228410748193599
0.15720903050127483
0.05637049533189598
0.018035746958120477
0.331949011583369
0.3158324644182036
0.31027734161823584
0.0
0.02390506478976926
0.0
0.0
0.0
0.0
0.031938188439541805
0.0
0.5296641884987549
0.30423964543732585
0.048516166787579564
0.03862031344664767
0.03175524132724324
0.0
0.015266019373320448
0.0
0.0
0.3247317062934164
0.0
0.0
0.2585108525146313
0.1085299028215025
0.06942066224988766
0.026136294457249635
0.0301335521545793
0.18253651928331238
0.06442547531399472
0.26565180995323145
0.2278924720344746
0.19744010756344443
0.08359436858126261
0.08842349286740749
0.0
0.0
0.07257166008240555
0.0
0.09295207509087254
0.040570540771084705
0.0
0.057375410480423286
0.0
0.41092805418378986
0.09770679903266069
0.2057519762991961
0.0
0.0947128761798829
0.03528642673818545
0.14943133415944423
0.12325116023466463
0.0
0.02853287031303043
0.1591654717751442
0.1610218201176064
0.20216347964973846
0.0
0.1411457069527418
0.0
0.05927740248626383
0.2352700284146907
0.05429390118145294
0.2172018001074554
0.2215221566424056
0.08494869920784723
0.0584897464362232
0.015356635447088226
0.05363841602802035
0.0
0.0639114775406022
0.8284239958291253
0.049620610228122225
0.0
0.0
0.025731073187515423
0.0
0.0
0.032311951150175044
0.25260758185386056
0.5121591079997364
0.07869813759215309
0.06446383609685152
0.0
0.0
0.0
0.04966833733902717
0.042401969507543824
0.0
0.0
0.0
0.24257299343394695
0.1076427197108108
0.10164575973972968
0.1474582000817502
0.10811056969564412
0.23545309359700234
0.0
0.05711585793253235
0.11301865492067636
0.16376968123569513
0.18642565526781113
0.10109788624056573
0.037164321977064124
0.1027312641054052
0.0
0.12271834116573783
0.1730733640675318
0.0
0.38354909318561836
0.2364161545459076
0.0
0.0
0.0
0.05271284908965133
0.06491174021887426
0.10192905314733186
0.11651233054961098
0.043968431139464144
0.10710696303373808
0.13156555399671618
0.09633100532156108
0.29420070451180225
0.16701412521499798
0.08811501436156816
0.0
0.08489401375463748
0.030771808896569823
0.0
0.15542243302906136
0.036685889315268665
0.0
0.06182601693518386
0.05435464771970534
0.10279769843279637
0.025940843062020387
0.1388388508064861
0.3242397265326297
0.09989335744699368
0.12314924570244891
0.5724176545300715
0.22841514358018647
0.0
0.0
0.0
0.04743026647108062
0.0
0.028586932164017094
0.0
0.07751990517602841
0.18891829053676515
0.1650091270997145
0.0
0.03753778694037019
0.013656376099963518
0.14932327231246767
0.0
0.2884713714590926
0.07956273234423093
0.03899761974103688
0.0
0.12928617238010148
0.059735670519886
0.0
0.20169905942257066
0.07196821355463202
0.12391440690121247
0.19321199011200516
0.1811861864405735
0.1923414422859836
0.4461020873440124
0.1634112762127259
0.0
0.09027757581908658
0.07437129434182141
0.0
0.033495670307502175
0.0
0.0
0.5565870559481939
0.042557022387042134
0.026768901112582816
0.05776285976132844
0.04714339040799992
0.032181884229337036
0.0
0.0
0.0415221828167533
0.19547611182200852
0.6526633427742096
0.0
0.04989273011490683
0.0
0.0
0.0
0.008725574606170206
0.0
0.04566120356995526
0.24305654392501436
0.2790254763421464
0.705995693471257
0.0
0.0
0.0
0.0
0.0
0.014978245384373222
0.0
0.0
0.13778676203782275
0.13190905080229706
0.0809348190294562
0.023345171180143242
0.0
0.10365725310865889
0.1223775439941433
0.0758545397072591
0.08253764260649145
0.24159640818553774
0.07643927210343135
0.0
0.041668886677197425
0.04618801930817905
0.0
0.07518864654368333
0.17148325445847032
0.0710696192903315
0.24508836215950358
0.2728735091277457
0.0
0.0
0.0448050111715345
0.3102813557063098
0.20120877758865965
0.2766461256886218
0.09112205055987342
0.0
0.06776456945041547
0.008171856436070105
0.24078527590188678
0.26191163187430344
0.07530740770742557
0.06418336815219909
0.0
0.1401332235940937
0.0
0.16274513349966707
0.05493365000952947
0.0
0.0
0.08817528115005745
0.07304933253679724
0.11582131131659375
0.37112938694644637
0.1365993567278468
0.0852574094612554
0.06430512924472055
0.0
0.0656624483001663
0.035022446479001115
0.0
0.08691715292875106
0.07336716649679993
0.2491318785326571
0.1410462851274881
0.19073715543058586
0.08416944734477656
0.057995969120057535
0.08161223749798756
0.0
0.0692044670516106
0.27714373599958253
0.37352455564577963
0.18822715673191334
0.09189953746175988
0.0
0.0
0.0
0.0
0.11358140081427856
0.2516379415987051
0.04939628961090889
0.14119923941451304
0.0
0.15999055657270259
0.0
0.1264094104521403
0.07826496599920355
0.07951991385650445
0.043618784880202245
0.0
0.1759431986761844
0.1733464823151321
0.23077726315394678
0.09344249348526382
0.18333352047228668
0.0995379097406971
0.0
0.0
0.03907127305529944
0.12053428550683348
0.4036139077885814
0.1554911364434254
0.18401046189727283
0.062222630074767124
0.0
0.035055929826080745
0.0
0.0
0.048787500199570656
0.037155453975041525
0.0
0.09336785610039733
0.1943193124946131
0.34615063104589777
0.07882403523570956
0.20139460110502666
0.0
0.0
0.0
0.06241333771625231
0.14517774538514008
0.1705918243407958
0.15010435396247557
0.1522363842298103
0.09089423572419576
0.06887497237218274
0.059137342876990906
0.10056933819061885
0.029660243183035943
0.0468969594826718
0.21230918307762545
0.29454289685768803
0.0
0.08389183372763588
0.15950057448214536
0.13452503690518794
0.0
0.038672223636103696
0.0
0.0
0.033521769556086135
0.07273000876862294
0.0
0.7139563441948255
0.03311044554915978
0.0
0.14668012312611098
0.0
0.0
0.012040180071490363
0.009445094024449733
0.5720399512127082
0.3080747754239229
0.09839916443114713
0.0
0.0
0.0
0.0
0.02217137003934396
0.08610907779376537
0.30850126133665623
0.16715506862334872
0.08609802991485822
0.1776043930097466
0.0198306766830989
0.10055300992264712
0.031976004108049454
0.0
0.06789526938386552
0.06178983873200998
0.12805828970274402
0.2183768861116434
0.027093163251424558
0.0
0.049957320304068645
0.0
0.08481501674493377
0.3620132578813814
0.0964125978947706
0.646632582301791
0.04955184919310067
0.07803131936766708
0.0
0.0
0.047464509555969335
0.04466189455947407
0.037244684618827226
0.0
0.20160791188672333
0.0
0.0
0.14309676079670536
0.10958708998040273
0.04353759336207117
0.0
0.07918261512700046
0.14925290857832169
0.27373453764027095
0.02285389773855889
0.05659316869976095
0.0
0.11318877921568805
0.1310978542057214
0.17936344743907287
0.10885374158204922
0.22287045552355964
0.09547577925711132
0.06970209153240006
0.12394476681835354
0.07261769417557229
0.02908131223234292
0.171563724287594
0.025430869616932004
0.06586395090087635
0.15922243608724174
0.16517599259411828
0.0
0.18709846470916533
0.2453762692254734
0.0
0.0
0.06278204227953366
0.0
0.05177699826055536
0.08362086088508638
0.17940313824926632
0.25426806902634613
0.12277194913426154
0.044563627126647784
0.008536842490391166
0.27708178640356046
0.15676589857950116
0.0
0.05920655182032994
0.1758985878213347
0.04204080677630781
0.04044878166253555
0.1954566400954066
0.15817792243442486
0.1926809160653974
0.0
0.0
0.09669767910636722
0.05938679061982503
0.12238665501883207
0.0
0.05632842353294113
0.31434073988706535
0.0
0.0
0.12040081298179597
0.12368054211613287
0.3031212242281042
0.16005516429143313
0.1217428886932165
0.1257090835851174
0.0
0.045289435457505425
0.0
0.0
0.0
0.013807159194860578
0.0572720622765448
0.0
0.19983097818481932
0.6021138028454163
0.10282738462782555
0.024148020893455177
0.21284176540122662
0.0
0.07069556222365939
0.0
0.0
0.27630720861776653
0.1528334587970689
0.07099182975598588
0.13883261798332883
0.0774967513609795
0.2733999262033324
0.6830379504544862
0.0
0.0
0.0
0.0036533755766178086
0.0
0.0
0.03990844331759187
0.0
0.05894884195524873
0.5094028838441028
0.15847232077826542
0.2600168801006482
0.0
0.0
0.013158160967425253
0.0
0.0
0.0
0.07577822555313501
0.21338765249503625
0.062353285688702714
0.0
0.0
0.0
0.09585715008682989
0.06691764170842322
0.1820440788815451
0.30366115409074057
0.0
0.0
0.12821682277023375
0.15099435553256313
0.06612115315807214
0.45159983002431864
0.10199723195342551
0.035539052710988304
0.0
0.06553077460514417
0.0
0.044162556206515616
0.07129667314882586
0.11601136964974633
0.36704885723276043
0.22380771056225884
0.0
0.1128864048908898
0.02272144877023385
0.04206445438913461
0.06675045403677998
0.0
0.40861980650088087
0.07557705340544428
0.0
0.05472703243349886
0.2455557195471455
0.05047090543589983
0.03451179773747127
0.06378670966941145
0.179037913608102
0.14028400911512434
0.13240517226765183
0.34190863288045814
0.17672729734202353
0.0
0.0
0.0
0.0
0.029636736276578174
0.06378481599673273
0.07655306717225724
0.026989292269737536
0.0
0.318361326762212
0.19143872467857784
0.042673816460606466
0.0869355494365477
0.03868873125840723
0.15457414908751604
0.24040327169468537
0.08574025853740333
0.0
0.09750184313898588
0.05009124797159044
0.08505298162973306
0.0
0.22410609437992682
0.05039674511515251
0.16670719988385227
0.16106434449177073
0.2051741978670313
0.03828113434680617
0.055292149898192616
0.16323505722632847
0.2341946446416715
0.0
0.10651087711797527
0.0
0.03624703242383406
0.13497858711636343
0.07082054937285115
0.15354796754453956
0.07384666287822589
0.04060085677682697
0.2740426529856714
0.19486183344040453
0.038129531093859546
0.0
0.019170777591671566
0.15876736758165225
0.0
0.0
0.0
0.49058952958111884
0.18915464026495696
0.0
0.0039381722992131085
0.0
0.15754959409595137
0.0
0.09914873033398591
0.13951331048431317
0.15665615412362877
0.10639837016369025
0.05293974658842548
0.10867154305224427
0.2286179010229445
0.10805336964154512
0.0
0.09685686018540568
0.10910690853705313
0.0
0.2878214181515924
0.3543251848585809
0.10330175347347781
0.0
0.04012958781507516
0.008457971768821083
0.0
0.10362088285164404
0.0
0.271033887157979
0.0751045593418278
0.10580989431577885
0.1570737542257142
0.07063167959176636
0.048745623800162174
0.0
0.16797914551480045
0.10540236408060744
0.0
0.13938290936472672
0.0815762044974159
0.0
0.2417565588387719
0.17705150250429155
0.25482972959876465
0.0
0.0
0.1202815858150306
0.19780874465557907
0.19815766908879112
0.10130482142876482
0.0
0.09917034777887139
0.0
0.07393489494903589
0.13257670859894513
0.07676410074920571
0.09980991274466916
0.28878191430107303
0.3153461587247936
0.10178063035600401
0.04993736487975708
0.0
0.04049509379074676
0.0
0.10384814645112414
0.0
0.08718060345683908
0.0334059102500229
0.0
0.4538061035564701
0.17093660165800054
0.11562817367892561
0.047243094366477174
0.04481873460705038
0.0
0.04697989810313598
0.0
0.017940399910639875
0.09230260153143677
0.43545432320040567
0.2714340344710376
0.0
0.07066135862545028
0.030767533079692315
0.08143897999302195
0.0
0.08925385856155152
0.16081771016774213
0.10958073803571734
0.0
0.0
0.08931155006010848
0.0
0.2279978791789332
0.32303785338049995
0.0
0.48678632714174935
0.4580492110771267
0.0
0.0
0.0
0.015254130322655348
0.029600213016264736
0.0
0.0
0.010309694716378376
0.01412552839362153
0.04441998996646812
0.20078973847513423
0.6422986698977556
0.0
0.0
0.0
0.026635351491789392
0.07172954464783866
0.0
0.4471167146861923
0.0
0.0
0.0
0.0
0.0
0.02415787754949185
0.0
0.17597129795402652
0.3527536150376603
0.09564361465574069
0.0
0.044038094488701655
0.1760455200920497
0.14873588512124167
0.12550730687610798
0.06158648901798174
0.0351524434237644
0.15038802743928673
0.16290158319624923
0.09272641383150516
0.22414345551144288
0.17408730197794287
0.0
0.2759155102737269
0.13608013544355893
0.07096087310518341
0.026085737889018117
0.0
0.0
0.14504445012572062
0.0
0.2193650663066206
0.0
0.1980939906776549
0.21830810910579998
0.11921179952344521
0.032000371571809925
0.0
0.06797496328436478
0.17739446704163025
0.0
0.0
0.02507436835851486
0.059355046756541
0.036366029509041296
0.18038098470863867
0.058619971197464156
0.21392687210119524
0.24888143722053782
0.1582824357876359
0.1256850419222639
0.13786998546702056
0.2753167248141025
0.0
0.23187841305017698
0.0
0.0482732303445951
0.022693271583940376
0.0
0.0
0.02272322971033268
0.025312451952989343
0.0
0.08961610522343487
0.4798040824912178
0.38254378743191053
0.0
0.0
0.0
0.22634801418582207
0.1046687260497428
0.011033052598612533
0.07628371061492661
0.0
0.03433199126944521
0.07488929424049745
0.27476136523214173
0.09056145939768102
0.10712195564280463
0.0
0.0
0.03941973751815786
0.19120040407723107
0.6282993726764527
0.141080179697915
0.0
0.0
0.0
0.0
0.0
0.0
0.0
0.4205057168954903
0.5432843558946229
0.03620966107745634
0.0
0.0
0.0
0.0
0.0
0.0
0.0
0.0
0.6153553483712563
0.12411923697874211
0.09836844189770544
0.1047385731202479
0.05741809112875727
0.0
0.10440426570273552
0.37727805051331337
0.16562089703335994
0.0
0.026551650906567924
0.0
0.04198184381291736
0.0
0.14020418007529914
0.14395817321322968
0.0
0.0483061296266706
0.21882889236559597
0.5298122187345382
0.16520688130188146
0.02930616122152108
0.008539398505203558
0.0
0.0
0.0
0.03185079866038987
0.3015913546979555
0.1048586165236629
0.12629043798269396
0.07945530444256689
0.08333811420326542
0.052559011930593945
0.06521491224319698
0.1016907899637726
0.05314996097696474
0.0
0.22776848657036375
0.22413415739199646
0.15057139300741496
0.04994083671837825
0.12857896439003966
0.09970338150326022
0.08735693587307775
0.03194530375101581
0.0
0.04563911523112454
0.08353780559824839
0.0
0.0
0.16007386593574166
0.14249377523605355
0.20952405065284424
0.21843292431441477
0.0499567758989393
0.0903412844648386
0.0
0.0
0.0
0.0
0.0
0.11920958154657821
0.29875938090401977
0.4053914950235022
0.1766393372386894
0.0
0.11825146395928626
0.0
0.0
0.0
0.0
0.23409339890841113
0.07845957996967208
0.40588352894077234
0.06701247909908097
0.09629890666993536
0.10453018963022527
0.0
0.19222418549039308
0.30413185390800623
0.2746976963662962
0.09660111586013079
0.027814425427664807
0.0
0.0
0.0
0.048984578239160394
0.0
0.09986019444052195
0.16505561853987266
0.31261913751618253
0.13041584344090404
0.18207609634705602
0.019635455863618083
0.041352543171626205
0.0
0.3308074196296579
0.054141397642812936
0.08733632694012144
0.03024646872970431
0.07501011003671929
0.0
0.0
0.09527755580012048
0.0
0.32718022584287504
0.0
0.05081486401083824
0.0
0.09381577548332122
0.16181587878102435
0.3456900584752163
0.07086144361902251
0.0
0.14275231464168836
0.13424891771148503
0.0
0.0
0.05014970150167624
0.09996768922721774
0.12404212180235481
0.4738322605283573
0.18978392698178453
0.030806718822677954
0.0
0.031416810967972345
0.11128291247984204
0.04597545907142316
0.0
0.13797951272110512
0.0
0.4616939504147654
0.05966080350627238
0.12714697049877788
0.0562595639612939
0.0
0.1100259891527686
0.029247761218626746
0.04841124404349273
0.0
0.060659112135386564
0.10439056829259974
0.17922145973060963
0.16779177432802475
0.10500888543413063
0.1952423498664264
0.05734444193568428
0.02945609963752263
0.15930698116242908
0.0
0.0
0.0
0.0
0.020424130631597485
0.501182446533243
0.2322848788930072
0.1990694198370477
0.07458327709829504
0.0
0.15598945121290914
0.0
0.19099794168955844
0.13662599596877115
0.06912789212812709
0.14841190624342684
0.025192588296773975
0.3310532064171022
0.12513452982932924
0.050587893628948534
0.0
0.0
0.07183606410253987
0.05707563694438165
0.06095294660621711
0.1595761286445962
0.143782980358577
0.15800963125691256
0.722815454571443
0.11917447716020854
0.0
0.0
0.0
0.0
0.0
0.0
0.0
0.2723374694844478
0.0
0.3663565191594455
0.030353177865004098
0.0
0.19260093400376882
0.1383507682911947
0.0
0.0
0.0
0.0588506085456468
0.17750685859371182
0.14836588664552375
0.4086153604043282
0.13403486278198531
0.07262589109178211
0.0
0.0
0.0
0.0
0.0
0.10460017139295721
0.15277796941618718
0.20496640709330946
0.1948914786699583
0.0800944568559707
0.03578191438692498
0.0
0.08979899936824197
0.13708765988016192
0.0
0.14633842621223908
0.03499227253570759
0.048541282571544914
0.0
0.17389753590015555
0.12378955840262686
0.05469598709064825
0.16204010018643322
0.25570419392992993
0.0
0.09435084489662898
0.053838580511235155
0.313699091916589
0.0
0.05885721494966767
0.3616429305677804
0.0
0.11760923511471674
0.0
0.11220942770126442
0.01064645201938392
0.0
0.0
0.0
0.004761237799527892
0.057846922930556294
0.06405590290646743
0.4655167563828386
0.284962109950485
0.0
0.03586761663440766
0.07423628888194769
0.04871356083295793
0.07100446354725387
0.07621938509594307
0.09369843032939415
0.2160835454929856
0.38417566680371734
0.0
0.03880682335851056
0.020776122678078802
0.3798110168983194
0.11305554389292187
0.02880489684992925
0.0
0.0
0.21441462216686505
0.0757315956333627
0.12859883102307784
0.0540492030231038
0.11924839912097253
0.4999939966308439
0.205394943916258
0.10826782854662331
0.0
0.0
0.0
0.013045394005187803
0.0
0.0
0.0
0.02608863544213833
0.5267643612671372
0.21741402178979602
0.05460357498451576
0.009110546895134294
0.08662554110194609
0.02576851862827661
0.05362378130098599
0.147721398431803
0.1650005601935914
0.2205207372052204
0.1067561502879943
0.09335555201556742
0.2224428524137931
0.018308530161989443
0.0
0.025892172334218293
0.0
0.03997516211518511
0.11945196109282194
0.09251265689738662
0.07731226147294114
0.0
0.035278986460856296
0.16563310306777487
0.1311874294634829
0.20390774948221152
0.13473970997553242
0.0
0.061925855397328596
0.2540894234386386
0.22171526031294492
0.26012651327124187
0.10946682913085203
0.08138897469740983
0.0
0.011286619783425463
0.0
0.41620362197743976
0.0
0.08234119211753203
0.052569071365053614
0.06380102715886599
0.03116026142902803
0.0
0.051853806475318114
0.18192754616372836
0.12014194555549225
0.0
0.1031873952891734
0.18867863700525006
0.1832861022334726
0.0
0.03458520183215811
0.0
0.11767442653762962
0.1615444559753137
0.21104308211503714
0.09523166517808561
0.04233686803349
0.330162055654366
0.36676710048798433
0.15968586679813068
0.0
0.0
0.005815415817919479
0.0
0.0
0.026972388721404117
0.12099267350818177
0.03814471586164444
0.11725844891853175
0.07248611709920103
0.18288775187570402
0.29061915797103127
0.07022036722929399
0.08041613111589731
0.0
0.2299712814343231
0.0
0.0
0.0
0.050540085405847084
0.0
0.021761021070933088
0.0
0.30506411281551365
0.39266310767522566
0.0
0.0
0.0
0.0
0.028606360581689725
0.0
0.1619709203951209
0.25912267856529486
0.40111639032813895
0.14918333030091752
0.04909732365798332
0.18244493902181408
0.0
0.0
0.0
0.38121717345539247
0.22496561238944082
0.06997009864907093
0.06172830013295783
0.030576271691835164
0.15662518054594934
0.0977472858263118
0.08671782138385607
0.04289287943639799
0.37713383154020114
0.020081825709002493
0.061006320883115826
0.06364940971213404
0.0941450390831835
0.0
0.11401737403285188
0.34959356651938056
0.31644541953631405
0.0641852204797611
0.0
0.0
0.024511830033553256
0.0
0.04328019707808844
0.08796603185196576
0.0
0.018677981423392286
0.0
0.1467177718699073
0.0
0.45300972005956847
0.06734441609390313
0.17836186724383057
0.07682223530788716
0.05906496387064716
0.29105686401463315
0.12240873901210785
0.0
0.18520279874187032
0.0
0.0936150590528138
0.10103520040096182
0.07200042049467553
0.06957273789409761
0.0651068424515237
0.4552314732054357
0.045723505982778884
0.044164970056214996
0.0
0.0
0.16085507003744082
0.02202140007010893
0.05571022033963377
0.16010080104736021
0.05619173857190983
0.021905786027358067
0.018063972732203566
0.02856164903796703
0.04574062185375267
0.4572767313502065
0.23303878808124665
0.07492931432742972
0.07700061999685691
0.0
0.04348174210652226
0.12668662812507722
0.1679817092037016
0.10894622759160934
0.05952658168145345
0.0683976084769567
0.05874330622751207
0.2308400334248974
0.034029084415333755
0.07306354085510935
0.07178442927125146
0.0683257905338354
0.17056706088437767
0.09951228898446084
0.0
0.11796696079115733
0.05362233618048994
0.12090939087358928
0.2566513593980694
0.06354856390984497
0.0488952436531485
0.04987167229096683
0.10904824031472105
0.19729298383637742
0.18292831653792158
0.1935849425152447
0.15248744579500312
0.0
0.11478567646265757
0.0
0.0
0.07112774726159692
0.34780240660581535
0.2475508731476943
0.2232747947085123
0.0
0.0
0.0
0.0
0.06437470987012524
0.045868596575057034
0.11783283396255165
0.6839301706735225
0.01906111268380496
0.0
0.06874082143301324
0.022228884421176088
0.0
0.061114574410020495
0.0
0.02709092850384042
0.08399682628541374
0.06160598828039491
0.0
0.05918471962467327
0.29866460994778593
0.11558672792872039
0.20623371102790566
0.05738554006959323
0.11734115951627272
0.0
0.10858637652501275
0.7951186530188638
0.09629425053329765
0.0
0.0
0.0
0.0
0.0
0.0
0.0
0.9866550367464049
0.0
0.0
0.0
0.0
0.0
0.0
0.0
0.01334450061627536
0.0
0.0
0.0
0.0
0.15841290833127983
0.11396022677072752
0.3036392005408621
0.2463396928183874
0.17764725282047622
0.0
0.0
0.1119140641678874
0.09756222484050729
0.0
0.1637185723487847
0.06558387368120808
0.05645486825712753
0.1514856410638156
0.20513090919715285
0.03866340430027137
0.10948550331280513
0.04337695875855491
0.19462446356083501
0.3789473722526665
0.08972520117791673
0.0820054194846194
0.06676181391272225
0.0
0.04740508096329127
0.0
0.09715270809802323
0.15864436111092384
0.09370924016048825
0.29118722233775785
0.20897852196416056
0.06179969894273547
0.04707899561377478
0.044654466458666726
0.0
0.0
0.09394718378846303
0.25756466397423333
0.0092113412014362
0.0
0.03519648180276242
0.06395085574471268
0.029989952759655866
0.059411363274113276
0.10515721027630144
0.35054578888311144
0.08897131222445802
0.18645964468295256
0.23075768484656048
0.0
0.25203296871009034
0.0
0.0
0.04930579892814858
0.06579733249590511
0.17363301435224446
0.04201211328219207
0.026255107633417863
0.07431766810373042
0.07281857164296196
0.27298122941769803
0.13636409216756779
0.24511900162074043
0.08754466756371079
0.014563713177689954
0.0
0.07003466140989702
0.06682056433423829
0.015024315799815176
0.6259100289787111
0.05221230626204571
0.0
0.017180961839798264
0.015024315799815176
0.04431082014930138
0.11282195527479469
0.05069368981261415
0.0
0.3120265403862324
0.268884708222835
0.0
0.12086005232417714
0.06497530620039452
0.04954968690954913
0.1301262984442762
0.05357720978776495
0.0
0.04861342238841094
0.0
0.0
0.01412442865061041
0.0
0.0
0.04343216171097603
0.19879311310595574
0.24959540488990145
0.4454409428677741
0.02057672535445056
0.0
0.04374671692981807
0.20293658597023634
0.17133228627807653
0.19917065346417426
0.14199646251472833
0.09920360684362277
0.1210359338086408
0.0
0.0
0.0
0.0
0.0
0.06446618383575399
0.29322203193310614
0.3025525897689946
0.1407543939365173
0.10616510426735175
0.09283869093573069
0.0
0.038385841497429386
0.028611117120635722
0.21334656616915132
0.586068387618551
0.13358665703839795
0.0
0.0
0.0
0.0
0.30231493207879484
0.29394952358257465
0.3199748614106672
0.0
0.0
0.0
0.0
0.0
0.018711038371202342
0.06504933744680892
0.23471468830282147
0.04427081635536129
0.04466390595736672
0.0
0.0
0.0
0.0
0.08789356108922049
0.07844417506819465
0.5100122699077808
0.10521628960364568
0.201423878420582
0.17325604021801602
0.0
0.028284380997554637
0.02812951665159124
0.10814026722539512
0.14193123868613242
0.0
0.21361810890562402
0.25679260651109714
0.17886419732805522
0.0896131493995426
0.04493880457359124
0.0
0.0
0.0
0.031159453760240742
0.023316691251201532
0.37531457785206285
0.053385704381962454
0.06071023796444966
0.0
0.07065671716361456
0.0
0.0
0.0
0.06350542920012546
0.5727861487499294
0.17895549016388096
0.260293319131653
0.2785083974149093
0.09327658513149069
0.21414899442448124
0.0
0.010495481300168209
0.0
0.14327679123569087
0.0
0.0
0.05346118298728311
0.0
0.03996120640768784
0.15115410328590825
0.2053192049875262
0.3239608146618038
0.11750671047493015
0.10863639548504536
0.0
0.0
0.13537098574231904
0.23087467267910838
0.21690144244905232
0.12081148123371997
0.04050772916636292
0.15217109760169195
0.0
0.0
0.054081901792741895
0.049279783554632396
0.10787931249187856
0.09116505002088866
0.16989502941076423
0.3839455448891174
0.16308186794924867
0.04810683856912852
0.0
0.03592561080409266
0.0
0.0
0.0
0.0
0.0
0.2554109247373208
0.11253837676074105
0.26843370816797846
0.299178693814053
0.0
0.06443778709446675
0.0
0.16986482583151177
0.0
0.18148507874348607
0.5284531611238849
0.04298613808521855
0.0
0.0
0.0
0.03556736878641359
0.041642484896087364
0.06197648411540522
0.0
0.07240550119896927
0.18041072990546275
0.22322945975673675
0.280708695637337
0.06708388559419286
0.09264420173420831
0.02153933922351577
0.0
0.5455241646869919
0.2508430784168271
0.2036321809751464
0.0
0.0
0.0
0.0
0.0
0.0
0.0
0.2714902317487122
0.11027222007751585
0.1430974081149956
0.07295363484172344
0.11553472205909628
0.16239920811062433
0.0
0.04106040402791694
0.0
0.08319165776437269
0.16408047339742976
0.30423030926814226
0.10684318117797297
0.0
0.10792416518400963
0.0
0.14209009296032346
0.01813953033813604
0.05053088279904881
0.10616091138668539
0.4840220385963996
0.4115329109206387
0.02314606811264109
0.031927968589948355
0.013909056682025599
0.0
0.0
0.0
0.03546127515072267
0.0
0.7598728725426148
0.081668662375004
0.0
0.0
0.0
0.0
0.022143209554824874
0.0
0.0
0.1363149054126695
0.08612888219666201
0.0695625967961236
0.0
0.06124351121921925
0.0
0.11976139328265985
0.027388932318360835
0.24844338142736988
0.18290153456376884
0.20456913516895672
0.0
0.21260021270472101
0.0
0.0
0.14120650149360173
0.1996544392142515
0.06415766935929149
0.08069904060196173
0.19825510065812557
0.1034263046336209
0.253428853415243
0.10508902284119111
0.011482832970436986
0.0
0.0
0.14366703651883353
0.0
0.22077476026756895
0.14694262817827872
0.1186144174791488
0.13268027589300582
0.40864200848073096
0.15919187282603953
0.07571945175020252
0.0
0.0
0.01973015817720001
0.0
0.11470672614972449
0.08932840377376636
0.11352906797700532
0.09383780623969806
0.08467667923061832
0.11611835657098783
0.13546454196132948
0.27479416894165754
0.0
0.08458425280388268
0.09699327164244974
0.0
0.11602288155280421
0.0
0.07922806055658702
0.056882432950026734
0.02619063890948322
0.13194511641602186
0.0
0.15114047418958995
0.17328628930968273
0.2653032067255634
0.1175661179582045
0.0
0.0
0.43977456380163277
0.13581153829942932
0.0
0.0884550783636826
0.061079125424493945
0.15731245349598444
0.0
0.1105074047069903
0.31182523813703755
0.2340384261599067
0.0
0.0
0.06759046118791001
0.04923382894643495
0.12571535019590604
0.055213208949752283
0.04587565953946436
0.0
0.04451540416074723
0.0
0.052345688403364884
0.1539998573894939
0.49488859133528607
0.11837481889561487
0.05436103721657025
0.03026226735739174
0.05125207918589145
0.0
0.032836037891181294
0.0
0.0
0.0
0.374872009378484
0.40233013653292593
0.0
0.18996143510371902
0.0
0.0
0.0
0.0
0.06032589725832164
0.39134163187278226
0.3366970904372406
0.21163502456228317
0.0
0.0
0.0
0.0
0.11382522633607367
0.04245688861179901
0.0
0.2751272641601322
0.2522174190495864
0.2276571977200744
0.06564010577221685
0.0
0.023075345795791333
0.029266616231840983
0.0956397898592893
0.0
0.0
0.49069315840033234
0.15228604745589835
0.09117347001407808
0.07908243211869771
0.0
0.061857823501102444
0.0
0.027823607198876218
0.0
0.12223349637559815
0.13649158539356193
0.1845728282489815
0.25565492436760073
0.2263483541523489
0.0
0.04687460779936231
0.07444468885428582
0.1405237070954388
0.16183420977437227
0.0
0.1120893370032997
0.1517426278084724
0.09524902985259755
0.02575872029765097
0.03736311323465072
0.20099411298493944
0.042031820961830696
0.07065587560773035
0.0
0.04116707343805707
0.0
0.0
0.0
0.20971122773616419
0.51130425273786
0.12512924970590764
0.0
0.0796916172144166
0.11999589318950087
0.0
0.04772558700619695
0.11348186548341449
0.0
0.0
0.4999098053528786
0.1391950190318341
0.12832026835285626
0.0
0.08679768262963103
0.13870479821626036
0.38167094985830713
0.02370690746742253
0.07692184726961962
0.024647193842182127
0.060362582543419877
0.07886748886649543
0.26193575929076335
0.14251847244033997
0.032174239941772924
0.04196721465527399
0.06622042933377598
0.08431148269489791
0.18669571782166372
0.031094835426872854
0.06893310279428187
0.08414827162900348
0.06347593036053438
0.03216115499848186
0.0
0.0
0.0
0.13956367891951602
0.19661904688962273
0.3801292309615255
0.1188181452919587
0.06923235294561729
0.015098248817915128
0.016261311724698753
0.26395012859073097
0.4122399287025944
0.0
0.26270952695692745
0.029740100294703677
0.0
0.0
0.0
0.01339143026130355
0.13488175556276488
0.45676147203924256
0.14715194382882352
0.0
0.04687000716173658
0.08090463666084857
0.08589549839019056
0.0
0.03414158216626981
0.12399399528851716
0.14180360877153222
0.10583549045752455
0.07542260245429226
0.06382981223343666
0.03507079555710175
0.0
0.0438384960794884
0.2674578379882486
0.14274516924508712
0.11472729577910704
0.3598806142866836
0.2855519919891801
0.06987826509570758
0.0
0.1097718424898256
0.0
0.0
0.0
0.060188493114688844
0.09438066531667068
0.0
0.4588714102276791
0.0
0.0652568244489342
0.022890673943683947
0.08449418928251172
0.0
0.046137628625513356
0.22796717748785358
0.09239899904984336
0.32955230435595473
0.13727501672203365
0.0
0.04547588937890235
0.04906177991775626
0.0
0.0
0.0
0.34623552042427863
0.062333392627783694
0.09710868215064077
0.022914209551256975
0.07421929077089114
0.22862136974442954
0.05153960670894661
0.09279547276358835
0.06513442298865466
0.0
0.30533240698334785
0.3471551326984032
0.20217235962773641
0.42443737543931076
0.02623470256144291
0.0
0.0
0.0
0.0
0.0
0.0
0.10220298747844687
0.05954791248375997
0.0
0.02819189082066462
0.0951225325356538
0.3595217891314127
0.1120422145121922
0.07819023807748292
0.13293982076497368
0.032238659439490495
0.14382684056703302
0.03946968696322768
0.04435315928436382
0.1290676372258925
0.0
0.21832902293784973
0.14604349918431536
0.06090938213220369
0.0
0.21800038935028176
0.16418686270174068
0.5407734866736778
0.03429761729913906
0.023597478688630786
0.0
0.013191391375818012
0.029496846275880177
0.0
0.1944558505990203
0.0
0.11086328421356713
0.06421033075253545
0.2715870688169499
0.10725525321170591
0.08018924348818127
0.059151063411753614
0.1323725709428196
0.07079450924496952
0.10357558869942728
0.0
0.21315573613145894
0.061052989172316635
0.07753347623752181
0.03413823719301843
0.03377067008293884
0.02915218605235675
0.04997027318813766
0.04808422062937627
0.250850089633969
0.20229167977616114
0.03703450997498998
0.0
0.048287093233725244
0.0
0.24895262055540404
0.4002828153275535
0.017277584485504233
0.07716321832072115
0.17100165598252248
0.0
0.0
0.05129432257634808
0.039040265231495494
0.35246333584453576
0.35087633378376504
0.11002065497895006
0.0
0.09630457949615591
0.0
0.0
0.029620105761297363
0.020458558644622583
0.0722205629838586
0.3017338392788293
0.3304884589116059
0.1986872530125623
0.0
0.0
0.0
0.04679051213431755
0.19288864143229717
0.12003925320374398
0.12466077801311427
0.0
0.05405402810953913
0.23392229034976453
0.07739358500262686
0.0
0.06686113296930497
0.1301793353704075
0.23297129803774713
0.042385328173575675
0.15419928564283425
0.13363938450101961
0.0
0.11719924074082168
0.06896001248538385
0.10344948291701099
0.05241767714806509
0.09477647309755285
0.7704051799955164
0.00603563030155839
0.0
0.0
0.032502862559783734
0.0
0.0
0.0
0.04356537565192502
0.14749047433277532
0.0
0.0
0.20779034140391456
0.5095007997516914
0.026682699575140433
0.06546365687141965
0.05791768122527089
0.0596643332250355
0.0
0.07297983383402462
0.026193903277588016
0.13440289686892246
0.4574418002468765
0.15973030700922353
0.1414417892324347
0.0
0.0
0.04732490297963367
0.0
0.03346375874701153
0.05574899739407779
0.24220311572263303
0.1332334111412134
0.32245547340161024
0.07391342890462566
0.1280966450149608
0.0
0.044348057342775395
0.0
0.0
0.009884069867823982
0.5044177761007999
0.3085063288551437
0.1771905896674714
0.0
0.0
0.0
0.0
0.0
0.0
0.018513181052611478
0.4099451217403846
0.17081835187797817
0.0852449542834758
0.16865282690052283
0.05769325763670688
0.04733897242923699
0.0
0.041792880237384235
0.0
0.11082278322450173
0.09198171577437363
0.3855272892302783
0.1454983996798329
0.0645233118118474
0.04018717255667514
0.018003317478581755
0.0
0.0
0.1434555923524017
0.1522586113574839
0.0
0.0
0.0398231205089358
0.027572140579361415
0.043939501420137896
0.11158351038043665
0.10617326290321184
0.36619610129807817
0.15245345213802686
0.26328966721086683
0.0
0.0938503051010884
0.24854728316568178
0.0
0.053298154189074715
0.20056034957824773
0.033554201509525663
0.1068993035210007
0.0
0.13511039554253745
0.1751143179167667
0.0
0.06987199415597994
0.06279583246960223
0.08589173054485427
0.03063950724453334
0.12738496785875533
0.17707039520231962
0.13612048706815222
0.0
0.10592333047152612
0.023890122039767227
0.022537895479731746
0.0
0.08537168250872483
0.1329253350406369
0.18696114125515514
0.33866714244980495
0.10372275350161099
0.22189807249323956
0.20518509615498454
0.025209097216071442
0.08832034700643217
0.05315566037735117
0.21037790948457266
0.049685684444734354
0.14616758007661007
0.0
0.0
0.09065097568298104
0.16790075764031887
0.07773257666246593
0.24238621925438902
0.0668680904674227
0.08794436530293957
0.0
0.0
0.039635990665772454
0.22687827606223326
0.0
0.05987336029625093
0.0
0.15828265173848352
0.38203853157371453
0.08123304067116313
0.29154042986043976
0.02703079125642149
0.0
0.0
0.0
0.051134375253536986
0.08931475029205095
0.08726617197166948
0.10432539631002888
0.07071534385824989
0.12783593174460073
0.04465117332204082
0.19319344489540494
0.23156198310323353
0.387090975990281
0.18097188354398125
0.23645986531766838
0.0
0.0
0.0
0.0
0.03262687501873239
0.034576435769610454
0.12827324896819
0.19523906847187422
0.07236762942584413
0.0770348053962328
0.03793524113784117
0.0
0.011555220378969406
0.07945003834046208
0.060166107407665544
0.2347089449927935
0.2315419815132641
0.48621660866953903
0.45176519931201325
0.022532565042513723
0.029297599972124
0.010187608295705293
0.0
0.0
0.0
0.0
0.0
0.09270551705012062
0.10471115763676327
0.0
0.024628509352824707
0.0
0.0
0.0
0.12969428469163752
0.13016681005167036
0.518093068562784
0.31045603619725354
0.07599239620251481
0.25183869012225835
0.0
0.0
0.0
0.0
0.2154518699499411
0.07992785267777937
0.06633207078445065
0.0
0.16392550274532816
0.09476790284179507
0.4169469591888388
0.054209498432513874
0.062383904239658394
0.0
0.09487490559104036
0.076144039475929
0.03674505948832593
0.0
0.32565920483231897
0.5011900251300621
0.17315033343713182
0.0
0.0
0.0
0.0
0.0
0.0
0.11749557827809767
0.08563887844298851
0.10336610257043438
0.21160268682789235
0.0
0.029865952473574306
0.0
0.07178955790091762
0.0
0.3802406398763047
0.0
0.061567487444162364
0.3869526074973242
0.24409727057387354
0.18309431880269147
0.07178591677634076
0.052501933977132535
0.0
0.0
0.0
0.0
0.0
0.15824171558377748
0.592799989163731
0.24895794494101234
0.0
0.0
0.0
0.0
0.0
0.0
0.0
0.2262606271348616
0.16927458758570602
0.36393456217976067
0.0
0.017792895684280143
0.09030914437320066
0.13242718838912207
0.0
0.05443098709865429
0.020111405838943393
0.0
0.0
0.0
0.06359784627899472
0.11662293803232689
0.28489483441786123
0.13177151700215714
0.3285696763579957
0.016931493914479682
0.03444586983204885
0.09003174470499466
0.08760015493869946
0.16389159922986832
0.2635895549361541
0.19628758864780424
0.08380662193155611
0.06341466638546576
0.0
0.3049203164392361
0.20373338965854007
0.12986634348417694
0.0
0.12076648857906572
0.1361163151566329
0.046517155347534124
0.0
0.0
0.0580779969281932
0.0
0.043013318182580765
0.03135107138004084
0.0
0.2046281424134964
0.35883121302850324
0.29712025890304505
0.0650551459670432
0.0
0.0
0.40930096966457596
0.48560709025756793
0.0
0.0
0.0
0.0314742575977962
0.0
0.02980184658900563
0.0
0.04381518244236175
0.03796782087586533
0.0
0.6209545705514274
0.0720683010981137
0.21125211959915294
0.018417098567922834
0.03933893823883156
0.0
0.0
0.0
0.006246401317542877
0.043659008445273616
0.03760831775611928
0.6705514430473664
0.18973044709235898
0.024985605270171508
0.013967378803812502
0.01325061746717279
0.0
0.0
0.0
0.0
0.0
0.379386285347287
0.6206133299737983
0.0
0.0
0.0
0.0
0.0
0.0
0.0
0.0
0.31568234423216457
0.6843172515870003
0.0
0.0
0.0
0.0
0.0
0.0
0.3144815087396139
0.2585824036124291
0.08947749988233565
0.1527505297135258
0.09081814583063992
0.0
0.033311605498460725
0.06057765662626637
0.0
0.1330316373482607
0.23376673921664723
0.4894044187606796
0.05575104875366962
0.0
0.088045291537412
0.0
0.0
0.0
0.0
0.6353429208266416
0.05565001670396423
0.0
0.0
0.0
0.004768757574602529
0.0
0.0948829781847932
0.2093550375615885
0.0
0.06029694088675766
0.09599958347340203
0.10215957694769393
0.03472568774521392
0.0
0.12828344721770563
0.23831344070137161
0.18828482862854581
0.09203743884228038
0.05989862417369326
0.13589020058678847
0.29789305775654046
0.3016836568841761
0.09644046377189291
0.0
0.02125698458314271
0.011654141166148579
0.0
0.0
0.135181091216661
0.20083317002076606
0.09396717334319071
0.3850354502164421
0.0
0.0
0.2156311063055333
0.058988852648416024
0.0
0.0
0.045543676022739434
0.07933095921606921
0.08854566551386935
0.0707219444138191
0.26515579537756173
0.0
0.25753484209632643
0.021631562147537187
0.120878074530998
0.0
0.09620035054310355
0.06495846851718583
0.22034636535337035
0.4773608615603095
0.0
0.0
0.13915625459353254
0.06208820840492314
0.036088037168847155
0.0
0.0
0.05295426651502226
0.06408772732095165
0.1434487127830746
0.3017896251790357
0.2489026210928727
0.114878368484271
0.0739381686942264
0.0
0.0
0.0
0.0
0.0
0.0
0.10133845066403573
0.40333338435862615
0.3566916899463526
0.008715187549446203
0.055394598556454636
0.0
0.07452571453753194
0.2260096558575803
0.1696621663547338
0.27986220863211736
0.08022417379433497
0.06342277866253386
0.0
0.052395442203453095
0.0
0.0
0.1284213321615064
0.39529800158237416
0.14699280847220603
0.0
0.07386525538625001
0.2427992375083776
0.12261343175252096
0.0
0.018430179289458365
0.0
0.0
0.3501787212745581
0.3065109151665805
0.09715207430165597
0.0
0.012010347281502944
0.0
0.0
0.07621628907367699
0.0
0.15793115927981302
0.19082315123998736
0.051645805537889326
0.22769319236547023
0.19605062182689298
0.11661703768532862
0.0
0.0
0.0
0.10404821162401472
0.11312091159092982
0.05407181903505613
0.10187560501923042
0.1111168991176846
0.09344396298500664
0.0
0.2884795464234869
0.11544322959120619
0.17778704123752867
0.05778078542180934
0.0
0.04582999209276865
0.13911155857327445
0.18029067118512415
0.260985842177425
0.28001953234670723
0.09376190734536004
0.0
0.0
0.0
0.0
0.03354845597216708
0.20380302566473305
0.7364270024610288
0.0
0.0185689528404216
0.007651925401185224
0.0
0.0
0.0
0.0
0.0
0.07571629491015562
0.5325717974967332
0.39171152446372076
0.0
0.0
0.0
0.0
0.0
0.0
0.1401628063650701
0.26482459923226037
0.03519531421593683
0.3830619588093927
0.04644150262117167
0.0458096131112442
0.08450325127796306
0.0
0.0
0.0
0.06882111110487063
0.29321791570687233
0.3665760549335205
0.13063218874731325
0.04539327769487767
0.014925216826107044
0.0
0.0
0.08043236933429362
0.0
0.0
0.0
0.0
0.0
0.26718641809146026
0.4570531222993276
0.20868621347448094
0.0
0.06707341804773542
0.0
0.033866102031361096
0.0
0.015964631738336517
0.09940230749748016
0.1486385156999552
0.12461686743010211
0.06783664298873199
0.136380987824742
0.37329300406427185
0.0
0.014493621747804449
0.16109944071215893
0.06377376533142819
0.17287756354514042
0.1538352868528739
0.2219841944857466
0.13608403198119892
0.07585149144272897
0.0
0.0
0.46792755123163665
0.11826261457265495
0.13869620589254458
0.0
0.0
0.015011722561811495
0.0
0.0
0.0
0.2601009675086713
0.10924237887019315
0.0
0.06507789364955811
0.0383318611304414
0.0
0.05028036019571665
0.11380474046286945
0.09067401015474903
0.4233178327776857
0.10927010102627667
0.02881534495245311
0.0
0.0
0.7002000674788934
0.15336141623064697
0.09739071125687167
0.0
0.0
0.0
0.020231744780971353
0.0
0.0
0.0
0.9999996501367511
0.0
0.0
0.0
0.0
0.0
0.0
0.0
0.0
0.0
0.7177771779274219
0.24330844375212127
0.038913915059548825
0.0
0.0
0.0
0.0
0.02309637733480573
0.03122819260877256
0.34886080991131035
0.5968138983833036
0.0
0.0
0.0
0.0
0.0
0.0
0.0
0.10552461295889377
0.0305979152205071
0.22168217242754296
0.35812273349651585
0.1000222061942151
0.03044140314396371
0.07917050689619055
0.0
0.07443767694811215
0.02656465986049617
0.0
0.0
0.0
0.0
0.07420034543084925
0.24502485377796668
0.23312335067548623
0.3648259847384235
0.056260000157202124
0.014076867079142907
0.0
0.3325111391386973
0.3091104964547503
0.03564468715153288
0.08043793369979091
0.05515715113775555
0.07740395102767196
0.0
0.0956569207751895
0.3249565116717851
0.29304396449692505
0.1337485943519286
0.19545327340669025
0.0
0.0
0.019010579382853842
0.0
0.033786747153188385
0.0
0.0
0.1635075348781657
0.0
0.15557170499208361
0.08898220281072146
0.0
0.3087063686129316
0.09422267434401453
0.07781247263486891
0.11119661113348202
0.27358644866717363
0.026700130524202698
0.14608803102626286
0.22790773259236222
0.12737950364910602
0.0
0.0
0.027228898513437502
0.060415503314750894
0.11069315467962848
0.027860119114830252
0.06015507750043471
0.014814632868863814
0.08422323974349769
0.5680598467412573
0.20369301730302977
0.0
0.04119348831385856
0.0
0.0
0.12608905090554598
0.10358794015847986
0.048635786193833075
0.07130031852284141
0.0
0.23094233533236924
0.026068637764299022
0.22562779675110245
0.0
0.16774723060412305
0.3533056597847848
0.17624923012681787
0.356216763653087
0.0
0.0
0.05591964481804253
0.0
0.0
0.0
0.05830833372486308
0.35501909624956796
0.29813669355596645
0.08063844316512869
0.04062227472184455
0.04454955414350954
0.040180716901258254
0.0
0.05543358701993147
0.0
0.08541910627992866
0.054197195771361235
0.21621322290723924
0.1465326714211561
0.09426261545471756
0.02331109520308699
0.0
0.03274335687832857
0.22888683097778412
0.0
0.2038520533062541
0.0
0.0
0.0
0.38740123520309067
0.5326312261254375
0.045682274250563086
0.03428478897640944
0.0
0.0
0.0
0.0480542128185766
0.0515423113314036
0.03397945733991602
0.22135587555021072
0.4079173034945206
0.0
0.05164133792156516
0.12254459082051308
0.06296411159366803
0.0
0.3148500407497166
0.36226689288739194
0.2405536765300239
0.0
0.029875064369559088
0.02062181721890579
0.03183193541616939
0.0
0.0
0.0
0.11311553429538514
0.0
0.09992432889629564
0.2632730109183296
0.2563569281778355
0.15604983167598446
0.01990350899373119
0.0
0.0
0.0913762398608146
0.013673557777515883
0.5707109918756001
0.3690622468312983
0.0
0.023918956069782074
0.0
0.0
0.0
0.0226337640125546
0.0
0.0
0.15186534900377988
0.495073249939833
0.09797583799643882
0.0
0.0
0.19700449805045964
0.058079924212049584
0.0
0.0
0.06778582510836638
0.10959085431096056
0.37825335105974495
0.444369528113854
0.0
0.0
0.0
0.0
0.0
0.0
0.04989565797800288
0.027796172942882762
0.5399078156970507
0.36929607518998614
0.0
0.0
0.013103242289884597
0.0
0.0
0.0
0.07989502486469094
0.0
0.17310453794108735
0.24397589839404255
0.36066225178432565
0.031070286345038518
0.0
0.03466667150747799
0.049625193728726626
0.026999025781531398
0.24824110543149183
0.07929996180041574
0.22316755500168511
0.0
0.0
0.0
0.028717927170347476
0.052660412490343235
0.0
0.36791223541528056
0.04613275626488986
0.0
0.0
0.04958281534178661
0.0
0.6557417927228321
0.15025497216010014
0.03606982214000378
0.062217132892177784
0.0
0.4412942879958598
0.24308644956289865
0.13920970261510085
0.07258556253853196
0.0
0.0
0.0
0.0
0.043563917036423316
0.06025942587560604
0.3596699826105201
0.13233842673444451
0.04020321020527243
0.0
0.0
0.05650818060689439
0.0732214362679744
0.03139343289083255
0.0
0.30666376101244053
0.22199243965574172
0.05692761389009763
0.09994310868736261
0.0
0.0
0.0
0.20343861872540006
0.13240986284388168
0.17662541501246232
0.1086612754666421
0.07570730973638749
0.3159499428345155
0.47440297159965383
0.0
0.0
0.0
0.0
0.07113916309739142
0.03263820574641306
0.030161914049127547
0.0
0.0
0.35593586774283353
0.5682257580412619
0.0758379626012234
0.0
0.0
0.0
0.0
0.0
0.0
0.10248280161278572
0.22940430998132255
0.4824028159534539
0.11600489421325487
0.06970438869437333
0.0
0.0
0.0
0.0
0.0
0.0
0.4524478004673481
0.11632608262147207
0.07049734972825648
0.3607262747253359
0.0
0.0
0.0
0.0
0.22253321723428507
0.17020017781418736
0.22370019377075095
0.1326539203166693
0.0
0.08416159471955703
0.023523882280817966
0.06736214588125351
0.075862237932585
0.0
0.14552570360021655
0.12783129447097674
0.06314400391197414
0.0
0.0
0.024254282427465343
0.07627148181999266
0.04573431305609674
0.2400134023618037
0.27722349716122674
0.13122598229967206
0.032166951369310776
0.43342635218363784
0.043156497572176516
0.19451827545510303
0.040097185963723005
0.0
0.005642456436669071
0.02326444418429333
0.09650085708057937
0.22519194356499664
0.16055340751907904
0.20169969047845404
0.09173352341900029
0.10894041012355772
0.0
0.0
0.05193447373161473
0.0
0.15994618510669856
0.0
0.0
0.0
0.029122218804885653
0.0
0.0
0.08015548671641733
0.416018945033732
0.1512001590263849
0.32350268192257936
0.0
0.0
0.06593665580056993
0.01521407668208905
0.10684184374745388
0.4915044518236977
0.053092064186088764
0.10165513333654912
0.1420767949053229
0.02367841252307326
0.0
0.019133584194574352
0.0
0.16021414820413463
0.22695452065085092
0.3115440939242003
0.15753315865348988
0.07308150094130493
0.05153848921720238
0.0
0.16283711208202067
0.1977609433891337
0.043004729316531945
0.07266289686256919
0.17656685973382638
0.09661545528556634
0.17540221421780086
0.0751491852659644
0.0
0.0
0.0765262628916846
0.082060669289751
0.1018249071531069
0.0
0.029484501908797534
0.0
0.0
0.1946777151457992
0.34130039423137254
0.17412494347673102
0.16207336964942765
0.0
0.08580289574078344
0.0
0.07646829341843932
0.24239008204868442
0.07360864008285778
0.1418450471875257
0.09124602921489681
0.12656482377198316
0.019816915145744046
0.11133271691548868
0.22609221480942565
0.5982656523717472
0.0374855440121454
0.0
0.0
0.007006337466836851
0.0
0.0
0.0
0.29551215656683877
0.29591294573977134
0.3383246348251077
0.054746845855833254
0.015502996628425988
0.0
0.0
0.0
0.0
0.1082543759216317
0.258390126171422
0.06372787944027443
0.12284481724202798
0.0941885551760258
0.18807921175413422
0.014709781315221314
0.05488754613675396
0.09491668690268511
0.0
0.3805749736241473
0.25275486623845844
0.014060694274274945
0.011115955635904532
0.0
0.09501299054100053
0.0
0.0
0.09158736325835491
0.1548919136262848
0.09062840957783579
0.0
0.28217899895644183
0.0
0.07328281961000144
0.33374535390326854
0.0281026773961859
0.10110904310066303
0.05455996463949122
0.036391861389065146
0.022183406520504906
0.07292050505330114
0.5552151167453386
0.13598632338031372
0.029091950053219195
0.045052054306532516
0.0
0.04599841075608708
0.04551717642454532
0.04803471081942732
0.0
0.02017557811421607
0.3148465243622503
0.5716702780896871
0.05033683232133497
0.0
0.00956414173703611
0.03340611072371904
0.0
0.0
0.1798914919410907
0.5164088376544322
0.0
0.20838481216333207
0.028903071571730707
0.031041755654557378
0.03536967151944855
0.0
0.0
0.0
0.024668911781243755
0.029244943298403363
0.04883521707076667
0.03994247513958425
0.06501531348681604
0.11335927325445433
0.2666192478113548
0.15013020918135256
0.1721208031032477
0.09006259198678915
0.0
0.0
0.0221872555015351
0.0
0.0
0.0
0.07564178791118695
0.24865143120364971
0.5843994844570286
0.0691193307298801
0.14033323536004907
0.03142916126677843
0.04358440548839846
0.04694184156917254
0.12483570691844181
0.20048826589609114
0.09745769081180203
0.055815272627721964
0.22317162114346403
0.035940619697838655
0.14629003330040122
0.05773399057253405
0.049571490805971355
0.0
0.06287788739791586
0.1137625861748276
0.0
0.022333059050630575
0.2935143510394744
0.25391572969879633
0.049212449978217866
0.19513050340193974
0.11668158552720148
0.07375555729682558
0.03712950802694169
0.12462548453352545
0.10159168473568099
0.1910295761897015
0.0
0.11084212429664815
0.06802499337839193
0.04280927452878912
0.0
0.21245071927180773
0.10253893098453573
0.28112620251868564
0.11848608453166777
0.11034819837254718
0.06421390422852703
0.0
0.08731001462673008
0.14209575341847705
0.5229508402587759
0.02626774358972412
0.0
0.0
0.0
0.0
0.09885330575165147
0.12252136341364675
0.0
0.0
0.9318399757420756
0.06815965871570205
0.0
0.0
0.0
0.0
0.0
0.0
0.0
0.06056148149050272
0.9394381811038003
0.0
0.0
0.0
0.0
0.0
0.0
0.0
0.0
0.0
0.3171699679726242
0.34379342673726776
0.0
0.1713343150077556
0.0
0.09208953592916833
0.07561113458411559
0.0
0.15013615504079056
0.048941165700401565
0.11021349819864702
0.041671899176607026
0.0
0.10525195738839466
0.0
0.0715221142403137
0.2683757005742539
0.20388557511127842
0.08721283868583823
0.08477283121724354
0.0
0.11336512357706023
0.10372278441594836
0.17454562368870982
0.03239003569317302
0.0
0.0783410472276586
0.325647904836397
0.06816513633808971
0.1524218745972017
0.042274224284322676
0.2128851796936574
0.1376348933021102
0.09640006495214365
0.09452803665538041
0.04782782277020245
0.1478606536957092
0.0
0.0
0.1864197729427316
0.38396608911820385
0.07096689496028762
0.27562964151441993
0.0
0.08301691909034202
0.0
0.0
0.0
0.06333232098272547
0.2539406603605022
0.36812751200841876
0.28865776031292223
0.02594147657963441
0.0
0.0
0.0
0.0
0.0
0.14395282165024947
0.0
0.0
0.0
0.0788367472590216
0.2811466471120139
0.04339891341228721
0.1863434167888343
0.0
0.26632120111647667
0.26238168860630395
0.0
0.058597853511399775
0.055590804091577725
0.23183873632388674
0.11579556344379083
0.10785471438497665
0.05677913845135107
0.11116101287128674
0.0
0.0
0.0
0.0
0.0
0.0
0.02377377330639794
0.702048910706625
0.16816079021856165
0.0
0.10601624559181307
0.0
0.06314932118513408
0.01056432609974429
0.18128119485400807
0.05941824952687018
0.11350857842674848
0.2523080866257852
0.2813948203261397
0.038375010487938975
0.0
0.045694646006955136
0.08000328401235687
0.08618853782574579
0.0
0.0
0.21343380954606198
0.09589178369873508
0.24936731110251453
0.1826830308944261
0.046737242680493195
0.09579880851423833
0.0
0.0
0.07914532631389684
0.0
0.03828427561773762
0.19775706065526757
0.1973900004408981
0.1727517483581998
0.2188723248504491
0.19150444360039617
0.09294480668646281
0.12435221590557176
0.0
0.1595053422742119
0.33560144536127906
0.0
0.0
0.0
0.09609116860765476
0.1572214531737093
0.0
0.12601211693387726
0.30751489494015777
0.06579027073570594
0.0
0.0
0.04268261983429244
0.10150217498539829
0.19927584279443875
0.23241790452192854
0.0
0.22347302088601328
0.1426331134214745
0.04560747807573617
0.008813507808066126
0.0
0.11058959242323181
0.23646464840454917
0.0
0.04793520575247821
0.356506961371783
0.19291329674845384
0.05255244622212703
0.09814793662901204
0.07520693818691683
0.07357342751265468
0.05982675497662418
0.0
0.04333585749151481
0.0
0.14617349031410728
0.27966016998276144
0.5209471113616483
0.0
0.027670649024207745
0.0
0.0
0.0
0.02554795302153639
0.35683003056720214
0.0
0.09761518252167328
0.0
0.1218617810194716
0.09356342749035453
0.0
0.09121058522505673
0.056857021494849606
0.18206144377718192
0.011817756952928582
0.0
0.056560345486927455
0.36126000283731674
0.4303784115462636
0.13998311387165058
0.0
0.0
0.0
0.0
0.0
0.0
0.0
0.0
0.4320813821114893
0.24432105155195072
0.1212462171075021
0.2023509700064616
0.0
0.0
0.13971986189843597
0.2610626199554169
0.19960262335366843
0.13645424467242057
0.0
0.0
0.0
0.0
0.12439145739238885
0.13876828167817623
0.10650670228048027
0.00867313831836822
0.0
0.0
0.0
0.0
0.21630982161280446
0.22353350722924034
0.06132834644777589
0.38364751442502476
0.1430991576763042
0.06386911043886132
0.05856261624021795
0.0
0.07331396828961491
0.13150345344192757
0.09500976116842069
0.15502709181870694
0.1356629492461626
0.14395126683191506
0.2895891443863336
0.0
0.0
0.016656662734014966
0.0
0.04343525800447334
0.0
0.07900948677116128
0.23660009945604893
0.3347080318232407
0.06095201157640568
0.05439638708525298
0.028669414307198333
0.2504252712259728
0.0
0.22980812232022754
0.14240067784907126
0.06307270724669742
0.10340640992496808
0.06686798484738919
0.0459714632428055
0.21934251675636723
0.35740540710661434
0.30025392994722483
0.06331385861466196
0.0
0.0
0.013712138725400103
0.0
0.0
0.0
0.0
0.0
0.1114364169134572
0.6696731619671853
0.21888989687585228
0.0
0.0
0.0
0.0
0.0
0.0
0.7452864458575835
0.2547132661358634
0.0
0.0
0.0
0.0
0.0
0.0
0.0
0.022064004892821558
0.7707676529103732
0.20716794514633455
0.0
0.0
0.0
0.0
0.0
0.0
0.020562706917189637
0.0
0.0
0.0
0.33485522335405193
0.09035005293449395
0.3537034165697125
0.110072590785403
0.06502498837758697
0.02542977426427479
0.23200158573566612
0.2529171312317994
0.0
0.12916393822237238
0.0
0.011507285967481443
0.0
0.12250385712335424
0.062120305267672066
0.1897830196300982
0.0
0.0
0.07735808578901762
0.10651302886695935
0.0
0.1641013002505146
0.1063185256429826
0.32324163054595095
0.14728432123975016
0.07517854929555444
0.0
0.04340772180618142
0.3207907128207529
0.4534615507808923
0.1606344378483307
0.0
0.0
0.0
0.02170386090309071
0.0
0.03688312974416006
0.40123350486328824
0.41574285175512127
0.14614000834164487
0.0
0.0
0.0
0.0
0.0
0.0
0.0
0.12885713191122375
0.20047848075527325
0.3010385444671106
0.1838346508170147
0.04034406777630817
0.13133863836360518
0.0
0.014107996802676794
0.0
0.11124667090557515
0.2180971765730845
0.2861687624398798
0.0
0.087516464643901
0.06286463238433332
0.10336266481579952
0.0
0.0857696251996651
0.04497367914224645
0.0
0.025738029531054016
0.15287557326627296
0.21285681588056488
0.19550598712668105
0.0
0.1336693524661891
0.01692522271235535
0.0777182762543483
0.18470999476627523
0.09310676953109727
0.0
0.0
0.0
0.0
0.0
0.04126141755540487
0.0
0.3589059128335018
0.5067256385753837
0.0
0.0
0.0
0.0
0.03500108674882162
0.2488053362589733
0.13378010424145084
0.2290167081304961
0.20403875374246805
0.14935680893552547
0.0
0.039756081121277896
0.0
0.014609271648059516
0.0
0.0
0.0
0.22707750858394887
0.5681127523049669
0.15044393332745662
0.062047032161812746
0.035174944484491724
0.0978219412454926
0.03146142727370813
0.29943537544243193
0.04764375023696699
0.24434760626845498
0.11212777268450887
0.02438943586270678
0.045550168975053505
0.0730517931476031
0.056252506919984076
0.025736761807816238
0.025927170890696686
0.06180749796909945
0.0
0.0
0.3218536441810053
0.43537017237575126
0.0
0.0
0.0
0.2917668735424907
0.2357473172814396
0.0955245705672268
0.11026401557607382
0.0
0.0
0.11138530803807455
0.15531135242319746
0.05614943946413436
0.0
0.06431102887602373
0.0
0.06364555848053993
0.22880296738381434
0.21844542181429472
0.09390560877592626
0.05623836287751815
0.21850074038893277
0.0
0.13528509432537103
0.14640786735459563
0.0
0.19336688111104613
0.11087089667976797
0.25112689406369093
0.0853468499742385
0.07759492675247621
0.0
0.2669279549770256
0.182130442751523
0.0
0.0
0.02259524866768097
0.0
0.03288091715992843
0.057840927280014144
0.0778490384423695
0.3597748580217486
0.4331377479688788
0.043121087860316834
0.1349799609773539
0.1609876332458971
0.04265236832879654
0.0
0.0
0.06372275352312082
0.12139788765599496
0.0
0.0
0.1293676938186911
0.7037506984326386
0.15790091012231855
0.0
0.0
0.0
0.0
0.00898038628747419
0.0
0.12613928624916904
0.6324900002270499
0.06622863453152507
0.1372432916513303
0.0378972297744399
0.0
0.0
0.0
0.0
0.0
0.09483326751266885
0.0
0.08400004287247902
0.24757701106150465
0.0
0.09121171531380443
0.12374370271214089
0.0
0.22931829458056333
0.12931483697933324
0.035389903241008915
0.13452871048996237
0.29518827825900223
0.22548701458958517
0.07507332140765732
0.14530679789499185
0.08902508937022431
0.0
0.0
0.0
0.12627709015780522
0.0
0.0
0.058001571959410796
0.05880798667168993
0.10229596326923339
0.3967916346928841
0.07526807165386082
0.0
0.18255676450973335
0.07600516633365859
0.04234517804778492
0.0
0.0
0.01550207273043086
0.12972008070168517
0.14033961940097736
0.09306211522405773
0.2993815694053897
0.20364343810435237
0.0
0.0
0.0
0.34948650452247615
0.3171954953421597
0.24208531919779402
0.04884672131542189
0.0
0.042385367268655404
0.0
0.0
0.0
0.0
0.33053527371000596
0.6694643315109179
0.0
0.0
0.0
0.0
0.0
0.0
0.14769701283082975
0.3594860778172902
0.11326048570534289
0.27334228966780233
0.10621371410553217
0.0
0.0
0.0
0.0
0.0
0.0
0.17989523995669818
0.8201044243375851
0.0
0.0
0.0
0.0
0.0
0.0
0.03785090697149168
0.0
0.0
0.5923361297276206
0.3426345500282562
0.0
0.0
0.0
0.027177782424207063
0.0
0.040967030174179526
0.30404995588761735
0.28636692694396565
0.043266007827291376
0.04887071538867176
0.024102886836871906
0.0
0.056811052984236644
0.06477456245096473
0.1307888529322532
0.04793739315515134
0.033896856446225275
0.09401296608547709
0.21644126088738713
0.0
0.30374148820257013
0.07159814338011161
0.07349310895432706
0.10169057634318752
0.05718585622144581
0.0035538453950829255
0.03500131826333058
0.045525647663062434
0.08589591857971769
0.6075217761978557
0.13522337148910624
0.049499338871296476
0.03777789507917933
0.0
0.0
0.0
0.0
0.0968897746654245
0.3616357349050997
0.2805698691762074
0.26090418565953544
0.0
0.0
0.0
0.0
0.0
0.0
0.1532226385700086
0.5656416353228984
0.2811352770966432
0.0
0.0
0.0
0.0
0.0
0.0
0.256398869241034
0.2692650119529261
0.1266176421386664
0.14562801486181137
0.16014676294323324
0.0
0.0
0.014907660977705935
0.02703548230890647
0.0634264258688191
0.3506086185394336
0.21703737989373903
0.029679212795357676
0.05523525397897799
0.03495315867262876
0.04929448886894188
0.0
0.12051855629923874
0.07924644580858449
0.17469734726755087
0.39642597413502767
0.09738005323217784
0.0
0.054266386028808004
0.06198365456092235
0.0303250525484309
0.018538291864859672
0.07949873929253777
0.08688411618935717
0.22175939449564422
0.0
0.06255132561479379
0.018729413736338817
0.0694148413702017
0.08380268485181372
0.049280344928429205
0.1331215429577139
0.07722335230233093
0.2841158010915484
0.04542410093155582
0.010347881610697385
0.017198975758784787
0.0
0.0
0.013883139184825722
0.0
0.0
0.7110956708608903
0.20204994242117305
0.0507289795421631
0.06533256173179426
0.016851248850777777
0.01884027079329671
0.03918142003466403
0.12901813355444014
0.14291282036388783
0.2911841085522013
0.11618194251561106
0.12976776933411846
0.09469671153583584
0.12159031563215777
0.27191294561436735
0.0
0.22861633758057504
0.0
0.17838100397398168
0.012364293620146799
0.05529480086175503
0.03714310843662574
0.28486489253448544
0.2757720021632561
0.08215244981378239
0.08900081544830797
0.0
0.0
0.11393487632473202
0.041347956292372645
0.0
0.1129265244072824
0.024699051974617157
0.07265012858034446
0.2981313322144656
0.15795957935649318
0.035979456860313945
0.06771883478288468
0.10416191830102978
0.11877671799699774
0.0711675089487059
0.04875515296768814
0.0
0.19805055446855677
0.23874772554376578
0.2537586011070396
0.0
0.20699167701982946
0.0
0.06293515491425208
0.0
0.03951559697429957
0.4646860354045385
0.14301416030698763
0.0
0.0
0.0
0.0
0.10416173920009546
0.07249848598106383
0.10932939450503792
0.10630949209606427
0.12168139764903417
0.0
0.011677444416403738
0.12462493600479375
0.12372278378953114
0.1683456932397912
0.2676309362832231
0.18231622474501083
0.0
0.0
0.15328641984719896
0.08313040183477387
0.04604841760934294
0.06838071865721294
0.0595586432141256
0.07589925925693312
0.0
0.03777268080634864
0.0
0.4759227568687301
0.22511301849733276
0.5902555851470656
0.16292354383330943
0.021707542287873666
0.0
0.0
0.0
0.0
0.0
0.0
0.01816158084544231
0.5241975730775966
0.05814543141305644
0.043073969679192185
0.0
0.04667576637887536
0.08771031914775818
0.07394942062752226
0.0
0.1480848037317285
0.0
0.0
0.0
0.0
0.0
0.0
0.0
0.1738844778710293
0.7152607055428095
0.11085359154804303
0.1046492657251652
0.18044044389694788
0.12255388428673598
0.0
0.0
0.08788812177402326
0.1651986928484301
0.11505486885151264
0.16105631049890834
0.06315758224612383
0.07189614586393048
0.0
0.05062052900167289
0.13818818651996181
0.04328083161624778
0.06836841541326022
0.0
0.09479760250223908
0.22513157797745992
0.30771596797029116
0.0
0.15115653013378785
0.02408015211320962
0.19002536666679723
0.2625088693142282
0.15918002434374295
0.05384485418916696
0.0
0.055016691035540764
0.1041866608416232
0.0
0.03060546987443908
0.04292966323348815
0.5445545431728922
0.260026424663392
0.057478642767363176
0.03469638261857119
0.0
0.02970841394369911
0.0
0.0
0.0988734913258276
0.11812042660859165
0.29709973298148196
0.10024031229491087
0.12997255170240937
0.04289437313665186
0.14455374059916504
0.06824452357652894
0.0
0.0
0.0
0.3008783899620451
0.6345915225598021
0.06452960216969694
0.0
0.0
0.0
0.0
0.0
0.02974303681420919
0.043879506702705205
0.15360001495593403
0.4284166093638995
0.33048434321382447
0.013875918652707235
0.0
0.0
0.0
0.0
0.08745190498160495
0.040511034596365604
0.5892164148150076
0.040511034596365604
0.0
0.021932279292743117
0.0
0.12074229643174061
0.02864562682742791
0.07098807861893133
0.0
0.0
0.10322965782266297
0.15799162872646136
0.15576878581690834
0.3648625122274085
0.04526920000524753
0.17287720315121424
0.0
0.0
0.018911905418142267
0.0
0.21974860142525451
0.5554466597573542
0.0711389016120949
0.09498215349628987
0.03396935788150177
0.005801907588320637
0.0
0.0
0.0
0.0
0.12627594684882165
0.6164334723692733
0.25729027714359265
0.0
0.0
0.0
0.0
0.0
0.0
0.0
0.21751638583368665
0.6121278945933114
0.17035542087122757
0.0
0.0
0.0
0.0
0.0
0.0
0.0
0.0
0.16244616813597737
0.22890441446214485
0.014767972595712926
0.3428831247190547
0.25099798445136756
0.0
0.0
0.0
0.0
0.040435060086126816
0.28877130994271744
0.14379616083931074
0.3461993380638313
0.12667723489089136
0.0
0.0
0.054120487887945684
0.049767507211477956
0.18675794818427993
0.27825542228415656
0.14142233989254077
0.08833092373091367
0.0
0.045415957848515175
0.06136295833858396
0.09330846325660186
0.05537796789496431
0.0
0.0
0.1686632018326017
0.41045305861239273
0.22075032313516793
0.0
0.06706216352203656
0.0
0.06057938753573356
0.07249132481930785
0.09285975387400544
0.10224469934865756
0.0
0.0
0.0
0.0
0.0
0.25378356889995163
0.37898889107586764
0.17212276938768767
0.18512270941203954
0.0
0.0
0.09523639239566419
0.0
0.15913945323619685
0.0
0.06536424503956736
0.4406886836247489
0.05444796605963549
0.2916084316579594
0.024575709447659223
0.14985044597730846
0.0
0.11041631994122382
0.0
0.011650004134454661
0.0
0.32068552769922676
0.09121290988716285
0.2134484693008954
0.05101910428190962
0.08242602941416151
0.0
0.0
0.08285891658177402
0.16458695019890723
0.046583078163335
0.22505104163622847
0.13402584284268323
0.0
0.03820550302349024
0.06997716986899138
0.14771829142092194
0.46832129025846053
0.0
0.13277624319440093
0.10538941763149615
0.03761160032826819
0.0
0.3624260963958669
0.15200517146180947
0.15507921178157982
0.04103783810722091
0.006930838924269475
0.06341946900150003
0.0
0.03701964271721844
0.15921757227125372
0.02286373909542885
0.0
0.11532657805797338
0.03840340304426809
0.5276767520895866
0.1490596140245849
0.07757069628889067
0.009189227287797115
0.0
0.08277342755574595
0.0
0.08070866208757416
0.07075202537893537
0.22638414521397984
0.2248234340059125
0.0
0.19112451659044896
0.10647280045290874
0.0
0.09973359245764524
0.0
0.04274135634891993
0.1027683050339984
0.09512352467044506
0.04778629200764631
0.06091580850128393
0.03249819216040665
0.23308854960178463
0.0986373587135498
0.16781275906945536
0.11862651822509424
0.10194609627461634
0.08642123595121119
0.24172498829310113
0.04095383467599728
0.12637007052218763
0.011358549038133837
0.16118367405461254
0.13721907071838846
0.0
0.0928215339259773
0.09906795222843982
0.0
0.06137004688950951
0.05921701366245486
0.12652595135750322
0.2349536684757538
0.13406083708323913
0.16818950537948102
0.0
0.11661456586320042
0.17519373889930964
0.0
0.0
0.027576126975800794
0.0
0.0
0.0
0.07010685924279171
0.37233535307824467
0.35478745488110486
0.0
0.0
0.0
0.0
0.0
0.3662686597118194
0.31090070968666905
0.1955717101504218
0.12725842755217392
0.0
0.033720831548776926
0.10226884361375399
0.5701148590528524
0.11243272517286294
0.18146204765296228
0.0
0.0
0.0
0.0
0.0
0.0
0.07812016204334427
0.0
0.1317023888651779
0.09842231872579064
0.2404216710602277
0.07569331050403946
0.23111093640518515
0.10071381251238266
0.04381404126808529
0.3675790022823771
0.2239582292048928
0.0
0.17399848021771327
0.0
0.0
0.0358508493720388
0.0
0.09226984813377305
0.10634317412742637
0.03720154747106618
0.0
0.0
0.050327914702515894
0.3252284884815765
0.05116409305714834
0.0
0.1320671500636123
0.2455143796522403
0.15849578781864213
0.0252075918458689
0.06242162777516365
0.13257649185663778
0.22794428793931498
0.132693717295471
0.0
0.17977282597661093
0.14329192888006834
0.0960910956147315
0.0
0.0646951609337267
0.2241658793350776
0.48186301872215614
0.09468268938941012
0.05637986948347757
0.027734821017262698
0.0
0.0
0.0
0.05047814070124009
0.022070133520645855
0.06786706628452076
0.07047375749805257
0.32535219814690913
0.17334866136855212
0.0519397113689786
0.2292495136256198
0.046010559183182705
0.013687316926194125
0.0
0.0
0.02791210871302827
0.01765316602936278
0.03947368016680716
0.05659424648432664
0.27455798572687024
0.09704782976618535
0.3798654767504995
0.08567799985086244
0.021216466289193724
0.1358183561674773
0.3712434747236154
0.0
0.23071349211634665
0.028975570648032658
0.09450321772226444
0.0
0.03342021959692739
0.047973402288434906
0.05735148102641898
0.05469158892320302
0.02701024995134568
0.2540687427036503
0.4189069046077844
0.1761151577500302
0.03603616741560673
0.012318569361246574
0.0
0.020852192217580105
0.0
0.0
0.0
0.41541120957331046
0.28052192457143316
0.30406648232628947
0.0
0.0
0.0
0.0
0.0
0.0
0.12267865238794252
0.10247352419390136
0.45632708438655717
0.31852022256585955
0.0
0.0
0.0
0.0
0.0
0.05068672254076531
0.06565020367911241
0.40370451064251683
0.22867254420607946
0.21304227186598157
0.0
0.0
0.0
0.0
0.03824311109210363
0.0
0.0
0.0
0.0
0.2355311236831153
0.2660611348384709
0.21361851976683188
0.19221720116489466
0.09257105176911272
0.0
0.0
0.038548403755481665
0.20827800205783728
0.16090969234845945
0.13950836153845717
0.24489040270471335
0.13557322058250204
0.07229089548188172
0.0
0.0
0.13286462739157964
0.0
0.0
0.0
0.0
0.0
0.10556042785116222
0.21827547690034108
0.4196381592009967
0.12366106163531228
0.03948295874482181
0.0
0.03396452857354271
0.0
0.0
0.17851365820079476
0.34747970432096187
0.112486340170688
0.23378128515243643
0.0542911376744828
0.0
0.0
0.05270545334017067
0.017731725557667163
0.0
0.05671923643726385
0.1665000372467747
0.33343963511758107
0.2666985674546121
0.10620502657999971
0.3578504038081242
0.1538209006165024
0.176543758448849
0.0215927698361215
0.05128808735200568
0.0
0.0
0.05331338962408016
0.07808383281441773
0.10750610890529469
0.3812089005198518
0.15585773518383933
0.057188562342869675
0.017105782083824208
0.0
0.027231237154816863
0.0
0.02321895544355378
0.0
0.3381884733500996
0.1565914162102095
0.0
0.1696929766948999
0.0835470379891235
0.21980440490781636
0.13345481403628123
0.14484497194183973
0.0
0.030913105825079057
0.061150946397081324
0.19038329129596435
0.0
0.20961717337661975
0.0
0.0
0.31670260801558836
0.06063743125070888
0.11386256309157237
0.0
0.1087958750523075
0.0947273600322686
0.0
0.1522626372220692
0.06051186075381844
0.11974027275272936
0.0
0.06284718438490587
0.09305826597531754
0.34337378718299
0.07347824594906494
0.158307368738256
0.06209223951622252
0.0
0.14672186413053112
0.15778622495498612
0.3366938711638243
0.03938659189061553
0.03343428107434696
0.06557671418810299
0.0
0.10314822480880279
0.0
0.1056957061409817
0.0
0.12051165143430104
0.32888486670903394
0.0
0.07059918445165975
0.05009300775988161
0.22106632226364833
0.11715230759758317
0.166901305107278
0.06142792385369737
0.22261349929500698
0.0
0.19721066990835417
0.0
0.09770649528268006
0.04963646389741461
0.0873504725239638
0.08685993252192048
0.19825585546814248
0.13450513756202512
0.36090648931640373
0.0
0.10234703243986946
0.0
0.07265658768645515
0.0
0.04446805119239786
0.23186292998056163
0.20959599968745032
0.22152188724228053
0.1429813510113907
0.0
0.0
0.0
0.0
0.08537707576914139
0.10865906181761227
0.02156309025475343
0.09096621620893158
0.1896643315467843
0.026745724030064793
0.06974430846762338
0.2605794285759125
0.0
0.12892265267644906
0.10996851250234484
0.1018446785196337
0.0
0.049070100295515354
0.0
0.0
0.040351107523760976
0.2432440254440529
0.5992597961121918
0.0
0.0
0.0680745282462127
0.0
0.0
0.0
0.19641108267862709
0.28820488227113145
0.3254802154533402
0.12435516067590524
0.06554813307439947
0.0
0.0
0.0
0.0
0.2500906464423967
0.20110592234804922
0.29009324536237924
0.13175712197746672
0.06858024506061569
0.05837244511778849
0.0
0.0
0.0
0.0530188380548424
0.3177612984247545
0.41991688663896615
0.07068207886349832
0.05297978257601016
0.0856406063973322
0.0
0.0
0.0
0.0
0.059655193047760124
0.0
0.3285772290904354
0.2489273534283515
0.0711805115093001
0.03502034171441938
0.05149895714362812
0.11310716284486352
0.09203255907100955
0.07291534932700486
0.030233222857599853
0.19413424575667845
0.17831484953107166
0.11190225689613963
0.0
0.0
0.0
0.3578987536969862
0.054600384442060924
0.0
0.02747637070793146
0.0
0.04260295542758748
0.872631139519038
0.02578725838719678
0.013267435653888835
0.018234345856228983
0.0
0.0
0.0998889155175129
0.0
0.0
0.15831744383979304
0.29755100273894675
0.10701197576594938
0.12342914883716898
0.0538003201308295
0.1600006837116761
0.0
0.2028989497153489
0.19014892343110057
0.22186518656402857
0.20940110545454957
0.10497543906059097
0.032907337845030256
0.0
0.0
0.010307575076457454
0.027495125502023616
0.0
0.0
0.0669752932192072
0.5244728735477091
0.2718936597051814
0.047712466907987
0.07320626149513057
0.0
0.01573918679273468
0.0
0.3819164784784425
0.13312784210193326
0.0
0.04128118888995404
0.023352167380529202
0.17238518431081773
0.0
0.13313276927526146
0.031894176434518
0.08290962066143026
0.10054002921047603
0.5215292563700243
0.1802990135498253
0.0934872524927083
0.06057591233271666
0.0
0.03080459660994887
0.0
0.012763434915268984
0.0
0.12226814870996823
0.0
0.7953719167537032
0.05936813844428618
0.0
0.022990857399346497
0.0
0.0
0.0
0.0
0.06582060500175844
0.0
0.2905462052830309
0.07089096151149922
0.1342482149456035
0.33019249655525523
0.0
0.0372337551302988
0.07106447054235283
0.0
0.02672755860936432
0.10202462592859547
0.0
0.0
0.08128870114226987
0.12191918190256469
0.4189731523020442
0.17113988470329008
0.07792355446697051
0.0
0.12171866953120401
0.08719696879808424
0.17804930043667055
0.0
0.0
0.18718116079869446
0.07939520764382141
0.28146389970790414
0.0649927777431042
0.0
0.18521021641559576
0.08782638630203907
0.04125956476111125
0.0
0.0
0.0
0.0
0.0
0.11103304124708385
0.5746704079242468
0.21662274583518948
0.06377817090351047
0.0
0.0
0.0
0.06262891383289171
0.0
0.06588673120734181
0.5128388633161076
0.07824414538091988
0.3051194446444035
0.08836586893554556
0.09979641946900376
0.10967712667197067
0.0
0.06902265879486331
0.028024928245692957
0.038583163122528255
0.0
0.2614099895963385
0.13485289755166158
0.14111296008490945
0.2525925149491415
0.04548340204800194
0.0
0.0
0.0
0.14688682944574388
0.08722916153923302
0.19184144020665464
0.17634209748912436
0.7021265992353439
0.0
0.007445376958848442
0.0
0.0
0.03460665444736051
0.014213543404719434
0.01541910152936365
0.04984634946242582
0.0
0.3606031914029701
0.20268137701670047
0.0917516567256574
0.050100532352940604
0.024856824779719414
0.0
0.0
0.10444691828253128
0.16555872266368904
0.11116717295663617
0.09557496291744534
0.2566384671558646
0.0
0.0
0.017262418412975905
0.0
0.17775460062619325
0.052990501234451766
0.28861103033672
0.17920948041436394
0.033533631264384474
0.19161260323611035
0.31353575771375036
0.13631740350382351
0.06974334796711851
0.0
0.0
0.07604645036737105
0.0
0.03618506189701485
0.11236416867198118
0.1547215558346268
0.11910928201935306
0.34143423593907984
0.20382015212383964
0.03236490384656804
0.0
0.0
0.0
0.17949456564191524
0.03777559570587344
0.0
0.09114741437419195
0.24832507155842976
0.13755854136693063
0.06572733627357628
0.03126330549138361
0.2087073880050735
0.0
0.02064298441441841
0.18199676454436436
0.09346508421388643
0.10848865168491777
0.1421413405037124
0.3002002807873676
0.0
0.15306416401165351
0.0
0.0
0.07704110777355869
0.0
0.07891868935096495
0.48931012332677815
0.26223998591616116
0.0727594348111937
0.0
0.019729672337741238
0.0
0.0
0.05252696802167513
0.1526870220983451
0.0
0.0
0.053907474793770095
0.18635130894669613
0.20784135243528323
0.08081072420163962
0.09441309939975727
0.17146103996879603
0.023827002199765548
0.21510761571813972
0.22509171663662364
0.15324980910058136
0.04386297272772712
0.20491060314457013
0.0266393991775685
0.10730988850324351
0.0
0.0
0.11499490839539897
0.45760461536928887
0.1487833601808767
0.08948211270828638
0.0
0.0
0.06146314679599639
0.06749940085787959
0.06017175507275816
0.0
0.3296966977594542
0.2536460635234528
0.09718131444465195
0.06672877233791868
0.0
0.0
0.0
0.0
0.05173250397348427
0.201014047555749
0.051727431903395495
0.3360394707724716
0.0
0.2141800536901226
0.11734495970522527
0.14776588854506334
0.0
0.0
0.053862879169523835
0.07907834693044209
0.10568483373513879
0.48193540388008904
0.0
0.21226027959671304
0.06661684461067702
0.0
0.0
0.031020342666988342
0.0
0.1024818226745157
0.0
0.0
0.1375698461974245
0.24555764121524667
0.11835440667795169
0.0
0.1070990913826219
0.1865694015385277
0.2048490697406561
0.0
0.024013981274110217
0.08543771605498045
0.5307220513867833
0.0
0.21522263054808669
0.04635453731378804
0.0982487446254103
0.0
0.0
0.0
0.04697985862367162
0.0
0.024981564323977995
0.05367173982695978
0.6981878254193803
0.11495420305984248
0.0
0.0
0.061224321063065336
0.0
0.039461712837919036
0.0
0.0
0.0
0.0
0.11057351717108162
0.1712999608105903
0.31375028788087306
0.2722478883279697
0.09266612487618624
0.0273031922849468
0.0
0.0
0.03752464779853426
0.04763952508175925
0.18553098416026384
0.48923290705648653
0.16219388316239924
0.0505744054024234
0.0
0.1124564088072169
0.0
0.21293052108808647
0.0
0.24728622486214397
0.21175458253741927
0.21557181680825174
0.0
0.0
0.0
0.03321859625474604
0.05370309403139988
0.0
0.0
0.09935317592486784
0.10385784788568246
0.026880601316105306
0.2572033716704966
0.22856063913841873
0.19722243765627492
0.08070032655565873
0.0
0.0
0.0
0.058617472244620404
0.08380861508423072
0.2804119343028992
0.41372091485890605
0.0827399667372493
0.0
0.0
0.0
0.06683504057125662
0.07850262139800855
0.03818499675512274
0.4556093931739132
0.28636593884619216
0.04833396804668548
0.02616753946913566
0.0
0.0
0.027554043578237812
0.03208071292150357
0.3477040848609115
0.0
0.12087542463189557
0.0369294949335792
0.06416142584300714
0.24348317115992657
0.1272106151923743
0.0
0.0
0.0
0.0
0.3364965557781678
0.37548049335635547
0.07647480368078417
0.06247841260446023
0.14906844060994257
0.0
0.0
0.16715535606304832
0.5157067474620903
0.3171375199180792
0.0
0.0
0.0
0.0
0.0
0.0
0.0
0.0
0.2036192206763156
0.7963805407871583
0.0
0.0
0.0
0.0
0.0
0.0
0.06667333849895102
0.05857281134380736
0.6143988547666548
0.0763860011946737
0.05889259499555676
0.03753159961191749
0.020172627523485087
0.0
0.0
0.06737154653831842
0.07135329090708613
0.6163190500671163
0.0
0.15960421304873124
0.0
0.14585203697294885
0.0
0.006871065450850106
0.0
0.0
0.2007033107830339
0.12448521337960577
0.0
0.398963394023359
0.12795982820283067
0.03826666526241226
0.06930966149249942
0.0
0.0
0.0403114491197573
0.04916038022396939
0.5515204486442736
0.3517747907681116
0.038563276899769565
0.0
0.0
0.0
0.0
0.008980866797242701
0.0
0.03401096720024752
0.14038706550548016
0.385944228910424
0.08099030387533668
0.04124435578789459
0.0
0.08293568215561593
0.0
0.05138192624929844
0.18310454806385934
0.0649742894380846
0.07060906813471682
0.13115005925596582
0.35254701067825633
0.0
0.0
0.14368063108089668
0.0
0.08502519596474518
0.15201310386482714
0.02644049521256973
0.11120346815617645
0.185530459280183
0.26234091393352144
0.14330828854631894
0.1072168254583333
0.0695411752634568
0.04153675058925948
0.0
0.05288099042513946
0.0
0.0864420903246494
0.5589477551425223
0.18394672149589386
0.15108434195286016
0.019578647942181674
0.0
0.0
0.0
0.0
0.07559457748765502
0.0
0.0
0.0
0.03373853833346135
0.30171076946158965
0.16976123618716035
0.2724506150779189
0.14674352368584842
0.0
0.0
0.055648322528252296
0.0
0.022498826168950378
0.019674652719592834
0.0431395302368958
0.04709919974942549
0.20020997130220908
0.3322014273976575
0.27952710526778385
0.0
0.06959804772050472
0.058961109991232705
0.07733116527908311
0.05290265608755302
0.33673644483449255
0.228167040430505
0.12489052881328916
0.051412142254617696
0.0
0.05527215989615922
0.025878860436481747
0.0
0.37621575785314
0.3658563515284525
0.13659383147283047
0.0
0.0
0.0
0.040182382111799204
0.04141468809865734
0.02928460964556802
0.062461781652045065
0.4075678549972659
0.3959601338308858
0.06331045215095951
0.0
0.0
0.0
0.0
0.060402185524161545
0.0
0.09322570224217744
0.06219606655277054
0.10585624504405294
0.0
0.04166351853769345
0.15279914020586094
0.33331202380287356
0.15054476776647183
0.050216858308198734
0.1094781213941319
0.0
0.3861256280633707
0.04138474251765462
0.19724759435965725
0.0
0.21554651157357804
0.0
0.0
0.19950110792140763
0.0
0.2715624957806305
0.07879065624748528
0.15167345284584902
0.22854906090905427
0.010081754782966967
0.05984077246868624
0.0
0.0
0.09900681268711639
0.2139740643219063
0.18243542891999656
0.2944202740142765
0.0750968469012885
0.025730766618037658
0.0
0.0
0.0
0.10933473442207844
0.0
0.35920825477779117
0.3386164343382665
0.14483385261102236
0.04810971388952609
0.04816641435400873
0.0
0.0
0.014776781853956622
0.04628813515183535
0.06285947262763024
0.07991653711538024
0.26995890481959484
0.23011260110075826
0.0
0.1952040465026394
0.050524303628247294
0.0
0.07028914542603679
0.04113420693575816
0.04945209961576006
0.5006074258997159
0.26987299984308977
0.06492144437429478
0.0706506912108086
0.0
0.0
0.0
0.044494747002232944
0.0
0.046392157313418614
0.059301933919034724
0.2634807533589803
0.4396562331001049
0.06474511156542026
0.10964975250225219
0.01677312059487861
0.0
0.0
0.0
0.3533814865143113
0.0
0.0
0.0415302194974427
0.02495087367466251
0.01374063298036033
0.0
0.04201971995190223
0.03535809947829645
0.4890184031665108
0.06876635746175697
0.2908518891645951
0.1734335255158181
0.0
0.0
0.0
0.16623543224059328
0.016775636714246242
0.05476092187601613
0.2291757000519454
0.6069984160449815
0.3052939495657022
0.015296558458965766
0.0
0.0
0.0
0.0
0.0
0.032250303076831646
0.040160567266511286
0.0
0.0
0.06083443220544005
0.4859827763571352
0.19126468190258977
0.06279733288930094
0.15707084393238105
0.0
0.042047985450492084
0.0
0.0
0.053447189562984956
0.13673267924709315
0.2756968668308987
0.32491271203764155
0.04363969871805447
0.05619470145620941
0.019959315395123765
0.08941605747166309
0.0
0.0
0.0
0.0
0.5547471374184875
0.3822771956094124
0.036471309648472935
0.020136414958664778
0.006367693748294231
0.0
0.0
0.0
0.0
0.0
0.04145841891823112
0.6444465423203826
0.3140948013556123
0.0
0.0
0.0
0.0
0.06486686953487096
0.01641016268004596
0.11267750692680183
0.7070457117143736
0.06631591017581759
0.0
0.022733363867142593
0.009950123310980335
0.0
0.0
0.11383679281693183
0.023521883586705043
0.017114683235260934
0.0
0.08078018572691018
0.5486942483298862
0.1446829802470617
0.07136821756478554
0.0
0.0
0.0
0.7414860581510426
0.258513586143593
0.0
0.0
0.0
0.0
0.0
0.0
0.0
0.2069915540571039
0.23546145266637766
0.3152852219289358
0.12705045576636292
0.0
0.025575328570115748
0.0
0.0
0.08963529350263125
0.0
0.09087233690793949
0.1358309103880332
0.3802326949870467
0.0
0.0
0.0
0.06048730719745007
0.18552903589519062
0.055766543989144025
0.09128075123116361
0.13912718071314367
0.18306583314255856
0.10576336139307548
0.25512084333687374
0.04008297856851781
0.2534792097288578
0.0
0.023359216661825177
0.0
0.0
0.09169120042617486
0.1606327759092892
0.2675726539419217
0.12354648502292132
0.15222751589180547
0.04181762100609706
0.031228899065488324
0.0
0.0
0.13128182359750437
0.06052883075833901
0.0
0.404641182825823
0.49181676008406344
0.0
0.04301217190913794
0.0
0.0
0.0
0.0
0.014115112042183442
0.08686159372133435
0.03528778142003088
0.26011260783483214
0.2141311200913392
0.23402728720416893
0.0521017839653946
0.0
0.0
0.10336183152619412
0.056461607094651374
0.0
0.31915012501016876
0.352312520603213
0.16546607761193044
0.03831323274177095
0.0
0.03149851861997929
0.0
0.036797414196796406
0.10413576130917684
0.0
0.1710337892563312
0.3472478079038027
0.17993351096737883
0.197648711816021
0.0
0.0
0.0
0.0
0.03303683933404531
0.02597241021448743
0.040927328559390644
0.02711459464784569
0.0995578902207502
0.09030341447718114
0.10861572181062074
0.06882675015099214
0.42859387111835284
0.07705049119883238
0.0731211627784199
0.06396559019200979
0.21790746030672264
0.0
0.14198080698277468
0.2252994679856755
0.11394873004958313
0.0
0.0
0.1637762379810125
0.0
0.02623770483462252
0.0
0.13046211005752134
0.5263319735515027
0.30720468692752245
0.0
0.0
0.00976316077731515
0.0
0.04490573562749375
0.0
0.09245581917772724
0.46028659520217796
0.3381171111619572
0.0
0.0
0.06423412526568188
0.0
0.0
0.027527394895709698
0.0
0.0480082841788065
0.3219667139511285
0.3447907701574964
0.13467013804575884
0.0
0.06174978213581978
0.0
0.06128664136133123
0.0
0.0
0.0
0.11842449158348695
0.2825471421951421
0.3369989188536904
0.14923422731317884
0.11279489825551632
0.0
0.0
0.0
0.029289099800845042
0.0
0.0
0.2144733748421295
0.23212884512861784
0.33700870584108195
0.10679860136739251
0.08030106605421575
0.0
0.0
0.1684341333023686
0.35889579701949886
0.21187383728934076
0.2607959359681667
0.0
0.0
0.0
0.0
0.0
0.0
0.07337458986852816
0.0
0.5025362590947635
0.15798359257835987
0.18639803322979023
0.07970667087971127
0.0
0.0
0.0
0.14874858836687943
0.0
0.0
0.026396277962654598
0.022944357603120868
0.0
0.0
0.0
0.17355135800986451
0.6283587224544422
0.09214867163937945
0.0
0.05294165055241448
0.1367547793392914
0.13775062766226456
0.04072434690885783
0.07651409583969696
0.2122905684926387
0.0728499277226992
0.1780246119312442
0.23888677262488325
0.2631250632283626
0.0
0.06347731946737255
0.0
0.035765638485424175
0.04524035146720882
0.05007189086477609
0.1911253212635657
0.11230637809218984
0.4504413672214167
0.179840064821445
0.07743448800820359
0.0
0.0
0.0
0.0
0.0
0.0
0.2922835110657822
0.1660027682811338
0.0
0.039635218964053226
0.0
0.07798353113929433
0.0
0.07124910144488826
0.027532437870714868
0.33391344623632885
0.28368303305554554
0.3065690916146721
0.3140835257427861
0.06530050344921172
0.0
0.0
0.0
0.021107822512282874
0.0
0.04668365878307816
0.2462551416263517
0.1694939656153819
0.0360935086877902
0.13368669874202477
0.3920813693232076
0.08399790409945336
0.04211435700625407
0.07861427971435526
0.06391710973613349
0.0
0.0
0.1119798416170679
0.31909290266293133
0.30169254930790035
0.07980732164955989
0.05680680549839483
0.0
0.0
0.029859183224394063
0.04557460648152036
0.055186438443766875
0.0
0.057819457562940796
0.2126919749105892
0.0341463124099373
0.2209603575369135
0.28179280702788045
0.042349767748065766
0.05224664393964323
0.05426722427135063
0.043724981107875885
0.1525246948412728
0.0
0.05096170510845337
0.19742884347335396
0.0
0.22820880030621118
0.23511134977660758
0.08651425291965414
0.0
0.04924980783457891
0.0
0.1206249351388868
0.0
0.0883043095310634
0.0
0.11024253007977648
0.02943476727690382
0.11784139138423476
0.19496108345789495
0.3385901218614543
0.2896789973239368
0.15025395348385998
0.09341664694326848
0.04626649146327215
0.0
0.0
0.22717742967583263
0.039725280263014424
0.07442423881556193
0.07905626326603771
0.4337426535678472
0.19501321433443564
0.1420939640491103
0.05077996827366424
0.0
0.0
0.0
0.025876057968130053
0.09698236657071847
0.05551129439801964
0.03329004451282131
0.1122303631945993
0.6129779110893478
0.1972737432631757
0.030924448886589666
0.0
0.013303027853955722
0.0
0.0
0.0
0.2942858282198036
0.0
0.11909775801165018
0.12280913081398578
0.17494373856506645
0.0732015291502129
0.13758502478928095
0.07807638077590422
0.0
0.0
0.0
0.27963359967790974
0.36366642419997575
0.16757121437346612
0.08378454779378043
0.03596589655592133
0.0
0.0
0.0693773244568017
0.0
0.09870464091136487
0.256821657485921
0.28741031930063116
0.044609171946438826
0.11366567382509736
0.03859057246159996
0.10544356838242083
0.0
0.054753758152330204
0.0
0.23699661596270263
0.39497524800699413
0.23047181572629566
0.062006704440617795
0.030372097855248723
0.016299377932512838
0.0
0.02887746093486587
0.0
0.0
0.25666033434055885
0.4096564373767171
0.04501765762955239
0.0
0.0
0.15162172797272117
0.06154441235889189
0.0
0.07549879418449691
0.0
0.21022632119541454
0.1270349539439117
0.19131423566670727
0.0
0.0
0.07588904659825114
0.0
0.0
0.08546729470182095
0.31006703952251785
0.0
0.0
0.13643557197422254
0.29566835499652605
0.166777393651519
0.11065061432128837
0.15048081639351618
0.08374076652740636
0.0
0.056245824368324225
0.05619218128902124
0.058503028951747894
0.382190948600161
0.3091485973118323
0.0
0.08439652517602982
0.06358010774703474
0.025558104481899845
0.0
0.020430145284933036
0.0
0.014608264500173569
0.06480223498435259
0.3279088427352336
0.06659321133413114
0.06775731173235383
0.28162298355326887
0.0735200277402099
0.1031868211731375
0.0
0.012848677010104382
0.05167119009787687
0.0
0.13468882714918431
0.7180648998057557
0.07501691225461321
0.0
0.0
0.007709206377309847
0.0
0.0
0.0
0.2663950242352212
0.5185185047498543
0.17771068014902902
0.02358508141281046
0.013790324001825968
0.0
0.0
0.0
0.10458782396475162
0.14790953015601654
0.22755312516130366
0.1272118357328905
0.0
0.2111564761124253
0.04691127543777574
0.0402260882151886
0.06127055344756333
0.033171280467704005
0.01097377657309089
0.0
0.04655778844432263
0.06940426299997433
0.0798903004081112
0.4410899799662095
0.15787767874898104
0.04655778844432263
0.14764568097078315
0.0
0.04099935672345075
0.014211317271247395
0.0
0.03014675481676134
0.24659316910196621
0.5734885481588928
0.0
0.012710987355890421
0.0404043938635827
0.04144434920500201
0.0
0.0
0.0
0.2695810723316534
0.0
0.14970636268653928
0.24822425362003464
0.19018660114709868
0.0
0.14230019074116185
0.3266867613586985
0.1043977869306756
0.07516268099702687
0.01581058959131054
0.0
0.07070710454735071
0.07285014764669002
0.09054927497124474
0.1868279979025458
0.05700588837686993
0.05325194247682346
0.021951950721693977
0.0
0.0
0.0
0.049695838564220225
0.16793177198842507
0.42058517077618335
0.2865824577456674
0.0
0.0
0.0
0.046680599661402186
0.017213610149201572
0.04700575520479236
0.0
0.059532109945974826
0.6025054627519115
0.17027482952148315
0.05678723320434775
0.12043990325792184
0.13790375915141248
0.24807041960214293
0.12006590083521579
0.0
0.0
0.01904016779319194
0.1639711013030534
0.19050793171658623
0.0
0.16336016420424196
0.10845433720344541
0.17557032510486992
0.061996273533865456
0.07902539530872044
0.0
0.0
0.0
0.21881598197283558
0.19277721940930836
0.17784985125051908
0.25359854329459014
0.325733834179294
0.050627267607022554
0.1008189125819355
0.0
0.09137129936602038
0.0
0.0
0.0
0.08390443276155708
0.05242963567794994
0.06534551147792199
0.1319280358826625
0.24695370732140545
0.03166437604202261
0.0
0.3624189202549685
0.0
0.02535477344479204
0.12036048713195852
0.05182368027307191
0.02897031746644698
0.22659721391680268
0.22468975596081794
0.09963063651039691
0.08613494411917118
0.13972880447216113
0.02206313589382334
0.0
0.07078986104481627
0.0
0.09043742208919986
0.4242323434446123
0.15174767944448606
0.13880472818770515
0.0
0.0
0.09700304468950477
0.026984415457802367
0.05911428632192717
0.0816866724069282
0.0
0.05651379869622625
0.23242245472384296
0.21818771899414655
0.07836486866400232
0.1227530515338513
0.1509566579577411
0.0
0.07704862846949734
0.0701109441267969
0.0
0.07433094238395593
0.0
0.2279560798427825
0.021618966547436738
0.14853801325895902
0.21424248352414818
0.1661532321691041
0.0
0.24701655067586548
0.10880094500504123
0.0621922919797112
0.1259025540528558
0.29621275094301663
0.06376639617665208
0.0
0.09610794648645254
0.0
0.32931372063465864
0.08361632695394614
0.0655940443841884
0.14819137145551992
0.08505124393133737
0.04898484436594237
0.013644384810681767
0.0
0.10694386922870727
0.11865983467388816
0.0
0.05421026294493041
0.10058926310410657
0.04953556031923025
0.0639802238787634
0.13135004908515174
0.24355538876442634
0.06849111967372853
0.1935213999575123
0.0947663075082275
0.03657968401669739
0.05024606229733734
0.0
0.09411624466373152
0.08673814885895306
0.34036709905737
0.09311125631587736
0.18354463756938494
0.07052370958023985
0.044772595872347346
0.06988801708309587
0.04952071591149581
0.45806715169119394
0.14114572766534214
0.05476777759438257
0.13587732958524243
0.06777758579386448
0.022955191349532496
0.0
0.0
0.06755804424784838
0.13626577146726584
0.4007811519099884
0.09732259738639573
0.2326819806613654
0.027085264375738983
0.0
0.03830435007298913
0.0
0.0
0.03554244966672722
0.0
0.12333227428369928
0.1276566426237458
0.4956329544930225
0.12116542353230064
0.0
0.03554244966672722
0.02521881931346313
0.03590824851038285
0.04107790003478869
0.03581956527291942
0.22093138297262457
0.484432212397162
0.10204815155700377
0.021360830162000487
0.0
0.0
0.049880307497400765
0.044448916572174216
0.08704946296571782
0.0
0.0
0.0
0.0
0.13328126384328715
0.2655341974093546
0.03743225732261862
0.39526243548215984
0.08143991152442172
0.3768177679963445
0.0
0.08930046942494568
0.10526077718120205
0.1778101541235171
0.0
0.0
0.0917601996955138
0.057613386654249345
0.10143660078697499
0.01511517935003807
0.0
0.23370644679616948
0.43197896537937597
0.07943351462886755
0.2397654739794726
0.0
0.0
0.0
0.0
0.1914616514134279
0.07936981167561502
0.05298420018377967
0.047407620320567986
0.0
0.10802699179496338
0.18259413938207364
0.0
0.06936424239089728
0.2687906307266539
0.16920708920738345
0.0
0.06127234275403585
0.0
0.08230809278376984
0.24494766966213866
0.08637862784156357
0.0
0.13638090107954676
0.21950464399266484
0.18665126981462374
0.25454043053071324
0.276238903781505
0.0757255100383182
0.18769233103543995
0.0
0.0
0.0
0.019150998234841468
0.0
0.16785134715051636
0.04803766042040635
0.4634528130852635
0.13023357246813014
0.05370773613110878
0.06877946278145537
0.03396775455399304
0.0
0.03396775455399304
0.0
0.010087744208793712
0.036371879782963926
0.0
0.08148564232894596
0.0
0.282914416720531
0.13147114938964494
0.2358996360858618
0.22176700954715
0.0
0.06844675904679226
0.07214922524223599
0.08066528464254391
0.08226276823491886
0.18635195043222946
0.37000623757801154
0.0
0.08909771777289116
0.05101720510201942
0.0
0.2669761387559535
0.12247028515700248
0.0
0.0
0.0
0.0
0.023386715964833472
0.0
0.22116532056207996
0.3659989248458966
0.4341206269749152
0.029463707870671818
0.04658621030708214
0.03359379347136168
0.0
0.0
0.0
0.0
0.3428416821794181
0.11339164988607052
0.3184631858723181
0.15446175622124525
0.03701505402925922
0.03513168332161859
0.06299842822929248
0.08569208368723356
0.04256432194439863
0.0252935582642652
0.07879852652988
0.1595808070460286
0.15379338976364668
0.05917853949098842
0.5390562515791509
0.0
0.06171590098492647
0.05374563391754522
0.03850507277996303
0.0632500902004324
0.03075422750680113
0.0
0.07814292923597367
0.5257719181885693
0.04105938207438974
0.0
0.0
0.048388950265286175
0.0
0.06731052873013274
0.1116359389788907
0.12768974766488841
0.1601191324892412
0.0
0.0
0.10719466873787913
0.17696738096709164
0.09218890184323107
0.052980188706105234
0.0
0.23869045379076687
0.1718583550869007
0.038860889294095265
0.06274056773075867
0.0
0.01803427975805244
0.0
0.0
0.2247207708317764
0.0
0.5483661788317526
0.10727695373052978
0.056666227038427566
0.16407317428100118
0.0
0.3821753867894758
0.12435067953226242
0.0
0.030085858400945794
0.06638537863538899
0.0
0.17626278937404471
0.0
0.0
0.0
0.08763090948632658
0.20920181861756132
0.30154698278393277
0.2291570884799831
0.13811206349175137
0.0
0.0343507668987429
0.04199970769879393
0.06441078975468256
0.0
0.10966345718186209
0.0
0.0
0.18971818286532963
0.27206700891423474
0.12629210145913056
0.19584826572622033
0.02906497432477212
0.10218771712784798
0.4713921542902121
0.16167506841660198
0.024700478582366018
0.0
0.0
0.0
0.014123038963760569
0.1968559627741273
0.0
0.0
0.0
0.02279790204308235
0.3056264350337512
0.08697235677544997
0.32823600074877357
0.2427699449700236
0.0
0.013596893509674978
0.01071825925386047
0.21697646677916327
0.6984559246395118
0.07384890273331891
0.0
0.0
0.0
0.0
0.0
0.0
0.037422334071509446
0.2806079200262981
0.6012043904998919
0.0
0.0
0.04483882132070141
0.0
0.02482440990858756
0.011101813867892194
0.0
0.2995140118320986
0.0
0.023578913039252435
0.1375939721099212
0.029874809696027665
0.12360700441362978
0.06961192173114003
0.0
0.15926916201871583
0.15694974202562784
0.2024586549041929
0.12254449933058509
0.0
0.0
0.0
0.0
0.0
0.24838873780221304
0.05160133618556269
0.3750064024419493
0.2088365526160098
0.09249029611406874
0.17063441259709408
0.10387840704069327
0.0
0.020570988930252013
0.035446808394520364
0.03985597393705505
0.046909074638902315
0.281376847852106
0.0
0.10792333680488224
0.09738760960419808
0.5901435274204119
0.0
0.06576079689718779
0.13878410431072383
0.0
0.0
0.0
0.0
0.009692092219120162
0.10438954502594215
0.44528386995981994
0.32161346049371903
0.07055949001904123
0.0
0.0
0.0
0.04846045867354638
0.04712409258926714
0.0
0.029839018477362887
0.23230716284269204
0.5615911676875643
0.062134372102754784
0.01742906469221912
0.0
0.0
0.04957431248414058
0.23646096748350953
0.31346873777508577
0.10953283756830665
0.17328675690565978
0.14721156623469023
0.020038512664837988
0.0
0.0
0.0
0.0
0.0
0.0
0.04219171558616482
0.058823588397257334
0.04572608905516923
0.09483251770501845
0.44921260950419406
0.28471084709656996
0.008274475874668894
0.016227583049282904
0.0
0.0
0.0
0.2215360968246367
0.15221051189203563
0.5103339203066213
0.11591913678700412
0.0
0.0
0.0
