0
0.04801072908363385
0.0
0.13579484698396546
0.0
0.0
0.8161824212498615
0.0
0.0
0.0
0.0
0.21286171303134088
0.0951946542285035
0.06020638141667903
0.13462557456949373
0.0
0.04257234102032485
0.0
0.30103193087254504
0.15349676177562005
0.0
0.10057086652581672
0.0
0.0
0.22488330768128018
0.0
0.6034251991549003
0.0
0.0711143409587044
0.0
0.0
0.6649223265521642
0.08245761540431222
0.06518846557784236
0.1874283330424509
0.0
0.0
0.0
0.0
0.0
0.0
0.6266301580437285
0.08242280403839425
0.10425750936509848
0.08242280403839425
0.0
0.0
0.0
0.10425750936509848
0.0
0.0
0.398586115185646
0.18847631419581973
0.10736874074515929
0.0
0.09678087622073836
0.20878320857968863
0.0
0.0
0.0
0.0
0.12301051471243225
0.0
0.0
0.0
0.0
0.04100350490414408
0.43280116311792355
0.17396312874494627
0.22921656308232624
0.0
0.18206257711203572
0.20648177036383736
0.25100704735264906
0.055873585337832765
0.05828649900973618
0.09630032525185299
0.0
0.0
0.1499858000118008
0.0
0.17167555227692397
0.0
0.0
0.09886375165905784
0.2742340708780192
0.4046638161526553
0.0
0.0
0.0
0.05055974339849463
0.2718734045562134
0.09434140433230637
0.0
0.0
0.2239021457457462
0.034791390054737914
0.018868281809498226
0.0
0.07960536428573349
0.2766158996778074
0.1663123191246677
0.0
0.026003196373260408
0.0
0.0
0.0
0.05611059561757265
0.3052756837418696
0.4462970559528114
0.0
0.4987307796145705
0.0
0.0
0.11928821098537337
0.0
0.0
0.1426393876436002
0.09714576158996045
0.14219371352808788
0.0
0.15792028224990473
0.10077244749924474
0.331973621593596
0.14721317646422238
0.16612576228949935
0.0
0.014124819982300505
0.02466793745089123
0.0
0.057201162868929845
0.4755947005881846
0.20004717407106185
0.0
0.0
0.0
0.01964165321720126
0.02661958181517739
0.03775020131018239
0.09432867810633483
0.14601730940424582
0.48072667218545734
0.22942244021081165
0.09909623190585194
0.0
0.0
0.030952461500400884
0.0
0.06566008268750496
0.0
0.09413824245219916
0.6666388900456273
0.0
0.0
0.0
0.0
0.33331944502281363
0.0
0.0
0.0
0.0
0.8773761004461883
0.12261704505287375
0.0
0.0
0.0
0.0
0.0
0.0
0.0
0.0
0.7954484700628109
0.0
0.20453345156277156
0.0
0.0
0.0
0.0
0.0
0.0
0.0
0.2493273872109886
0.0
0.11753405624622344
0.09291883668442105
0.0
0.540209331217001
0.0
0.0
0.0
0.0
0.0
0.0
0.0
0.0
0.0
0.0
0.0
0.0
0.0
0.0
0.0
0.0
0.0
0.0
0.0
0.0
0.0
0.0
0.0
0.0
0.35214519671658845
0.0
0.041231116431247584
0.030731864036014186
0.21490960404461448
0.22512878717087173
0.13585100203364164
0.0
0.0
0.0
0.12626635821896257
0.18439999812853639
0.17856759437768588
0.0
0.0
0.15783295365343883
0.0
0.0
0.0
0.3529252039738112
0.29787932112746673
0.0
0.7021082672338756
0.0
0.0
0.0
0.0
0.0
0.0
0.0
0.3661098318218416
0.0
0.0
0.0
0.0
0.21966589090991265
0.0
0.41420597177692753
0.0
0.0
0.29787932112746673
0.0
0.28084331429146336
0.0
0.0
0.0
0.0
0.42126495294241223
0.0
0.0
0.39794279433661
0.17796543197047593
0.2251104279548988
0.0
0.0
0.198971397168305
0.0
0.0
0.0
0.0
0.4763956710400003
0.0
0.0
0.15064954618385643
0.0
0.23819783552000015
0.0
0.13474503736454466
0.0
0.0
0.3959485760076189
0.417366481518676
0.18665194675830027
0.0
0.0
0.0
0.0
0.0
0.0
0.0
0.0
0.0
0.0
0.0
0.0
0.0
0.0
0.0
0.0
0.0
0.3313674256408532
0.0
0.3514682114577911
0.0
0.0
0.0828418564102133
0.0
0.23431215125885976
0.0
0.0
0.16743091872520569
0.0
0.1183915367597725
0.1323657749013483
0.0
0.16743091872520569
0.0
0.41437038645581364
0.0
0.0
0.025333098951600262
0.06431038164528406
0.0
0.09133979549776827
0.04305798870399431
0.09525338710718584
0.13675682353736407
0.05407032864616514
0.40501125629957035
0.08486482851944127
0.11985363462467503
0.06700022263679518
0.06356198488246441
0.054017304313682214
0.0
0.1048719330871506
0.14787663858062328
0.23306062425831595
0.20975391219012757
0.0
0.2555909873658764
0.0
0.02979850121646909
0.11346931811978754
0.0
0.1791011471543283
0.21202007008251983
0.05959700243293818
0.02355778534668398
0.1268625544410251
0.0
0.0
0.059387608164421
0.07570464565665325
0.0
0.2939536740888426
0.4818674145816608
0.08908140833569306
0.0
0.0
0.43665087954380427
0.23490962571733282
0.08397132732051328
0.11265935710455631
0.0
0.0
0.0
0.07125202743280064
0.060552584314689184
0.0
0.11541583371688278
0.05747911082370236
0.016148787699809125
0.12581358616122312
0.151704089659567
0.12830095060836963
0.0277834256127995
0.0
0.14781374216536775
0.22954006983259226
0.07890856105140556
0.42943952030641525
0.16739035611724873
0.0
0.0
0.30220348198640645
0.0
0.0
0.022055614645936118
0.0
0.1353728261652973
0.018412237251592318
0.0
0.27411595337654626
0.0
0.36339796182151063
0.12202385488658846
0.05272462244692396
0.0
0.03395048550091373
0.0
0.16706772240055107
0.03145068793894446
0.0
0.0
0.03891824219742303
0.10225180867049394
0.34794609143848176
0.16509989754194762
0.1472641598749428
0.13949053308410184
0.1182696202795106
0.10193050021720283
0.0
0.041839113410483034
0.05473634626537844
0.0
0.02051331377874209
0.06615344712510897
0.4570661001737986
0.18341735205499765
0.10213758597223273
0.07856737787737375
0.28507494422527974
0.14163934668219413
0.1106445714184977
0.09851685758500672
0.0
0.0
0.0
0.037498198749783024
0.0
0.0
0.04951952434662894
0.019096547885810517
0.0
0.03442679331296809
0.0
0.23889782554772196
0.6205606420144321
0.5278213038402896
0.15537637273485116
0.0544055162519771
0.0
0.0
0.0
0.0
0.1502321518127559
0.11215984654628347
0.0
0.22653664696251624
0.0
0.32037118105811585
0.0
0.0
0.4530732939250325
0.0
0.0
0.0
0.0
0.6702811739977275
0.0
0.32971154033746986
0.0
0.0
0.0
0.0
0.0
0.0
0.0
0.9999583350684408
0.0
0.0
0.0
0.0
0.0
0.0
0.0
0.0
0.0
0.999937503904609
0.0
0.0
0.0
0.0
0.0
0.0
0.0
0.0
0.0
0.0
0.0
0.0
0.0
0.0
0.0
0.0
0.0
0.0
0.0
0.4530754258480417
0.0
0.3203727026205632
0.0
0.0
0.22653771292402086
0.0
0.0
0.0
0.0
0.2451322643626548
0.04540877699823368
0.040614840922507486
0.18668717094067247
0.0
0.08615708920982726
0.06421770661494505
0.040614840922507486
0.16113277109161547
0.13003094905823895
0.20288056843696242
0.15476367659121248
0.11042205270705097
0.1752144740260655
0.0
0.14314701103433247
0.0
0.041663096110677214
0.06699039565785567
0.10491709876525455
0.16175883037326497
0.0
0.09150460832319579
0.0
0.0
0.16175883037326497
0.21895120969609294
0.36601843329278316
0.0
0.0
0.15537316344894506
0.0
0.0
0.2779399707026385
0.0
0.4971941045147001
0.06948499267565962
0.0
0.0
0.0
0.0
0.0
0.5458571303465259
0.12329657348587518
0.0
0.3308394036798681
0.0
0.0
0.0
0.0
0.5540843029520965
0.0
0.2611978425507322
0.0
0.0
0.18469476765069887
0.0
0.0
0.0
0.0
0.0
0.0
0.0
0.0
0.0
0.0
0.0
0.0
0.0
0.0
0.0
0.0
0.0
0.0
0.0
0.0
0.0
0.0
0.0
0.0
0.0
0.0
0.0
0.0
0.0
0.9997500624787937
0.0
0.0
0.0
0.0
0.3106561525155657
0.0
0.5857788526392683
0.0
0.0
0.1035520508385219
0.0
0.0
0.0
0.0
0.5382771929118269
0.09703929945056744
0.1903097325715907
0.0
0.0
0.0
0.06018122109492079
0.11418582550628299
0.0
0.0
0.1109546533442392
0.10337589578018022
0.20921809854617177
0.041350360378763606
0.06731350664550971
0.07396976889615947
0.0
0.08524594780330774
0.24125595040482897
0.06731350664550971
0.17356554645037264
0.08624541327631682
0.19091233627004922
0.08624541327631682
0.0
0.14039735437714873
0.06953327244688294
0.027273192435202317
0.22582265020272288
0.0
0.31524262659794605
0.07049039587654321
0.29136742042319513
0.0
0.0
0.18914556891254594
0.0
0.13374610712422214
0.0
0.0
0.5633587703832303
0.0
0.0
0.0
0.0
0.09389312839720505
0.0
0.132784934189748
0.20995143038850472
0.0
0.6021991914439756
0.0
0.0
0.2171260028733704
0.0
0.18065975070309234
0.0
0.0
0.0
0.0
0.06987472593743803
0.09825289018035507
0.0
0.1584312640154074
0.35631059350185434
0.05381819633543371
0.23303451161479272
0.03027648037063841
0.0
0.0
0.020486000589963627
0.09211765212424837
0.27603233632916085
0.03239121380168109
0.0
0.1751452543781436
0.3169102471416371
0.0869147348850343
0.0
0.0
0.13056697439825976
0.16832948136078685
0.1970103551043717
0.09516621860054278
0.0
0.0979252307986948
0.12438516006675412
0.12776675804909596
0.05884574140345286
0.0
0.01667790101539551
0.5612164918504967
0.398051562705143
0.024053210533926426
0.0
0.0
0.0
0.0
0.0
0.0
0.14691210966787754
0.08399976846014905
0.11847095851020852
0.04053601995916367
0.0
0.006951870051745024
0.1564029560718946
0.17739979304854867
0.09326912707844132
0.1760556591844199
0.0
0.05812915467520861
0.050109869745657246
0.10060564390318441
0.0
0.06599619567966972
0.25917497525845806
0.3157622898635174
0.03174113360331272
0.11847975302020539
0.020507827163210788
0.04816338809873255
0.0
0.0681135890972014
0.02831454381115055
0.29860666444642936
0.04019738243127136
0.11651858846149152
0.37957737562089927
0.0
0.3461278175609206
0.09708842699224814
0.022771170107775938
0.0
0.0
0.03220329935165348
0.0
0.03795195484499595
0.03394526097104501
0.4299107283671913
0.07795111631047913
0.0
0.1102395247234352
0.0
0.0
0.7015600903528938
0.0
0.1102395247234352
0.0
0.0
0.33331944502281363
0.0
0.0
0.0
0.0
0.6666388900456273
0.0
0.0
0.0
0.0
0.0
0.0
0.0
0.0
0.0
0.0
0.0
0.0
0.0
0.0
0.999937503904609
0.0
0.0
0.0
0.0
0.0
0.0
0.0
0.0
0.0
0.3693937993703647
0.0
0.13060042885139114
0.0
0.0
0.3693937993703647
0.0
0.13060042885139114
0.0
0.0
0.2643908741270358
0.2955980014310112
0.28042885469347967
0.0
0.0
0.06609771853175896
0.0
0.09347628900171315
0.0
0.0
0.04035851623440242
0.06381242265059738
0.1712266737210256
0.1724810504162306
0.32538076222319195
0.1816133343308503
0.04512219560905964
0.0
0.0
0.0
0.33532343503270384
0.0
0.15807298153114271
0.0
0.0
0.22354895668846925
0.1249676734064362
0.15807298153114271
0.0
0.0
0.9999687509758335
0.0
0.0
0.0
0.0
0.0
0.0
0.0
0.0
0.0
0.7231349777380844
0.0
0.10226672440391042
0.0
0.0
0.07231349507992077
0.0
0.10226672440391042
0.0
0.0
0.4380407368514227
0.0
0.0
0.0
0.0
0.4380407368514227
0.0
0.12389662426063842
0.0
0.0
0.14239170645979382
0.27726606357673506
0.0
0.10613251809803972
0.0
0.18985560861305842
0.15009405039865764
0.13424818687791187
0.0
0.0
0.0
0.0
0.0
0.0
0.0
0.0
0.0
0.0
0.0
0.0
0.0
0.0
0.6534443557902003
0.0
0.0
0.3465412049926023
0.0
0.0
0.0
0.0
0.20251264194556134
0.0
0.0
0.0
0.0
0.23144301320783847
0.2980722312010701
0.16365492236807086
0.10430995868313475
0.0
0.0
0.0
0.0
0.0
0.0
0.0
0.0
0.0
0.0
0.0
0.1580140244237065
0.0
0.0
0.0
0.0
0.39503507577546937
0.0
0.4469311480473298
0.0
0.0
0.5882266463039362
0.0
0.0
0.0
0.0
0.4117586480301254
0.0
0.0
0.0
0.0
0.6666388900456273
0.0
0.0
0.0
0.0
0.33331944502281363
0.0
0.0
0.0
0.0
0.0
0.0
0.0
0.0
0.0
0.9999583350684408
0.0
0.0
0.0
0.0
0.20981134960576459
0.0
0.1483590265083391
0.0
0.0
0.5245283935546166
0.0
0.0
0.11728811712163638
0.0
0.6666527780668131
0.0
0.0
0.0
0.0
0.33332638903340656
0.0
0.0
0.0
0.0
0.09353368634993928
0.10907808135854938
0.11998901012420095
0.0
0.0
0.14965389258486078
0.0
0.17289964373511912
0.2777111593378988
0.07712984982518382
0.15945865046054616
0.19793017216691128
0.16913143037657616
0.0
0.0
0.0
0.0
0.028188572966991392
0.3043433149730214
0.14094287597301527
0.05185156591022587
0.3617254813773712
0.13692941334543654
0.34420650093841343
0.0
0.06164399938514185
0.0
0.0
0.0
0.0436420512519535
0.3632706729708821
0.41162794997598984
0.018634951596607954
0.0
0.0
0.01317690078029275
0.0979834240803563
0.042186667949086376
0.0
0.05311778553415038
0.036740109523716175
0.10731086606088619
0.0
0.05809121880348355
0.07574167517274995
0.39206568642665246
0.10711490590804282
0.1818542519134622
0.0410766936772135
0.0
0.03609063417020174
0.0
0.02577902468167081
0.18164088910855192
0.09809588391959599
0.212631957209676
0.06293461640093644
0.13221064208765748
0.2506150634704948
0.0
0.0
0.07003259138299711
0.42644076681028154
0.09574262975735391
0.15719774283133484
0.06470156161987059
0.18588403420783559
0.0
0.0
0.0
0.196906972750392
0.014090644398382483
0.17431237961559518
0.19468317732242302
0.0
0.003908041522080807
0.026215940361204327
0.0
0.017477294059422534
0.37240457296009727
0.4904691266428743
0.06854514838964604
0.043351755218353584
0.11052572645502245
0.1263909993534003
0.030654320415179643
0.0
0.1300552599452485
0.0
0.0
0.3755725135888202
0.10497571519425236
0.066392467094874
0.0
0.0
0.2816793851916152
0.0
0.066392467094874
0.10497571519425236
0.0
0.0
0.0
0.32036816665347634
0.0
0.0
0.6796035165327018
0.0
0.0
0.0
0.0
0.7815310067644743
0.0
0.0
0.21844457039101844
0.0
0.0
0.0
0.0
0.0
0.0
0.07640041490744773
0.2062179175019755
0.2701162758241603
0.0
0.0
0.1910010443839626
0.1708365315535846
0.0
0.0854182657767923
0.0
0.10309101827168918
0.03622249243796858
0.048597566401753764
0.04129999303958381
0.0
0.15313960941417915
0.236595399042592
0.1380041811196836
0.12345779090900409
0.11958908572426315
0.12053069881766902
0.04746014877492615
0.0
0.07934936648609339
0.15994995226104097
0.17204498707901436
0.0949202975498523
0.0719896858458022
0.0
0.253754377174723
0.1699639014568341
0.22317719591202032
0.0
0.12481047354249647
0.1911215778046181
0.24722021611463554
0.0
0.043702772353432326
0.0
0.0
0.5147075896681022
0.0
0.24263548209092448
0.0
0.0
0.0
0.0
0.24263548209092448
0.0
0.0
0.3688699464038243
0.07823408768836344
0.10849116118249075
0.2425936048422416
0.0
0.04339646285635204
0.0
0.06137186568192013
0.0970374467868294
0.0
0.7929196514334633
0.0
0.0
0.0
0.0
0.0
0.0
0.20706814695802586
0.0
0.0
0.0
0.10591931742210063
0.09222418740616388
0.0
0.03688806102569882
0.15211337760582455
0.05297865816262958
0.2561112698717089
0.13630585196507475
0.16745851849584523
0.6216374602953549
0.14498952222696418
0.0
0.0
0.0
0.09946199142410798
0.13390480967896998
0.0
0.0
0.0
0.49998437548791674
0.0
0.0
0.0
0.0
0.49998437548791674
0.0
0.0
0.0
0.0
0.47078290033532616
0.14667654830834792
0.036988195234125214
0.0
0.0
0.1961595418063859
0.041354063460648585
0.0
0.041354063460648585
0.06668141806895075
0.0
0.0
0.0
0.0
0.0
0.0
0.0
0.0
0.0
0.0
0.0
0.0
0.0
0.0
0.0
0.0
0.0
0.0
0.0
0.0
0.9411626299610149
0.0
0.0
0.0
0.0
0.05882266437256343
0.0
0.0
0.0
0.0
0.1774129983338457
0.0
0.04181664428893184
0.0
0.0
0.47310132889025514
0.2658449919896063
0.04181664428893184
0.0
0.0
0.5318296595735694
0.18372796023687757
0.10210235662707551
0.07610261407430369
0.0
0.07219727267875861
0.0
0.03403412036989076
0.0
0.0
0.10288021330801811
0.0
0.043220406693332915
0.0775830131090866
0.09224855775379052
0.49967832352748115
0.1324424717443603
0.0
0.0
0.05194446707684652
0.33914940222185774
0.0
0.1438888920898746
0.0
0.0
0.3730643348634638
0.0
0.1438888920898746
0.0
0.0
0.12289909603383216
0.0
0.08690278328886579
0.0
0.12668148695651432
0.5261035776811451
0.06870268742298438
0.0
0.06870268742298438
0.0
0.0
0.3924819211040684
0.2554861160764885
0.06840640591979905
0.0
0.03592880248890435
0.02008481239111658
0.05761375626293163
0.08865864697260468
0.08133729323388113
0.14291194909354776
0.20618530573518068
0.3873217064550262
0.09531612343081802
0.03379817800118807
0.02955564904262323
0.0
0.04694677459320113
0.0579633971666289
0.0
0.17953895886943377
0.0
0.07404825395330816
0.11962772225495598
0.0
0.014809650238959155
0.14617838184048762
0.18982027656373057
0.20045835818110552
0.07551469568537673
0.21131816875871312
0.0
0.08107963890388807
0.022662450218065892
0.0
0.1548068479055177
0.1411635892760385
0.3047450950675658
0.03204954362316701
0.052172874623157325
0.09819989765223641
0.046930414539877126
0.05036318480653334
0.09540815515915572
0.0
0.0
0.2375575455331296
0.08110257734883303
0.3904368610728216
0.0
0.4200828384597075
0.13871674458488217
0.15240983716517262
0.03891380769040257
0.0
0.046407422092372946
0.0
0.13171438486045955
0.0
0.07175351491502992
0.038168970335273535
0.020700032034685668
0.14473543336529118
0.1947524865478004
0.365677145750981
0.14863009105642352
0.08733352657569445
0.0
0.0
0.0
0.2995683741252378
0.0
0.030260974413991112
0.1155123955292933
0.15577790384066653
0.19257967591303546
0.06766560241050637
0.0907829192563335
0.047846805075706426
0.0
0.593792427378912
0.10213541010068852
0.12919220110638882
0.0
0.0
0.04567634122206106
0.0
0.12919220110638882
0.0
0.0
0.0
0.0
0.0
0.0
0.0
0.0
0.0
0.0
0.0
0.0
0.0
0.0
0.0
0.0
0.0
0.9998750156202539
0.0
0.0
0.0
0.0
0.6386911325390302
0.0
0.36129822260918387
0.0
0.0
0.0
0.0
0.0
0.0
0.0
0.28486856336028554
0.35707929478877726
0.23323764373948402
0.0
0.0
0.029986164270274347
0.09482458557056123
0.0
0.0
0.0
0.17350887092241865
0.17147113040496031
0.1157988333639162
0.10650393001355969
0.09278191513755202
0.1642180414804735
0.04899431383608718
0.0
0.1267206903371596
0.0
0.4307632235022168
0.08591595949449535
0.0
0.0
0.0
0.03190838494495681
0.0
0.09025054053142739
0.2798071641006249
0.08135073887807145
0.18767044247679848
0.0
0.0
0.0
0.0
0.2815056637151977
0.0
0.5308121644050869
0.0
0.0
0.515292754164737
0.09585287364857095
0.0
0.0
0.0
0.30311338613123984
0.0
0.08573340822091181
0.0
0.0
0.15568306008387714
0.0
0.08404029196825762
0.23430984119628356
0.0
0.047540365020415656
0.026575873569265947
0.24535416665039422
0.12245313827036804
0.08404029196825762
0.054474405444498
0.16216851258330017
0.07975336052735779
0.058983827186022464
0.25965908970982654
0.05330591468276724
0.02136661953269747
0.06621393301594528
0.11340751320582675
0.13066612271813527
0.02659253445372749
0.0
0.0752150449698281
0.0
0.0
0.18614774612933807
0.0958807485852144
0.3384677172239634
0.08409298488854405
0.1935965756156224
0.08393248086766822
0.0
0.0
0.0
0.0
0.7973585760596696
0.0
0.11869845151231923
0.0
0.0
0.6743689984841498
0.0
0.19074034761874997
0.0
0.0
0.13487379467238944
0.0
0.0
0.0
0.0
0.5311047677059507
0.0
0.0
0.0
0.0
0.318662848752454
0.0
0.1502191059226005
0.0
0.0
0.0
0.0
0.3612963154983845
0.0
0.0
0.6386877173089208
0.0
0.0
0.0
0.0
0.06963400604169863
0.0
0.0
0.0
0.0
0.557072048333589
0.0778531902264937
0.29543205114726884
0.0
0.0
0.28899793914072935
0.13731969874790698
0.0961658323005774
0.16127500022817348
0.0
0.16999878847489355
0.0
0.0
0.14623849113807064
0.0
0.3171591027051214
0.1423062007963407
0.30983063886470746
0.0
0.0
0.030160790882096725
0.0
0.06398069579097507
0.0
0.13655880086181407
0.08288698548446391
0.0
0.117219897777618
0.0
0.0
0.49732191290678346
0.0
0.117219897777618
0.18534094518009953
0.0
0.1523317371634669
0.0
0.2154296063998551
0.0
0.0
0.07616586858173345
0.0
0.2154296063998551
0.3406241399875185
0.0
0.11604680194898298
0.0
0.0828905737029634
0.13391282034475382
0.26990499287652486
0.23312570842523214
0.0
0.16411495817291935
0.0
0.0
0.44894186851846424
0.3218193338090698
0.05714835331350993
0.0
0.0
0.0
0.0
0.0
0.0
0.17208960248413802
0.11301398920419416
0.050541393356198325
0.02260279605464511
0.19444700165853276
0.0
0.2596565523793379
0.0
0.18082236843716087
0.0
0.17891190326220835
0.1421251769254563
0.16979296777036948
0.11616281408031855
0.16943250834461976
0.0
0.08819738464608246
0.0
0.11645381574027
0.19783218258630236
0.0
0.03155440321793312
0.0424814172422318
0.0
0.045998051931385155
0.13223704291967492
0.13015919421138594
0.14141535219461543
0.08406767294233045
0.24810682487356966
0.14397806831662838
0.09580058984265288
0.50292753599577
0.3306322313365405
0.0
0.054312801557808064
0.0
0.0
0.0
0.0
0.016326170265791275
0.2937526720018126
0.0
0.113298813563217
0.0
0.13940308672719778
0.04005718186740793
0.1791411691236321
0.0
0.07190484508947853
0.1624388935286905
0.05238047468038022
0.0
0.0740771769137164
0.0
0.0
0.3142828480822813
0.18886049136620556
0.3703859138384538
0.0
0.0
0.20172803351622656
0.0
0.14264325894735436
0.0
0.0
0.6556160995340425
0.0
0.0
0.0
0.0
0.23762937245118387
0.06641943279037381
0.1680293388936694
0.26567773116149523
0.0
0.1782220293383879
0.0
0.0840146694468347
0.0
0.0
0.0
0.0
0.0
0.0
0.0
0.9999687509758335
0.0
0.0
0.0
0.0
0.08604781490810111
0.0
0.12168998556963556
0.0
0.0
0.7314064507603417
0.0
0.06084499278481778
0.0
0.0
0.14429182181517747
0.08066158541257408
0.0
0.0
0.0
0.46894841418021505
0.0
0.3060891603529683
0.0
0.0
0.023446655540860867
0.052428318798852944
0.0
0.10485663759770589
0.0
0.4220398259391757
0.1790014790198493
0.16579290264068605
0.052428318798852944
0.0
0.21180404257643895
0.0
0.23962890820246405
0.0
0.0
0.3388864554977978
0.0
0.2096752986223137
0.0
0.0
0.03699053037753876
0.1654266908807115
0.18309378559766268
0.3988877598221268
0.0
0.11097159113261627
0.0
0.10462501837294343
0.0
0.0
0.3749941319855441
0.0
0.0
0.0
0.0
0.6249902432586073
0.0
0.0
0.0
0.0
0.13487379467238944
0.0
0.19074034761874997
0.0
0.0
0.6743689984841498
0.0
0.0
0.0
0.0
0.25888839354002613
0.11594916983657391
0.07783460216427354
0.0
0.0
0.1594945099481092
0.2143814637930135
0.1199070525677635
0.053542322510369465
0.0
0.08929683274594809
0.152651904719579
0.0
0.1606133756001727
0.09106525529596225
0.05357809765162914
0.22413189507735398
0.0757708682178017
0.15288730584998234
0.0
0.07597719584349409
0.0
0.14326397287663875
0.0
0.0
0.7091205134084193
0.0
0.07163198643831938
0.0
0.0
0.0
0.0
0.30150981843158176
0.0
0.0
0.4974658604847806
0.0
0.20100655444583895
0.0
0.0
0.4914732803943563
0.0
0.0
0.0
0.0
0.2106314002785589
0.0
0.2978777667100027
0.0
0.0
0.10420730025353855
0.0
0.14737137575947806
0.0
0.0
0.4168292010141542
0.0
0.3315856100164177
0.0
0.0
0.10621953924157947
0.0
0.15021711139702887
0.0
0.0
0.7435367944759878
0.0
0.0
0.0
0.0
0.799960001999006
0.0
0.0
0.0
0.0
0.1999900004997515
0.0
0.0
0.0
0.0
0.21412802713975343
0.4256042877724197
0.3364697355489831
0.0
0.0
0.023792001538326252
0.0
0.0
0.0
0.0
0.044524853922026916
0.1148046143046642
0.0
0.1097237205401945
0.0
0.45750026367600993
0.15482003951729353
0.11862372523637857
0.0
0.0
0.13045296894327352
0.0
0.05135619447276329
0.1757984703797657
0.1944835323391334
0.1467214322615236
0.0
0.07107099111662503
0.0
0.23011414084225537
0.0
0.0
0.1710908561848806
0.23830197341055004
0.12337536270973577
0.2927466440447242
0.08723955733757892
0.0
0.08723955733757892
0.0
0.13465242930731142
0.22092883112972833
0.10856472937746531
0.44932918240746006
0.0
0.08652363078688341
0.0
0.0
0.0
0.0
0.06592926151925782
0.49833709218863975
0.30445577853104766
0.13127637687540036
0.0
0.0
0.0
0.0
0.0
0.0
0.14345266366506776
0.30913345825134264
0.19979815771905882
0.11169057643033775
0.0
0.12361880776351349
0.0
0.0
0.039488580969360414
0.07281334024391777
0.13278971739352105
0.17862671811871172
0.23564028399986026
0.0
0.0
0.08536482135306094
0.04241812068940073
0.06073350477990645
0.08948111926376172
0.17494334315683388
0.15036275531915605
0.3831495726524088
0.4021462846175034
0.05065732492969479
0.0
0.0
0.0
0.0
0.0
0.013683232813352245
0.009526834944329212
0.14528601406676728
0.0
0.1666515421584241
0.10652698855277984
0.15662410514651404
0.09808477219766973
0.10135291810506203
0.05130357845435848
0.16464086466530609
0.11865382086621755
0.14505346923076345
0.18382276405496478
0.10623678183332472
0.13143999476113621
0.16482212748472078
0.0
0.06101885021153402
0.0
0.0889494948795769
0.1156015016769281
0.0
0.0
0.2584928316527651
0.0
0.4624060067077124
0.0
0.16348520977456188
0.0
0.0
0.09517021320696209
0.23484396223974674
0.0
0.24680922064925176
0.0
0.047585106603481045
0.10640353950425747
0.26918200965784245
0.0
0.0
0.0
0.10424137246646688
0.22259828767953538
0.20812281961058102
0.0
0.09557900354739507
0.19565619873506104
0.06827071754622002
0.04923071377284201
0.056297473106072124
0.49682789957491297
0.0
0.1171034577198611
0.26185131723002525
0.0
0.12420697489372824
0.0
0.0
0.0
0.0
0.33136740518819613
0.0
0.0
0.0
0.0
0.08284185129704903
0.0
0.5857803882831113
0.0
0.0
0.9090805817086246
0.0
0.0
0.0
0.0
0.09090805478427344
0.0
0.0
0.0
0.0
0.2928824971830637
0.0
0.0
0.0
0.0
0.2928824971830637
0.0
0.4141983953209064
0.0
0.0
0.0
0.0
0.0
0.35856300023712373
0.0
0.6414169554825694
0.0
0.0
0.0
0.0
0.4111937056336446
0.08284129622758983
0.052393432363946446
0.0
0.0
0.29638201364552796
0.0
0.1571802901911577
0.0
0.0
0.06328906529546857
0.2014974981999664
0.0
0.08866459461574462
0.10320323976785865
0.23519814581152904
0.10783148518298757
0.07249612627892442
0.05826892269753766
0.06954921718448837
0.4713481007910322
0.1446530569385867
0.035083519113602184
0.0
0.0
0.2232701646799085
0.0
0.07016703822720437
0.05547191830089353
0.0
0.14997958253097685
0.08384114050455557
0.053025789363235376
0.0
0.0
0.5249285528263563
0.13518977168752272
0.053025789363235376
0.0
0.0
0.25168040237320083
0.1406936305697235
0.17796491732918748
0.0
0.0
0.25168040237320083
0.0
0.17796491732918748
0.0
0.0
0.26832587929192897
0.0
0.07624992309077913
0.11427066485221482
0.0
0.5135377191622477
0.0
0.027613372902345362
0.0
0.0
0.08284937088712878
0.18525683637843524
0.0
0.1493588306577997
0.0
0.24854811266138635
0.0
0.0
0.0
0.33397649324365764
0.0
0.0
0.0
0.0
0.0
0.9999642869899024
0.0
0.0
0.0
0.0
0.0
0.19134753034641808
0.18566138391170398
0.11354739963571989
0.08706723910073161
0.18029932939520757
0.03596079942772461
0.07098548367896022
0.0
0.13512916506536532
0.11705067920599035
0.0
0.0
0.0
0.14202363641565902
0.09754223630539004
0.3674874553775123
0.27589111558370566
0.0
0.0
0.6999825060252196
0.0
0.0
0.0
0.0
0.2999924945996716
0.0
0.0
0.0
0.0
0.2031570946810399
0.0
0.0
0.0
0.0
0.058044882650053954
0.0
0.7387907670584126
0.0
0.0
0.06711592444392363
0.08066330406715673
0.316387490321683
0.1500757743205145
0.0
0.2908356684232306
0.0
0.09491624542966284
0.0
0.0
0.25552797119576603
0.038245252943226886
0.1458559128257759
0.1788236819742033
0.159085186037868
0.03628262956531708
0.04360629470921563
0.07744073113565275
0.06512931606044303
0.0
0.06664355951544902
0.08459037630625123
0.0
0.2448667820879418
0.03927009673482815
0.04579640527851105
0.0
0.031416074905196406
0.3213377974859928
0.1660775192783087
0.26772149813858204
0.26865485894260577
0.21281469484593082
0.11415622773700093
0.0350795428832419
0.0
0.05546562713692345
0.0
0.046106892984975306
0.0
0.12753059076103038
0.08723467127299418
0.05423934467626522
0.1368483346546685
0.17280257728817244
0.025412286556376094
0.13692525567945593
0.1801662822772705
0.018941201211172442
0.05989733793200066
0.1661160575679047
0.37879030987739803
0.024583028975414135
0.0894835800381265
0.0
0.0
0.09752917292468322
0.08013087278576454
0.1633648049773261
0.0
0.019473420852783172
0.27174489183119926
0.2898044381327351
0.4052050272132326
0.0
0.0
0.0
0.013769787792388924
0.0
0.0
0.3546773245801755
0.16808502391720537
0.19384733829828524
0.0
0.0
0.05937152049361285
0.05608928418100506
0.0
0.0
0.16792802424172587
0.3658293260365456
0.16305442382820357
0.12102701229127912
0.0
0.0882128356464731
0.021394755500568942
0.0
0.0
0.24047629800793494
0.0
0.08001926167037507
0.10181669736871117
0.10416174106692534
0.08946425721790562
0.06800329623485185
0.14670198221314584
0.10164090081905373
0.17084445664144635
0.029821419900676834
0.10752265273093072
0.0
0.0
0.5409606082449163
0.0
0.0
0.4590202659102433
0.0
0.0
0.0
0.0
0.09760488897795999
0.0
0.0
0.0
0.0
0.06506992598530667
0.46922596786150517
0.36809108343429814
0.0
0.0
0.0
0.06169763523041265
0.07804201589456737
0.06169763523041265
0.0
0.3311042354380779
0.14895125458598374
0.19510505515466123
0.1233952704608253
0.0
0.18469689968518235
0.0
0.13060042885139114
0.0
0.0
0.5540906990555471
0.0
0.13060042885139114
0.0
0.0
0.39810719305662084
0.0
0.09383476429155149
0.0
0.0
0.1327023976855403
0.0
0.37533905716620597
0.0
0.0
0.0
0.0
0.0
0.0
0.0
0.8092291453879504
0.0
0.1907371367302381
0.0
0.0
0.36389006554076
0.21312236592694372
0.06354081436129624
0.0
0.0
0.13479042357537538
0.0
0.2246507143278501
0.0
0.0
0.5024092328220402
0.0
0.050750994607410456
0.0
0.0
0.07177274563618917
0.08024437393054626
0.0
0.12939016007647586
0.16542800713063555
0.25615523589286576
0.0
0.20998532162250183
0.10611063385457441
0.0
0.29556375630839893
0.0
0.0
0.13218012625924963
0.0
0.0
0.22110955402336116
0.061568840951074066
0.042309141498914876
0.09460611451753169
0.1771305462294353
0.03907453071832521
0.26339647100396407
0.10080298706788156
0.0
0.28150566863540233
0.0
0.1327030434206784
0.0
0.0
0.18767044575693487
0.0
0.3981091127838625
0.0
0.0
0.0
0.0
0.0
0.0
0.0
0.0
0.0
0.0
0.0
0.0
0.13487152084311244
0.0
0.1907371319385819
0.0
0.0
0.6743576293373412
0.0
0.0
0.0
0.0
0.13487152084311244
0.0
0.0
0.0
0.0
0.6743576293373412
0.0
0.1907371319385819
0.0
0.0
0.0
0.0
0.0
0.0
0.0
0.0
0.0
0.0
0.0
0.0
0.0
0.0
0.0
0.0
0.0
0.0
0.0
0.0
0.0
0.0
0.27750939728741614
0.0
0.1737823421232434
0.0
0.0
0.29544984522302825
0.16091138463231214
0.09234294971349469
0.0
0.0
0.24282738196290862
0.06980796895762968
0.062438139535177434
0.0
0.0
0.11037608495322912
0.1287195238892057
0.20378848826166573
0.0
0.18203689363601822
0.12357872727434424
0.0
0.0
0.0
0.0
0.04943148906827119
0.4774501695496112
0.34953343517150165
0.0
0.0
0.3735051696367632
0.09842726298713375
0.1320540119361364
0.3648803432790283
0.0
0.031125430803063604
0.0
0.0
0.0
0.0
0.303350876555224
0.07993998191006492
0.14300097308287804
0.0
0.0
0.27807164155091413
0.07993998191006492
0.03575024327071951
0.07993998191006492
0.0
0.1480544074554985
0.10545721241897839
0.07900090000760011
0.04448481409595938
0.0
0.2097437507896103
0.19958222062738776
0.09636182921009205
0.0664414515488171
0.05087032937916547
0.35824913332759273
0.270186484217013
0.03163441161299149
0.0
0.010831789121426258
0.0
0.09070055377810467
0.0
0.16504035970200562
0.07335661146715702
0.0
0.0
0.07498501266804421
0.07779404760660183
0.32892072620538426
0.08758962859401291
0.0
0.1093178771503237
0.11979763995931246
0.2015943935604846
0.15181906162759684
0.12045349291753697
0.0
0.025257583256503784
0.09427215712071568
0.018760861057006636
0.03781372458812474
0.46851111877840246
0.0
0.08311082810027065
0.0
0.03695343148160612
0.015289060557300055
0.22643617758976786
0.19793856844112492
0.28003365324817625
0.2148912604754707
0.0
0.017432210034202398
0.011025097622456707
0.4377490912279958
0.4978897680853403
0.03856437643926406
0.0
0.0
0.0
0.0
0.0
0.0
0.02579596434848901
0.0482556557990575
0.1632930112857186
0.188882946162864
0.44518416256595433
0.0
0.02412782789952875
0.053951466589162285
0.0
0.07629889774060476
0.0
0.17869598423343064
0.04439737415120307
0.2112320786149896
0.0
0.0
0.059565324379508046
0.06278737028799294
0.05615872579630587
0.04439737415120307
0.34276080460822417
0.2623985249179118
0.0
0.13287218217554794
0.03942802820663956
0.051407854175547676
0.1371506005451772
0.3253318387445079
0.0
0.0
0.051407854175547676
0.30908067868959815
0.139628426251941
0.3746623304827241
0.0
0.0
0.1766175259801163
0.0
0.0
0.0
0.0
0.08193677024093486
0.2591068404433795
0.0
0.0
0.0
0.2458103107228046
0.23932170836645905
0.173814128129913
0.0
0.0
0.0715031025712794
0.0
0.10112065633945543
0.0
0.0
0.3217639815484938
0.0
0.5056033216527501
0.0
0.0
0.0
0.0
0.0
0.2714912285349331
0.0
0.0
0.0
0.7284873082002664
0.0
0.0
0.0
0.0
0.16807185831074026
0.0
0.0
0.8319132860949285
0.0
0.0
0.0
0.0
0.09648704136018174
0.0
0.1364532810428394
0.0
0.0
0.28946112408054525
0.0
0.47758649263599406
0.0
0.0
0.33624625219611115
0.0
0.3782563913641027
0.0
0.0
0.1582335252440597
0.07131488763358197
0.055943998764370007
0.0
0.0
0.264303944747562
0.2367079160523289
0.09344555482518281
0.0
0.0
0.19822795856067152
0.0
0.0
0.20731049606502572
0.0
0.06039018932015917
0.054434982206143734
0.0
0.054434982206143734
0.0
0.37743869168740696
0.12987402107311133
0.0
0.0
0.32342335912011816
0.5925871015867904
0.0
0.0
0.0
0.0
0.4074036392395403
0.0
0.0
0.0
0.0
0.9999843752437877
0.0
0.0
0.0
0.0
0.0
0.0
0.0
0.0
0.0
0.9999166736086702
0.0
0.0
0.0
0.0
0.0
0.0
0.0
0.0
0.0
0.28253347141356067
0.1028921737476786
0.17790800522062775
0.1498390039570958
0.0
0.09785277952228888
0.056259451882763704
0.07852730628211485
0.01651834387582278
0.03766761729112813
0.3040368664494683
0.02042803102357133
0.0
0.06957536645743007
0.0753348505780302
0.03654277060649716
0.04919721265523761
0.3382890931773186
0.10659352512923287
0.0
0.6666388900456273
0.0
0.0
0.0
0.0
0.33331944502281363
0.0
0.0
0.0
0.0
0.25547100433004
0.0
0.36129055529864496
0.0
0.0
0.38320650649506
0.0
0.0
0.0
0.0
0.0
0.0
0.0767305650357148
0.0
0.0
0.5018745244538022
0.3830262369485851
0.0383652825178574
0.0
0.0
0.21047421863751428
0.0
0.3401776953841942
0.26893410072454904
0.0
0.18040646831739454
0.0
0.0
0.0
0.0
0.0
0.0
0.5812322268194426
0.4187642387968673
0.0
0.0
0.0
0.0
0.0
0.0
0.05931915975729375
0.0
0.06291746675085565
0.0
0.09020609626185191
0.30197714146817345
0.0663208407957295
0.1999839135832291
0.2192716739352989
0.0
0.41875997145196575
0.2718040363112683
0.0
0.10404175120025924
0.0
0.13958664848397528
0.0
0.06580177644204785
0.0
0.0
0.28265420492050414
0.13706042378359776
0.1086272244030038
0.12669640579707228
0.0484581768020637
0.1175283478540943
0.05256027623140711
0.06648407022012359
0.0
0.05992793177948073
0.7684860040054294
0.035834401990098255
0.06690704411345762
0.0
0.0
0.0
0.0
0.0
0.0
0.12877137356918225
0.1588210523010966
0.11154927364240706
0.0
0.12110109777434597
0.3692814724886418
0.0
0.1217050942203488
0.08459759368774056
0.0
0.03294306193396919
0.12329668165328155
0.032986988310545286
0.09819971318583592
0.0
0.22432387919450802
0.22674364577651115
0.14960636039264916
0.04331403674585743
0.06999451792214122
0.031533093967767795
0.0
0.02565241905701299
0.06686513996014459
0.4023772949735516
0.16654683751513927
0.0
0.13727230759248035
0.12281914174445198
0.07846652709923037
0.0
0.11772496384101973
0.4745652316498948
0.08342889765189014
0.03509880284556809
0.07235803238291752
0.19200350739827413
0.024818602147782958
0.0
0.0
0.0
0.3693303472887663
0.07702277014174481
0.0
0.0
0.0
0.0
0.0
0.159184280148984
0.39445829671692223
0.0
0.05309627915932498
0.0
0.0
0.20267947289670757
0.0
0.39822211841981964
0.3459954924891045
0.0
0.0
0.0
0.16549139612087527
0.08965535926314792
0.0
0.0
0.2017222709282977
0.2920510096188071
0.1790712709684688
0.025691111613945366
0.0
0.046315310691478324
0.0
0.0
0.17977641519772958
0.09218500184677793
0.6135808400229213
0.03622478422251493
0.0
0.051229578351015256
0.02700036162695495
0.0
0.13377046613455204
0.3405207756293348
0.03153000090887935
0.12006267286589227
0.09192495907985127
0.15606554797642597
0.0
0.1261200036355174
0.0
0.0
0.0
0.0
0.23657213412496447
0.3019763147543166
0.18317858347862923
0.0225999297924462
0.1018565050977537
0.039951411761429856
0.11386370849481646
0.0
0.1110714140614084
0.10011842181832149
0.4712360748043073
0.10011842181832149
0.0
0.0555357070307042
0.16191301850340306
0.0
0.0
0.0
0.13612787322560022
0.0
0.21001513176703085
0.039134014753955476
0.25027745623256753
0.07425156595665172
0.02767192648936789
0.2625189377595089
0.0
0.0
0.0
0.0
0.18948207643506354
0.3166625680723026
0.14920100644474352
0.3446515577130684
0.0
0.0
0.0
0.0
0.6020118376858716
0.0
0.0
0.0
0.0
0.06689020003422876
0.0
0.33108960100470836
0.0
0.0
0.49993750781012697
0.0
0.0
0.0
0.0
0.49993750781012697
0.0
0.0
0.0
0.0
0.9999687509758335
0.0
0.0
0.0
0.0
0.0
0.0
0.0
0.0
0.0
0.42270601401015007
0.0
0.11955930986457894
0.0
0.0
0.3381647986104993
0.0
0.11955930986457894
0.0
0.0
0.9999861113045616
0.0
0.0
0.0
0.0
0.0
0.0
0.0
0.0
0.0
0.9997500624787937
0.0
0.0
0.0
0.0
0.0
0.0
0.0
0.0
0.0
0.04904767137400749
0.11007596714646067
0.16089356876815397
0.043869571945749176
0.0
0.07944761577147409
0.09254295889418424
0.38503320246170075
0.07908699125473755
0.0
0.26724329775080025
0.0
0.020740668576581075
0.3499086614074189
0.0
0.05866347020730482
0.03279387877426317
0.0
0.2706463568166618
0.0
0.0
0.0
0.0
0.0
0.0
0.0
0.0
0.0
0.0
0.0
0.26118682125007414
0.0
0.0
0.0
0.0
0.0
0.0
0.7387478820431538
0.0
0.0
0.0
0.0
0.0
0.0
0.0351879867457641
0.5144132954029492
0.350428841728128
0.06477108482966745
0.0
0.03519783712522406
0.15871652077956702
0.28119619999461
0.0665188244510145
0.24016202502839967
0.0
0.12542910508784733
0.0
0.07839319360027856
0.04958021139866132
0.0
0.06041989689833127
0.08823751427251886
0.042723318363919245
0.1488942758565724
0.0770205584534451
0.07552487393643485
0.264861490606578
0.16097151629131487
0.08134277907724484
0.0
0.12543770343269733
0.07425523594020142
0.05913190151385471
0.0
0.3167504237516288
0.34159649514207946
0.041892586680042136
0.029337636930781126
0.011596720056046233
0.0
0.05779045376428588
0.21653931654506245
0.0
0.06518598398796496
0.0
0.04911244199012892
0.2954861087670919
0.13718144245916428
0.12958940256054544
0.04911244199012892
0.42107151135325943
0.2059209552908864
0.08038649401117405
0.06965519180268727
0.0
0.0667788672698783
0.0
0.0
0.13155865819445087
0.024626828856779102
0.46451383862410706
0.21575453395142316
0.06954644030575076
0.0
0.07174672624282406
0.0
0.009552938181298539
0.0037469705102571543
0.0
0.16513788980725327
0.27145094392458075
0.0296844179357204
0.0
0.18306321710962736
0.05607696911207833
0.1497181497801219
0.0
0.054435335454939865
0.11619188366202972
0.13937770832106675
0.07430515744440497
0.03299578505272467
0.06802255033739156
0.08248945850898733
0.352364603765237
0.23682916893994382
0.07596199961264892
0.0
0.0
0.07702943181827321
0.3024617267100743
0.29563723062077
0.06202942270335764
0.19723300507607228
0.059894350517300195
0.0
0.08274305382960812
0.0
0.0
0.0
0.12535775074505473
0.08121721897869563
0.0
0.031145383520824754
0.07102239762455605
0.19500093868498894
0.0
0.24677135323683455
0.24948147504944077
0.0
0.41877221856246877
0.0
0.0
0.11705040053918239
0.0
0.10469305464061719
0.09436904620808052
0.1480583361944074
0.11705040053918239
0.0
0.1287456206536484
0.0
0.07282951764706838
0.47458479622059313
0.0
0.20599298537200056
0.08142588400221853
0.03641475882353419
0.0
0.0
0.08536984602664602
0.0
0.20121867055595163
0.10835956922328951
0.0
0.14228308201153447
0.3315867581345895
0.1311785169709916
0.0
0.0
0.2744167396176267
0.21379818401296508
0.024951048621496035
0.0
0.072744181966848
0.062377626483153065
0.04750538379242509
0.08732867181837378
0.055792246232717745
0.16108371207236222
0.3261520092184366
0.0
0.10644197914990704
0.0793371781822552
0.0
0.07526584935958978
0.1586743563645104
0.14192264509736816
0.11219971047367924
0.0
0.06743448339646543
0.0
0.031442975066033954
0.033143809679371285
0.12793681672146112
0.41017731816425756
0.24969856084647213
0.0
0.08016418333072209
0.0
0.22164824079055948
0.10770168608977773
0.026121495407470767
0.0
0.0
0.2604185831518788
0.13319401908691092
0.15672896556395743
0.0
0.09418239223765847
0.13114161614074007
0.1233030254219845
0.04322807227333124
0.11021039556980598
0.0
0.16854099640110057
0.09233520714969336
0.1621052781418948
0.09233520714969336
0.07679829132275319
0.057469024620991
0.045433257099108074
0.020318368294123354
0.3095911015024372
0.0
0.3599771371787136
0.20720751949050764
0.0
0.0
0.0
0.22653878208191103
0.0
0.2135828097587572
0.0
0.0
0.45307756416382206
0.0
0.1067914048793786
0.0
0.0
0.06786639690282795
0.07587694301112913
0.0
0.10730620466281801
0.0
0.508998008373964
0.0
0.2399439637494583
0.0
0.0
0.10460281505014309
0.39929056712727135
0.44379213494534053
0.0
0.0
0.05230140752507154
0.0
0.0
0.0
0.0
0.0
0.08717433656492836
0.05513388750145297
0.0
0.0
0.8576820295468665
0.0
0.0
0.0
0.0
0.10622094958415133
0.0
0.1502191059226005
0.0
0.0
0.7435466668742534
0.0
0.0
0.0
0.0
0.3021988372992259
0.16893429592714515
0.0
0.0
0.0
0.5288479793458757
0.0
0.0
0.0
0.0
0.6087332690465168
0.05445574487867028
0.0
0.05445574487867028
0.0
0.050560889531087484
0.036459975375534484
0.057203113824927786
0.08656654378525315
0.051562190634900786
0.40541341774792455
0.0
0.06745189751087795
0.0
0.0
0.04769569463787072
0.15082704265778876
0.16862975710321831
0.1599762283803567
0.0
0.040651845894852455
0.04545014815914579
0.05749039119246604
0.04545014815914579
0.0
0.45005936225772963
0.3034026316633438
0.05749039119246604
0.0
0.0
0.19267168853000732
0.0
0.0
0.046867802900283605
0.1222162652617946
0.5223805609761104
0.0
0.11585997710688872
0.0
0.0
0.07581378157625229
0.07830805646887906
0.0
0.0
0.0
0.29715815545086544
0.03915402823443953
0.25429522840227314
0.2552676544697687
0.0
0.0
0.0
0.0
0.18785793111913796
0.07381176131474626
0.4034645108666507
0.22898613455118522
0.10587898288614868
0.0
0.0
0.0
0.0
0.2059881764780435
0.43954292105654924
0.14657873232808888
0.09642187654671962
0.030044175339803175
0.0
0.08142382065241198
0.0
0.22015234994167693
0.06220811682492197
0.0
0.04317834767699965
0.22278909301230243
0.10285433251181068
0.04023052979247208
0.08168731793938892
0.021737215991827385
0.20516233075775978
0.007029220444598698
0.2359084912159658
0.01757305176614393
0.20547961031208137
0.08114107778743374
0.0
0.1529959800492061
0.17241515127317666
0.0
0.12745653849881852
0.0
0.005550826523130084
0.0035106506929180317
0.06595913874472417
0.05962941302868116
0.0
0.13012866660340827
0.45377314441284333
0.2814475393930467
0.0
0.25738563032442485
0.33526436384258873
0.0
0.0
0.0
0.024896280212983787
0.08963353221330389
0.13480384081554148
0.12246954178550973
0.035545590165058705
0.042082866160519504
0.1573354494445959
0.019838053146272253
0.1133107431868904
0.0
0.12763760691487058
0.0
0.12949671117140585
0.41029506306985375
0.0
0.14564134656678993
0.056637210039561715
0.0
0.03410011546512407
0.0
0.08294603324643775
0.11646786863298915
0.3228312560273651
0.1651244106812324
0.07625017628241378
0.15002372283421878
0.2665263056183086
0.18673959922297326
0.03918252364426439
0.16186203687501968
0.08805176250526478
0.0
0.0684293352861095
0.03918252364426439
0.0
0.026251415226491524
0.2634202117552928
0.09900028547324984
0.23300792786764582
0.0
0.0
0.25463175187763964
0.06834337279256565
0.05534284738913035
0.0
0.24402930044209006
0.0
0.11503651421821455
0.14664336240576042
0.0
0.12201465022104503
0.25722949060692973
0.11503651421821455
0.0
0.0
0.17156919929747427
0.0
0.3639532129732324
0.0
0.0
0.34313839859494855
0.0
0.1213177429839532
0.0
0.0
0.18463792555618871
0.06487515570556665
0.08703914267149207
0.11962386643460618
0.0
0.18716348389768037
0.11984271860632728
0.14506525561844574
0.09174732267863134
0.0
0.16317996686886288
0.0
0.0
0.17609728518592063
0.05861967111278947
0.3140614130105221
0.04145036777874181
0.22088199414975726
0.025706427827511022
0.0
0.14689146925088897
0.09993521112611561
0.11134500439630211
0.0
0.4972221884195531
0.07873281194849198
0.0
0.018557501547446426
0.04731253277729722
0.0
0.04779888234620552
0.0
0.23659238102591212
0.0
0.0
0.4062905132976007
0.0
0.13519565393186622
0.07557667543541215
0.09853991910257645
0.14731817262935654
0.0
0.0
0.0
0.0
0.5401666421210235
0.0
0.3125090469922899
0.0
0.0
0.09539698930333128
0.11465291462527986
0.3147939830964177
0.1005572647197499
0.1311106194281948
0.06359799286888752
0.0
0.17988228620885258
0.0
0.0
0.9999583350684408
0.0
0.0
0.0
0.0
0.0
0.0
0.0
0.0
0.0
0.23327761296345703
0.4917923739071375
0.16495217304043264
0.0
0.0
0.0
0.0
0.10996812018821536
0.0
0.0
0.09929309969687164
0.0
0.7021082892716456
0.0
0.0
0.19858619939374328
0.0
0.0
0.0
0.0
0.36129802472654315
0.0
0.255476280613673
0.0
0.0
0.0
0.0
0.3832144040962588
0.0
0.0
0.19858619939374328
0.0
0.0
0.0
0.0
0.09929309969687164
0.0
0.7021082892716456
0.0
0.0
0.0
0.0
0.0
0.0
0.0
0.7387790706027955
0.0
0.2611978425507322
0.0
0.0
0.0
0.0
0.0
0.0
0.0
0.9999687509758335
0.0
0.0
0.0
0.0
0.3565342638746
0.0
0.0
0.0
0.0
0.4753790184994667
0.0
0.16807186203127322
0.0
0.0
0.0
0.0
0.0
0.0
0.0
0.9999772732436667
0.0
0.0
0.0
0.0
0.14178937470975334
0.0
0.04010408942518909
0.4144190885154627
0.11692250786795907
0.15596830901148923
0.0
0.13079308573583165
0.0
0.0
0.0668453438757416
0.14947074190725534
0.0
0.0
0.0
0.33422673182962387
0.4494488267192079
0.0
0.0
0.0
0.09528493429411015
0.0
0.1584898081870143
0.29599841293910484
0.11653963261827165
0.2673634660275002
0.0
0.01784765441873394
0.0
0.04847552022578663
0.0
0.23162893071092167
0.387569537827163
0.15958487218047154
0.11531172471633497
0.011428723072286009
0.0
0.02439317880947523
0.07008208028973693
0.0
0.03254920549623224
0.030706858265573768
0.00920630513119797
0.0
0.291730886390036
0.12785363727046764
0.21149008736825892
0.2819057587911437
0.014556447556964468
0.0
0.0
0.019420974289119812
0.08379285951114179
0.6196898356746602
0.10786276241129975
0.10367915085528778
0.0
0.03808766596800197
0.0
0.027465404688206616
0.12781463450572172
0.3282222261103461
0.4296085103719533
0.07601269363312235
0.03834061875659084
0.0
0.0
0.0
0.0
0.0
0.06352577824068717
0.26847119594414776
0.2480291688470018
0.0
0.0
0.02832288694475489
0.007199568354180587
0.025958412036756234
0.23780567195018645
0.12068674850646732
0.23154515384193447
0.016566574622537036
0.05186157776589893
0.31484871016109645
0.10529878316371402
0.10028202387832463
0.0
0.04829944635373577
0.0890597802588678
0.042236640251253864
0.09715522937483448
0.2823927496777444
0.13568755663554186
0.10268091256762642
0.0
0.07715817145582397
0.0
0.0
0.14162687214983388
0.16329612642503416
0.04465724536552648
0.02496416058808677
0.0
0.02496416058808677
0.15791942347358298
0.09068888383966546
0.09538791416420864
0.24516240109574142
0.3162530198072037
0.0
0.11407606763816408
0.13474842191130687
0.0
0.0
0.0
0.0355345381288701
0.0974773624087402
0.34579235895690347
0.15300538080248846
0.1193641279294204
0.031612352942373516
0.0
0.0
0.023562458124802604
0.0
0.0
0.0
0.20159246956482535
0.7432300850051944
0.0
0.5857810785875899
0.0
0.20710488429142626
0.0
0.0
0.0
0.0
0.20710488429142626
0.0
0.0
0.999937503904609
0.0
0.0
0.0
0.0
0.0
0.0
0.0
0.0
0.0
0.3952914229138832
0.0
0.0
0.12627121748407416
0.0
0.22588080708313613
0.2525424349681483
0.0
0.0
0.0
0.21425638021767324
0.012861218400697354
0.11100951690404337
0.07080514427965352
0.08579503013458581
0.13621333312955672
0.09828528321823948
0.11011185418071717
0.16066152057089528
0.0
0.14719216674887625
0.20431378783370482
0.037847482321228726
0.059842128163355435
0.0
0.18733548676578812
0.059842128163355435
0.1324661906167258
0.0897631897526079
0.08139409435782233
0.5742353263637158
0.0
0.0
0.0
0.0
0.34454118298306996
0.0
0.08120913477026914
0.0
0.0
0.1930352959377621
0.0
0.20474483899634754
0.10791001745663392
0.0
0.28955294390664316
0.0
0.20474483899634754
0.0
0.0
0.51255845740292
0.0
0.10355244214571313
0.0
0.0
0.07322263482344873
0.0
0.3106573127983605
0.0
0.0
0.12389549802576409
0.0
0.8760735280990372
0.0
0.0
0.0
0.0
0.0
0.0
0.0
0.0
0.0
0.9999705380832172
0.0
0.0
0.0
0.0
0.0
0.0
0.0
0.0
0.0
0.5308121551274606
0.0
0.0
0.4691761154698275
0.0
0.0
0.0
0.0
0.36020936717086344
0.0
0.0
0.0
0.0
0.300174483824757
0.0
0.33960864464239576
0.0
0.0
0.0
0.0
0.22047905264812204
0.0
0.0
0.7795112034619799
0.0
0.0
0.0
0.0
0.0
0.0
0.22047690434544104
0.0
0.0
0.7795036080646478
0.0
0.0
0.0
0.0
0.0
0.0
0.0
0.0
0.0
0.9999687509758335
0.0
0.0
0.0
0.0
0.28426620219008414
0.0
0.30150982242272056
0.0
0.0
0.21319965164256313
0.0
0.20100655710659826
0.0
0.0
0.0
0.0
0.0
0.0
0.0
0.9999687509758335
0.0
0.0
0.0
0.0
0.618432856418359
0.2906390138165009
0.0
0.0
0.0
0.01661581000091678
0.0
0.0
0.07430816581163023
0.0
0.4886232205954868
0.13322684178382746
0.0
0.0
0.0
0.034901657685257555
0.0
0.04935839712619471
0.13299682550762032
0.16088869459430497
0.05739154661527725
0.1214823003442446
0.0
0.17637401851668408
0.18019919122834333
0.2698690366217119
0.10979845311460057
0.08488492069198679
0.0
0.0
0.016428114277180012
0.03427513289399977
0.05666004994050495
0.0
0.0
0.6219932965318306
0.17649038640701328
0.042354785398181945
0.05179723845051352
0.0
0.03439364605452017
0.0
0.0
0.0
0.0
0.3674397004699677
0.4652714598347282
0.09781870073083083
0.0
0.035074773227676034
0.3805600440499099
0.08918605670777911
0.05640621094446226
0.0
0.0
0.0
0.044593028353889556
0.02820310547223113
0.044593028353889556
0.3564560332918653
0.05117559072038204
0.4503389666980902
0.13113744795354962
0.1184424464489522
0.074458051891058
0.025515458038671526
0.061598167583958974
0.04290942218064729
0.04442365112660862
0.0
0.10003505506072852
0.22168563848148673
0.2500444406775368
0.25152344020162476
0.025565935631999468
0.0
0.0
0.0
0.02423883366502671
0.12690617721961392
0.4282805551359452
0.05906516027266015
0.132555678109911
0.1113743445248057
0.0
0.1186391163862527
0.0
0.0
0.036303592640911486
0.1137799964257898
0.05390387592058135
0.12080509676603807
0.0
0.0
0.06540435755752239
0.26670305649286963
0.3468268380163324
0.08282819791010475
0.0
0.06352633134167131
0.23936460143781446
0.029411713393689743
0.12581836550672781
0.20376409688546313
0.0
0.0
0.08240530288350405
0.042184095468293256
0.10624917668628696
0.17080100357352104
0.23726577441968438
0.2846285896525743
0.03686984863293184
0.0
0.07694479515077764
0.03454861648283437
0.0
0.06120947234720037
0.17356640167193366
0.0949650621163445
0.3855346567289101
0.3194274497948392
0.14469152402571378
0.08428848264198724
0.0
0.016344867319463274
0.0
0.0
0.0
0.04971097638062589
0.302051709442548
0.0
0.32037420057275673
0.0
0.0
0.3775646508685641
0.0
0.0
0.0
0.0
0.999937503904609
0.0
0.0
0.0
0.0
0.0
0.0
0.0
0.0
0.0
0.8383222854564922
0.0
0.10777879210256576
0.0
0.0
0.0
0.0
0.05388939605128288
0.0
0.0
0.09762869046665872
0.0
0.0
0.0
0.0
0.4881434705180547
0.0
0.4142034318421244
0.0
0.0
0.0
0.0
0.28777291327773663
0.0
0.0
0.7122016509491235
0.0
0.0
0.0
0.0
0.44814999662931854
0.0
0.12675595458059444
0.0
0.0
0.044814997993443045
0.0
0.38026784704689526
0.0
0.0
0.0
0.0
0.0
0.0
0.0
0.9999843752437877
0.0
0.0
0.0
0.0
0.33201784316057015
0.0
0.31302942119039195
0.0
0.0
0.27668154627433245
0.0
0.07825735529759799
0.0
0.0
0.10360191195190942
0.0
0.2930304548437191
0.0
0.0
0.0
0.16380901999686975
0.43954566296821834
0.0
0.0
0.0
0.0
0.7499834193183026
0.0
0.0
0.0
0.0
0.24999448408160085
0.0
0.0
0.5411560469638403
0.12100617354047531
0.2295930452338705
0.0
0.0
0.10823120536084138
0.0
0.0
0.0
0.0
0.6796035165327018
0.0
0.0
0.0
0.0
0.0
0.0
0.32036816665347634
0.0
0.0
0.9998750156202539
0.0
0.0
0.0
0.0
0.0
0.0
0.0
0.0
0.0
0.49259111108005915
0.11014672349366181
0.13932579933614062
0.0
0.0
0.14777732781888317
0.0
0.0
0.11014672349366181
0.0
0.0
0.0
0.0
0.0
0.0
0.9999687509758335
0.0
0.0
0.0
0.0
0.9999500025006199
0.0
0.0
0.0
0.0
0.0
0.0
0.0
0.0
0.0
0.0
0.0
0.0
0.0
0.0
0.0
0.0
0.0
0.0
0.0
0.09770550846779748
0.1761411141366087
0.0
0.10923808594847538
0.0
0.14655826270169622
0.0
0.20726467150075314
0.2630801440558377
0.0
0.12469615414183402
0.21316663598934774
0.28215517428823417
0.0
0.0
0.3242099840457113
0.05576581672725857
0.0
0.0
0.0
0.09895491062012549
0.10588946567103039
0.10495752677970298
0.0
0.0
0.3216034549074606
0.07823073255677424
0.29036081712388023
0.0
0.0
0.1215447174432867
0.03843581635387857
0.05156705162302137
0.07687163270775714
0.17403456734523493
0.1838133683787466
0.19756682677262322
0.11233941034466473
0.04382357041289593
0.0
0.0
0.0
0.0
0.24732447172245114
0.3375683847927626
0.22661891997635158
0.11242368270493053
0.0
0.0
0.07606141469874396
0.01742222049820496
0.0
0.0
0.03317092151324845
0.0
0.17553000350590653
0.2677956985267202
0.3907926890572683
0.11528737800984613
0.0
0.0
0.11441950049573692
0.1062275574627113
0.3746939922925961
0.21474175771548615
0.0835750606615891
0.0
0.029462223314556876
0.05052729621500733
0.026351812935610616
0.26432206394749247
0.4284929925245112
0.26003531690165577
0.0
0.0
0.028522332656082904
0.0
0.0
0.018626429260005167
0.0
0.3387581987633496
0.10601329673337544
0.09356875537345688
0.07198331338797379
0.1376213289801074
0.03780748622059769
0.0
0.0
0.12710330634012623
0.08714195123307145
0.1398529623436501
0.0
0.0
0.0
0.0
0.11188236570697709
0.0
0.39556392451239614
0.35269375478896364
0.0
0.12448774966449548
0.16160223104799706
0.34410232595027035
0.10559899772591098
0.0
0.04149591397842634
0.0
0.11736816226960509
0.10534116137038585
0.0
0.2974317488717728
0.42144393146880543
0.017394551512753365
0.0
0.03135847408077084
0.0
0.0
0.17427057841510366
0.05809917817507705
0.0
0.5938934409169585
0.0
0.03891494694726404
0.0
0.0
0.06879256047950746
0.0
0.07782989389452807
0.0
0.22056571813376913
0.6236028813293626
0.0
0.0
0.0
0.0
0.15590072033234065
0.0
0.22047691074781975
0.0
0.0
0.0
0.0
0.16806936154048568
0.0
0.0
0.8319009277122225
0.0
0.0
0.0
0.0
0.7065756706635835
0.2934107413422516
0.0
0.0
0.0
0.0
0.0
0.0
0.0
0.0
0.0
0.0
0.0
0.0
0.0
0.9999166736086702
0.0
0.0
0.0
0.0
0.31179536452430473
0.0
0.22047261426780146
0.0
0.0
0.46769304678645707
0.0
0.0
0.0
0.0
0.9999843752437877
0.0
0.0
0.0
0.0
0.0
0.0
0.0
0.0
0.0
0.14388753927327813
0.0
0.7122069355106326
0.0
0.0
0.14388753927327813
0.0
0.0
0.0
0.0
0.2611996128559714
0.0
0.7387840621678603
0.0
0.0
0.0
0.0
0.0
0.0
0.0
0.0
0.0
0.9999116194612521
0.0
0.0
0.0
0.0
0.0
0.0
0.0
0.0
0.0
0.32315790788717064
0.0
0.0
0.0
0.0
0.38778944179430114
0.289041224961652
0.0
0.18469689968518235
0.0
0.0
0.0
0.0
0.5540906990555471
0.0
0.2612008577027823
0.0
0.0
0.1793128051922991
0.10023891146175493
0.19018994039783138
0.0
0.0
0.4034538367323831
0.0
0.1267932991651565
0.0
0.0
0.0
0.0
0.8092371271627607
0.0
0.0
0.1907390304578991
0.0
0.0
0.0
0.0
0.49998437548791674
0.0
0.0
0.0
0.0
0.49998437548791674
0.0
0.0
0.0
0.0
0.0
0.15524273331379454
0.20827995349924586
0.0
0.0
0.34968790643169473
0.0
0.0
0.2867771337403634
0.0
0.44044018145976127
0.0
0.06920849253098818
0.17644773263081207
0.0
0.24468898362295083
0.0
0.06920849253098818
0.0
0.0
0.6666388900456273
0.0
0.0
0.0
0.0
0.33331944502281363
0.0
0.0
0.0
0.0
0.0
0.0
0.9999873732515016
0.0
0.0
0.0
0.0
0.0
0.0
0.0
0.0
0.0
0.0
0.0
0.0
0.0
0.0
0.0
0.0
0.0
0.12911390871943754
0.0
0.21911354886458043
0.29024714615411135
0.0
0.36151894056653083
0.0
0.0
0.0
0.0
0.5595976866977777
0.0
0.14388920295214233
0.0
0.0
0.1526175483332817
0.0
0.14388920295214233
0.0
0.0
0.3693937993703647
0.0
0.13060042885139114
0.0
0.0
0.3693937993703647
0.0
0.13060042885139114
0.0
0.0
0.09851882606857033
0.0
0.06966332925145005
0.2202948054493449
0.0
0.5418535525524177
0.0
0.06966332925145005
0.0
0.0
0.0937197689021422
0.0
0.016567470855406847
0.12617410568914667
0.0
0.05857485774592234
0.37875787734116045
0.22542699235023794
0.10077599837313989
0.0
0.2466300123700985
0.1390138585152969
0.0
0.0
0.0196014848507585
0.071844086639403
0.25723017465376447
0.06354459575015763
0.09709423543796945
0.1050408786647921
0.06645452798396038
0.07048567732324869
0.03258201413540513
0.0
0.0
0.06803324090189651
0.11747611592515216
0.2723348774387711
0.3329941852197779
0.03963773197110564
0.03145090967821703
0.18344262939630723
0.059304403394502596
0.21230658057832497
0.0
0.26312902210090583
0.05645611305910161
0.0
0.11758569368324084
0.07632202720020148
0.0
0.04870762194155227
0.13644354085166696
0.19405526730426523
0.09369097929739005
0.12439950771966679
0.33169821256409276
0.07100294498367984
0.0
0.0
0.6254497892399984
0.2322316560979742
0.058331948863081524
0.0
0.03336467548958508
0.0
0.0
0.0
0.0
0.05062078456169003
0.035999284949820645
0.0
0.076835967521486
0.0
0.0
0.02399952329988043
0.1235774585531151
0.06788090196502193
0.3393535399244007
0.3323503238457956
0.21617943633087064
0.12084798603749056
0.2292929055842512
0.12084798603749056
0.0
0.18915701182283165
0.08545243263771389
0.03821548594181515
0.0
0.0
0.2697475961214326
0.0
0.19074035241056775
0.0
0.0
0.5394951922428652
0.0
0.0
0.0
0.0
0.4088861729720808
0.0
0.13605937556845502
0.0
0.0
0.09620850812515462
0.0
0.27211875113691003
0.08672117916550727
0.0
0.0
0.0
0.04871271951125572
0.13402095001606576
0.05854540594284619
0.38116984190896164
0.2114063789850185
0.07351874612199864
0.09262308708910834
0.0
0.08802197261961224
0.09841156308545951
0.0
0.0
0.0
0.4401098794934316
0.0
0.3734455820546733
0.0
0.0
0.05163873318103861
0.0
0.292112784146631
0.2309354492683433
0.0
0.30983239908623167
0.11546772463417165
0.0
0.0
0.0
0.2224506891412674
0.07034508792714077
0.06291855329976755
0.0
0.0
0.044490136170866716
0.33082858524351455
0.18875565161236882
0.0802057353379285
0.0
0.5248391392836109
0.0
0.09277932762443343
0.0
0.0
0.1968146772313541
0.0
0.18555865524886686
0.0
0.0
0.5857435501114399
0.0
0.0
0.0
0.0
0.0
0.0
0.4141832319431596
0.0
0.0
0.0
0.0
0.35042941589472104
0.0
0.0
0.12389550946247697
0.0
0.525644100764744
0.0
0.0
0.21638544970236911
0.0
0.3060152344354457
0.0
0.0
0.3245781745535537
0.0
0.15300761721772285
0.0
0.0
0.0
0.11538940341270155
0.5108506006168175
0.0
0.0
0.1548111206042854
0.0
0.21893597443919025
0.0
0.0
0.13487152084311244
0.0
0.0
0.0
0.0
0.6743576293373412
0.0
0.1907371319385819
0.0
0.0
0.6721502310670994
0.0
0.0
0.0
0.0
0.19204291805191673
0.0
0.13579484819833743
0.0
0.0
0.4021657692481397
0.0
0.12108944325478828
0.0
0.0
0.04640374327042927
0.05577035978107272
0.1749994730251301
0.09019266515767041
0.10937467928407724
0.5985580487021418
0.04046500408514382
0.015871679909045446
0.050190662365517995
0.0
0.1932834507959115
0.0
0.0
0.0
0.10162834839902396
0.45307756416382206
0.0
0.1067914048793786
0.0
0.0
0.22653878208191103
0.0
0.2135828097587572
0.0
0.0
0.0
0.0
0.0
0.0
0.0
0.0
0.0
0.0
0.0
0.0
0.0
0.0
0.0
0.0
0.0
0.0
0.0
0.0
0.0
0.0
0.04270864484805599
0.0
0.060399144136422736
0.0
0.0
0.8968815338540707
0.0
0.0
0.0
0.0
0.05745066245127348
0.06423179717362083
0.0
0.0
0.0
0.3159786488325142
0.1678024593964481
0.16249501029463745
0.23203424051853894
0.0
0.0
0.0
0.0
0.06197882186149063
0.0
0.7760975833544876
0.09993784347985206
0.0
0.06197882186149063
0.0
0.0762381183554831
0.0
0.053908489904381456
0.0
0.0
0.5336668426888381
0.12054305966876402
0.21563395961752582
0.0
0.0
0.25672011711774223
0.0
0.0
0.0
0.0
0.12836005855887112
0.09567394461917986
0.4235665867491341
0.09567394461917986
0.0
0.2605879143753683
0.35883744318066657
0.0
0.13201097757519406
0.0
0.0845032146476778
0.11718487372999206
0.0
0.046873951429221544
0.0
0.0
0.0
0.05946203620637852
0.0
0.04510197927132171
0.03279376849359976
0.25225751056044454
0.4688354796146993
0.09625639557630612
0.045292267205928105
0.12543759470401672
0.0
0.07304522370929524
0.0
0.0
0.19720077408455972
0.19817863366974436
0.14107330954712266
0.2650626196147704
0.0
0.31479502560388534
0.25689620061711116
0.20823519823524034
0.17370659612199313
0.0
0.04636311582869789
0.0
0.0
0.0
0.0
0.5088437942671128
0.030549456112115306
0.2067776618662703
0.0
0.0
0.019915806805290013
0.0
0.06831065932267558
0.056625046777349586
0.10897636727598126
0.3002216229622194
0.34215025726154247
0.05661032800837727
0.0
0.0
0.10007387183537833
0.0
0.05661032800837727
0.14432858823058806
0.0
0.4166895234499173
0.0
0.0654764369496095
0.0
0.0
0.02314941653213487
0.0
0.130952873899219
0.36372596181485695
0.0
0.2859015506587493
0.11301252058633457
0.20216292308617442
0.11301252058633457
0.0
0.2859015506587493
0.0
0.0
0.0
0.0
0.2942515169075499
0.16787297995318548
0.1040489340241199
0.0
0.0
0.0
0.0
0.029429481322142174
0.0
0.4043944865696907
0.10129812888105207
0.07304711841195012
0.17190860947986686
0.0
0.18678451620095704
0.28363475784802633
0.0
0.02865143617119425
0.15467036810058474
0.0
0.09677797864989403
0.16463577529407383
0.08398446338043013
0.15949371240910026
0.17382076128758003
0.2908702384792389
0.0
0.030414382222604924
0.0
0.0
0.17729613396404156
0.0
0.2005876681744088
0.0792892433702832
0.0
0.2836738037747936
0.0
0.16367182769021005
0.09547689062297969
0.0
0.3174782899532122
0.0
0.0
0.10141472309630035
0.0
0.27212424129031176
0.0
0.06414029810273238
0.24483677830228967
0.0
0.5054157738443532
0.0
0.17869145861365487
0.0
0.0
0.315884870420349
0.0
0.0
0.0
0.0
0.33331944502281363
0.0
0.0
0.0
0.0
0.6666388900456273
0.0
0.0
0.0
0.0
0.0
0.0
0.8249806125929061
0.0
0.0
0.17500480367312857
0.0
0.0
0.0
0.0
0.6054287488276233
0.10413691838612371
0.0
0.0
0.0
0.1862857715391479
0.0
0.0
0.10413691838612371
0.0
0.3926258844605762
0.0
0.0
0.0
0.0
0.44871528458641047
0.0
0.15864480860005664
0.0
0.0
0.4289421913534334
0.0
0.07582698225944856
0.11989299452199556
0.0
0.3753244274213431
0.0
0.0
0.0
0.0
0.485401706933827
0.06938334447406697
0.20279220647204727
0.06938334447406697
0.0
0.043881876256073364
0.0
0.031029171943954617
0.09812286421130914
0.0
0.1990601998157021
0.11962029546965937
0.234594711316544
0.0
0.0
0.0
0.0
0.14075680948692862
0.0
0.30595968973598814
0.398494052285361
0.148509973886995
0.04696297394262842
0.0
0.0
0.132831350761787
0.10501241233486601
0.09392594788525684
0.0742549869434975
0.0
0.32689571840435017
0.18274027300626763
0.0
0.0
0.0
0.49034357760652525
0.0
0.0
0.0
0.0
0.0
0.0
0.0
0.0
0.0
0.9999583350684408
0.0
0.0
0.0
0.0
0.0
0.0
0.0
0.0
0.0
0.9999687509758335
0.0
0.0
0.0
0.0
0.0
0.0
0.1502191088947147
0.0
0.0
0.8497676134860278
0.0
0.0
0.0
0.0
0.16336178351077252
0.0
0.0
0.0
0.0
0.49008535053231755
0.0
0.3465426558452123
0.0
0.0
0.3661131877560226
0.0
0.10355244214571313
0.0
0.0
0.21966790447034623
0.0
0.3106573127983605
0.0
0.0
0.1263539434610883
0.0
0.0
0.0
0.0
0.694946700803614
0.0
0.17869145861365487
0.0
0.0
0.3882273677735516
0.0
0.2111678670162211
0.0
0.0
0.35836372923331283
0.0
0.042233570065721836
0.0
0.0
0.25499776248186523
0.05759812684516947
0.15455197064466494
0.2530526639318626
0.0
0.018214125406898186
0.06567196450857957
0.10303465161997039
0.0
0.0928741810295361
0.09401733302370231
0.0
0.08295647273885051
0.02978228458929966
0.044587761846729336
0.20525633000614577
0.0718956042130139
0.027652156892868103
0.13467480026883913
0.3091758738127273
0.0
0.0535043294962929
0.12358660298560617
0.059005742500282954
0.03171463469673642
0.2528135068712763
0.37496315699023863
0.07091608280967558
0.03349438871196296
0.0
0.0797660275487283
0.1738403294916815
0.15345961767131633
0.0
0.0
0.13787011044683423
0.0
0.23403548523051274
0.17404218882354944
0.04698339200069143
0.5259716500433194
0.32057528190861734
0.0
0.0
0.0
0.0
0.0
0.0
0.026558525011061776
0.12689331008845575
0.4779540656544405
0.0
0.048280649765069954
0.0
0.0
0.06827915041949391
0.0
0.1448419429362183
0.26063565633078406
0.0
0.176877488523781
0.19775505595039677
0.6253564006825425
0.0
0.0
0.0
0.0
0.0
0.0
0.0
0.2265345055109006
0.0
0.32036816665347634
0.0
0.0
0.4530690110218012
0.0
0.0
0.0
0.0
0.291231292536046
0.1141817400878911
0.171165674723159
0.14114682198697936
0.12342931512135698
0.0
0.14172556361480107
0.017116566119673382
0.0
0.0
0.0
0.22794052439864151
0.11445985429833531
0.0
0.29084352149645615
0.13093575737308438
0.046982292446079675
0.09099257077646435
0.0
0.09784346854012772
0.07335045868972956
0.284893503678299
0.13831094985212283
0.0933312967199406
0.05040528083949095
0.2823872749851773
0.0
0.0
0.07731817896605932
0.0
0.22523606498434798
0.06295539783605415
0.119449455182175
0.0
0.0
0.16892704873826098
0.2410201416137446
0.119449455182175
0.06295539783605415
0.0
0.0
0.0
0.0
0.0
0.0
0.0
0.0
0.0
0.0
0.0
0.8181725300032258
0.0
0.0
0.0
0.0
0.18181610648986474
0.0
0.0
0.0
0.0
0.1607966563054572
0.0
0.0758002699094475
0.0
0.0
0.5359888743186652
0.0
0.2274007997447719
0.0
0.0
0.6236028813293626
0.0
0.0
0.0
0.0
0.15590072033234065
0.0
0.22047691074781975
0.0
0.0
0.23702338442545903
0.0
0.33520166659543055
0.0
0.0
0.31603117923394536
0.0
0.11173389377059315
0.0
0.0
0.0
0.0
0.0758274874429113
0.11989379328724148
0.0
0.8042720170033051
0.0
0.0
0.0
0.0
0.17996080367157985
0.0
0.0
0.0
0.0
0.2999346839594039
0.13413487152782155
0.16966867103894978
0.21628597306827047
0.0
0.1707706348742127
0.1909273855937539
0.1811296010543992
0.2863910704385033
0.0
0.1707706348742127
0.0
0.0
0.0
0.0
0.13962884884088292
0.0
0.1974650009732885
0.0
0.0
0.46542951347487665
0.0
0.1974650009732885
0.0
0.0
0.33331944502281363
0.0
0.0
0.0
0.0
0.6666388900456273
0.0
0.0
0.0
0.0
0.23728938626625057
0.0
0.2013467024907326
0.0
0.0
0.42712090588691304
0.0
0.1342311408869673
0.0
0.0
0.6226156963524915
0.0
0.0
0.0
0.0
0.0
0.0
0.3773620673727334
0.0
0.0
0.0
0.0
0.0
0.0
0.0
0.0
0.0
0.0
0.0
0.0
0.0
0.062194970140021726
0.0
0.14608858244997164
0.1405034962529024
0.5890150936881379
0.0
0.0
0.062194970140021726
0.0
0.4963895463525166
0.0
0.0
0.08458065158393462
0.0
0.11347684506451144
0.13638219742720134
0.0
0.16916130316786923
0.0
0.6743689984841498
0.0
0.0
0.0
0.0
0.13487379467238944
0.0
0.19074034761874997
0.0
0.0
0.4854712486976281
0.13569334734137287
0.08582000209938716
0.0
0.0
0.12136781217440702
0.0
0.17164000419877432
0.0
0.0
0.49435673440648814
0.1736199524709335
0.0
0.0
0.0
0.12896262114491852
0.048061534140327364
0.0
0.1549937843946646
0.0
0.2178791659037313
0.07635396040390832
0.15318785955621037
0.04103902013950967
0.0
0.22827392650262152
0.0
0.04829048044587344
0.09791318652836753
0.13705955497571007
0.1942242184471298
0.06204265285451127
0.0
0.12408530570902254
0.1414790078847201
0.1942242184471298
0.08774156338973581
0.1961960966885499
0.0
0.0
0.08169766806944248
0.04937775389794556
0.036804004935586894
0.03291850351266771
0.08863578181343602
0.548470575376002
0.13881697453024158
0.0
0.02327689766445857
0.0
0.057714133477191835
0.03370157289755923
0.04007219180969751
0.0
0.0
0.35957378950759833
0.23886747708015574
0.2700692706715851
0.0
0.0
0.02121063391837995
0.4463250047021307
0.3307907051492356
0.0
0.0
0.07423722068972409
0.02371421107502136
0.05999273167382836
0.0
0.043726841462380865
0.14774930146263413
0.0
0.0
0.0
0.0
0.0
0.15574145188266872
0.6964969342126335
0.0
0.0
0.44871528458641047
0.0
0.07932240430002832
0.0
0.0
0.3926258844605762
0.0
0.07932240430002832
0.0
0.0
0.0
0.0
0.0
0.0
0.0
0.0
0.0
0.0
0.0
0.0
0.3606931558501481
0.36647321526880744
0.16108330107551602
0.0848983638182999
0.0
0.0
0.0
0.02684721802459191
0.0
0.0
0.2522893571087043
0.0
0.4856278790644188
0.0
0.0
0.05406200365617477
0.04029544082383327
0.0
0.04029544082383327
0.1274253733559635
0.058210895335762215
0.25873076491741775
0.0
0.02400096542413781
0.061879031227496446
0.0
0.05024378855153662
0.2594615608656165
0.04973540916149713
0.23773655548361222
0.24010661309928727
0.0
0.06791240248449112
0.08657166915269963
0.0989984877806196
0.21609595715615948
0.08657166915269963
0.20373719850880515
0.0
0.0
0.37076773651031986
0.0
0.10486894727776801
0.0
0.0
0.0
0.0
0.5243447778253629
0.0
0.0
0.8319132860949285
0.0
0.0
0.0
0.0
0.0
0.0
0.16807185831074026
0.0
0.0
0.2815023618605733
0.0
0.2654029691841825
0.0
0.0
0.18766824124038223
0.0
0.2654029691841825
0.0
0.0
0.2312030033538562
0.12924641582638255
0.16348520977456188
0.0
0.0
0.3468045050307843
0.0
0.0
0.12924641582638255
0.0
0.32994061608540415
0.09222121132942397
0.1749774257360225
0.27912270517263976
0.0
0.12372773103202656
0.0
0.0
0.0
0.0
0.0
0.11301210052697955
0.0
0.0
0.0
0.20216217904459702
0.0
0.5718009847649712
0.11301210052697955
0.0
0.09864718078558567
0.0
0.0
0.0
0.0
0.09864718078558567
0.2371183174486063
0.41852455682220824
0.14705454355943154
0.0
0.8319132860949285
0.0
0.16807185831074026
0.0
0.0
0.0
0.0
0.0
0.0
0.0
0.11110956792263325
0.0
0.0
0.0
0.0
0.888876543381066
0.0
0.0
0.0
0.0
0.9999687509758335
0.0
0.0
0.0
0.0
0.0
0.0
0.0
0.0
0.0
0.3950389771317178
0.0
0.22346778096392664
0.0
0.0
0.15801558496614773
0.0
0.22346778096392664
0.0
0.0
0.0
0.0
0.9998232545433627
0.0
0.0
0.0
0.0
0.0
0.0
0.0
0.4141921194374497
0.0
0.29287805327323163
0.0
0.0
0.0
0.0
0.29287805327323163
0.0
0.0
0.0
0.0
0.0
0.0
0.0
0.9999944444751613
0.0
0.0
0.0
0.0
0.08168088926995899
0.0
0.2310284403431264
0.0
0.0
0.5717662401039645
0.0
0.1155142201715632
0.0
0.0
0.0
0.0
0.0
0.0
0.0
0.9999687509758335
0.0
0.0
0.0
0.0
0.05670320546129552
0.0
0.7030910661087589
0.1267922296065134
0.0
0.11340641092259104
0.0
0.0
0.0
0.0
0.0
0.0
0.0
0.0
0.0
0.09651491869071645
0.33585521037469
0.3936290909063746
0.17399474784566588
0.0
0.07822069747749759
0.0
0.055310385030982116
0.11402528134755763
0.11894948942625164
0.33725269168476835
0.1142338908934434
0.13827597350476073
0.0437267018410369
0.0
0.021691941962636144
0.039105705348687556
0.23007781271476055
0.0
0.28533212702537886
0.3588146885647478
0.034297974697395664
0.03067703819358749
0.0
0.0
0.19307991831277432
0.07195664141606715
0.13652811211314345
0.21778864230535286
0.0
0.28961989545113054
0.0
0.09101874540475544
0.0
0.0
0.08988554541751766
0.16174440947722116
0.25423470093320377
0.0
0.0
0.2097329448883705
0.17502572284573384
0.0423724520158104
0.06699673395985706
0.0
0.2812016080768831
0.0
0.05681130187414413
0.0
0.0
0.40171658724272125
0.0
0.17043389813987797
0.08982656175184218
0.0
0.05288293459825508
0.0
0.07478776253661472
0.0
0.0
0.7139196614024083
0.08361526855913459
0.07478776253661472
0.0
0.0
0.0847644235196635
0.09476951225186846
0.05993749804072717
0.2843085288613031
0.0
0.3814399295213926
0.09476951225186846
0.0
0.0
0.0
0.0
0.0
0.0
0.0
0.0
0.9999843752437877
0.0
0.0
0.0
0.0
0.20388921830197254
0.31226187720980453
0.0
0.0
0.0
0.0
0.07351330195700183
0.08650286138894646
0.21986413733609114
0.10396350657580188
0.12317284826742521
0.02449028123108261
0.13200791461742797
0.06386283643817545
0.0
0.19873125563686292
0.0
0.17108174867222278
0.23080394668986087
0.055846430350365184
0.0
0.0
0.0
0.0
0.2618197301280786
0.12443606920303137
0.19754920317737873
0.07213704051065871
0.29304795559624236
0.05100859314550771
0.1920765855224938
0.0722815616039374
0.11361432062324213
0.107950220139449
0.0
0.04016873046431204
0.04827680682759056
0.056807160311621065
0.21613703138778262
0.15268423572529122
0.20440326758578445
0.0
0.09635662338613969
0.0
0.0
0.06813442252859482
0.0
0.38542649354455877
0.24566215934890945
0.0
0.7539393832922914
0.0
0.0
0.0
0.0
0.0
0.0
0.2460533672902956
0.0
0.0
0.1295010786574999
0.21911028612675992
0.18314217984400843
0.24716619297463058
0.0
0.1295010786574999
0.0
0.09157108992200422
0.0
0.0
0.1633617810253452
0.0
0.23102844385805127
0.0
0.0
0.49008534307603563
0.0
0.11551422192902563
0.0
0.0
0.5540843029520965
0.0
0.2611978425507322
0.0
0.0
0.18469476765069887
0.0
0.0
0.0
0.0
0.0
0.0
0.0
0.0
0.0
0.0
0.0
0.9999116194612521
0.0
0.0
0.4753790184994667
0.0
0.16807186203127322
0.0
0.0
0.3565342638746
0.0
0.0
0.0
0.0
0.18961117248760254
0.5584548172656187
0.03830724024863478
0.060569069326374875
0.0
0.05417461926919938
0.0
0.03830724024863478
0.060569069326374875
0.0
0.053897747141015806
0.0
0.19055732551557458
0.0
0.0
0.26948874574431697
0.0
0.15244584836537411
0.0
0.33360359601517525
0.08520650321706974
0.0
0.0
0.09526377240913743
0.0
0.7242553011515153
0.09526377240913743
0.0
0.0
0.0
0.0
0.0
0.131329464005893
0.20765012980156078
0.0
0.5571837332970627
0.10382506490078039
0.0
0.0
0.0
0.0
0.0
0.38594622108348137
0.0
0.0
0.6140367223415759
0.0
0.0
0.0
0.0
0.061321907093027136
0.0
0.0867222717650958
0.0
0.0
0.36793144255816285
0.0
0.3468890870603832
0.13711996104621524
0.0
0.5326739411948163
0.0
0.0
0.0
0.0
0.29054941754998637
0.0
0.06848315374942991
0.10828138127976572
0.0
0.0
0.0
0.0
0.0
0.0
0.0
0.0
0.0
0.0
0.0
0.0
0.0
0.0
0.0
0.0
0.0
0.0
0.0
0.0
0.0
0.04760446322976656
0.0
0.13464575363517217
0.1817160940336265
0.0
0.3808357058381325
0.0
0.20196862158573584
0.0532234111195297
0.0
0.06981915930229014
0.0
0.23039147323076117
0.31332167512752085
0.0
0.3025496859749799
0.08391218810104263
0.0
0.0
0.0
0.04909960557556427
0.03305118490878532
0.026038996623690774
0.02212889366569941
0.050610714350401514
0.14129472249144984
0.1317766563961762
0.19174657468362108
0.22304567108536288
0.1312054458565402
0.012473789618176297
0.027892243206792025
0.2032670534321791
0.06717341572923925
0.0
0.42979864856300193
0.0
0.15876542736242685
0.10062630364071028
0.0
0.14256422752694292
0.1263947610548765
0.2674709854003098
0.23149949753600588
0.09530525722194085
0.015668086784421446
0.0
0.0
0.0564920915079555
0.06460117594576352
0.11248974229026415
0.16008282698313708
0.12253775840038318
0.0454400097607464
0.0
0.2644766553579021
0.18680210606651002
0.1081683609673855
0.0
0.0
0.02700192613587905
0.09056721649658213
0.07637297949603446
0.42516478511690947
0.10884824477389196
0.16312894088692054
0.0
0.0
0.10891253185293998
0.0
0.09007097161929549
0.0
0.15922449795031163
0.21272898464937082
0.09284303127184332
0.2927306535684538
0.1523962315048729
0.0
0.0
0.0
0.07966382649339514
0.0
0.0
0.0
0.0
0.7498381786889808
0.12595958029366483
0.0
0.04453343553469202
0.0
0.0
0.028892634352073662
0.0
0.13326587187697464
0.0
0.6125180460541207
0.06958267660494714
0.15573754081728353
0.0
0.0
0.12899175663852447
0.04807239229835956
0.0
0.0679846309285607
0.0
0.15049038674937648
0.17342983525154876
0.09121094086795369
0.2511735774886538
0.08864110512037576
0.2874363265841515
0.11515181910380878
0.22583130775734275
0.2438230916624951
0.0
0.1277494705501139
0.0
0.0
0.0
0.0
0.3470198455960559
0.0
0.0
0.0
0.0
0.023134654936681934
0.0
0.032717342426533555
0.40634912395944395
0.19077324941742116
0.1217744953549269
0.09296767756895338
0.15917225698530257
0.39522828694541795
0.0
0.10332907865557053
0.05445921088021814
0.07306468823123694
0.0
0.0
0.14638897873930334
0.0
0.0
0.0
0.0
0.3513335358861336
0.10556259214551528
0.3312404307440274
0.06546714303619239
0.0
0.15638569720213932
0.0
0.07372092386909279
0.0
0.0
0.20851426293618575
0.15225761730028026
0.22116276189757617
0.1879522207238633
0.0
0.3710068797095445
0.0
0.33388915411217956
0.0
0.17197920822500917
0.0
0.0
0.04769844968998128
0.07541787628870086
0.0
0.1129662748107017
0.0
0.21301124831973015
0.0
0.0
0.30124339949520457
0.0
0.3727696635179189
0.0
0.0
0.10174309221357429
0.0
0.0
0.0
0.0
0.6104585532814458
0.0
0.28777291873135796
0.0
0.0
0.48737504494747885
0.0
0.0
0.0
0.0
0.42645317567662877
0.0
0.08615654890539741
0.0
0.0
0.46769304678645707
0.0
0.0
0.0
0.0
0.31179536452430473
0.0
0.22047261426780146
0.0
0.0
0.5071829116778367
0.0
0.03415547386099323
0.0
0.0
0.24151568336688245
0.0
0.0
0.2171398932022934
0.0
0.4329276784832615
0.2594886488667723
0.1224504246148776
0.0
0.0
0.14430922257712891
0.0
0.040816809996938326
0.0
0.0
0.4222856512309696
0.23606486976719604
0.0
0.0
0.0
0.1055714128077424
0.0
0.0
0.23606486976719604
0.0
0.08474068865547363
0.038281943234479164
0.17120203367035353
0.038281943234479164
0.0
0.35446787346238817
0.0
0.1116100766573148
0.05413884191105588
0.1472735727213023
0.0
0.0
0.0
0.0
0.0
0.6534404623429818
0.0
0.3465391176421136
0.0
0.0
0.42639928070783545
0.0
0.0
0.0
0.0
0.07106654678463925
0.0
0.5025164058704321
0.0
0.0
0.1307130736996627
0.0
0.0
0.0
0.0
0.39213922109898813
0.14614166799100464
0.18485619965205097
0.14614166799100464
0.0
0.4530690110218012
0.0
0.32036816665347634
0.0
0.0
0.2265345055109006
0.0
0.0
0.0
0.0
0.11554045075850312
0.11666245260294926
0.040849717684660586
0.22657847501126968
0.0
0.0
0.0
0.3580006698022109
0.14236462350123952
0.0
0.11814438957881716
0.1227068383194508
0.016379119616187123
0.049815151214092857
0.23453689852463697
0.221280938454863
0.11429181405399247
0.12284340251459322
0.0
0.0
0.35790697273004834
0.0
0.15374453053207876
0.0
0.0
0.0
0.0
0.13178101790524158
0.09072352370289329
0.265840072493965
0.09037141980214025
0.057155907195638976
0.10224358513873982
0.15448889888690218
0.0
0.3090525093096144
0.13033551312866923
0.11593231945342289
0.040415328513949446
0.0
0.23709853237187942
0.06627105846860497
0.273242561338643
0.09372143211160558
0.12219778503418977
0.207461221345775
0.0
0.0
0.0
0.0
0.04667682498712691
0.239191448580746
0.049371902138100984
0.11078904047851827
0.11941018957976161
0.1760069689302509
0.0396827761258154
0.14131582605021456
0.07755386199998336
0.0
0.02062361130561115
0.10433894561177863
0.0
0.0
0.06573237907611604
0.0
0.1430993774162006
0.4938914939846751
0.08483963577028363
0.08747433287721702
0.0
0.0
0.0
0.0
0.0
0.33005656015780416
0.5594923194066808
0.1104507422179442
0.0
0.0
0.03323514565024007
0.0
0.0469806172757244
0.10208424417804421
0.18418811607528363
0.5775586112701945
0.0
0.0559527170757977
0.0
0.0
0.0
0.0
0.0
0.1880795498217208
0.8119197920304158
0.0
0.0
0.0
0.0
0.0
0.0
0.0
0.0
0.08340477448439164
0.2889625427668463
0.05979953525380914
0.222606177782711
0.19217838410696234
0.15304801806773283
0.0
0.17187865870499824
0.04586125579892979
0.0
0.0
0.08046958437180526
0.08504761693512215
0.21828786888603124
0.0
0.013465328376153022
0.3849881814575381
0.2720193034246847
0.3466825964391716
0.0
0.04319136053679674
0.09849144994277809
0.09657881596952085
0.0
0.08194983531249535
0.0610818094338261
0.0
0.032695350078246144
0.05894238185932808
0.0
0.05894238185932808
0.0
0.21251977246360812
0.42507238211910386
0.1387146149657118
0.07310902973582276
0.0
0.04091226272529431
0.0
0.08678801049283137
0.47879906510876746
0.0
0.347754244595756
0.0
0.0
0.04574130304439581
0.0
0.18079657377834957
0.0
0.0
0.0
0.18195172509854407
0.11377901416031387
0.09495052963035064
0.06896049081110792
0.2766774031305254
0.08288019985460576
0.05640202372086647
0.090514882281616
0.06573898144864548
0.1042639808817293
0.0
0.023242241051334954
0.2575732810953641
0.0
0.1955358910128442
0.20672678165413536
0.20011493988847218
0.28145599298075386
0.21314385695924182
0.016295918623543307
0.0
0.0
0.026276378218346937
0.1709125665776296
0.09179852481299172
0.0
0.10740655116525052
0.12008418206519
0.0
0.09681495897466859
0.18986976468007635
0.30288944758212555
0.0849123416553852
0.03797394993511083
0.060042091032595
0.0
0.36938953530139773
0.0
0.0
0.0
0.0
0.36938953530139773
0.0
0.2611978425507322
0.0
0.0
0.5999900150677255
0.0
0.0
0.0
0.0
0.39999331854362935
0.0
0.0
0.0
0.0
0.0
0.0
0.35592983465837497
0.1406936305697235
0.0
0.5033608047464017
0.0
0.0
0.0
0.0
0.4338809763236577
0.0
0.0
0.0
0.0
0.3615674937391533
0.0
0.20453345156277156
0.0
0.0
0.18674432499756302
0.0
0.1760642362112657
0.0
0.0
0.49798486666016806
0.13919101010357235
0.0
0.0
0.0
0.39071889642982804
0.11232379302799965
0.0
0.0
0.0
0.28415919259180444
0.11232379302799965
0.10046544494740113
0.0
0.0
0.19618975542987924
0.0
0.22196335972767733
0.0
0.0
0.4708553954909794
0.0
0.11098167986383867
0.0
0.0
0.32681128141120136
0.0
0.11554523540602721
0.0
0.0
0.40851411698233825
0.0
0.057772617703013604
0.09134653564464727
0.0
0.4753719565663671
0.0
0.1680693652609081
0.0
0.0
0.3565289674247753
0.0
0.0
0.0
0.0
0.3897518040323239
0.0
0.11023845217272052
0.0
0.0
0.3897518040323239
0.0
0.11023845217272052
0.0
0.0
0.0
0.0
0.1601863513102816
0.0
0.0
0.6796131387720626
0.0
0.1601863513102816
0.0
0.0
0.09356235036042512
0.0
0.13231714340894207
0.0
0.0
0.3742494014417005
0.3998594094948759
0.0
0.0
0.0
0.2361965571091433
0.05281515699504243
0.26722588678078935
0.0
0.0
0.16533758821659886
0.17032375687715015
0.03340323584759867
0.07469191325983747
0.0
0.0
0.07296833839331666
0.038324846864445865
0.07900869689973491
0.0
0.4887586434906783
0.10930714324428675
0.09581212473270014
0.11581681890483758
0.0
0.05282472421733913
0.0
0.3735271932972403
0.23781419356665806
0.0
0.10564944843467826
0.05905984068605587
0.11205815602129772
0.05905984068605587
0.0
0.32505111770041367
0.0
0.21080206748881755
0.05710566182315946
0.0
0.18366889032316525
0.0
0.0
0.0
0.22337000536510537
0.20769341704453523
0.16931121545554512
0.38011782346803674
0.07686591376342276
0.0
0.05318803873887894
0.023194129524514173
0.034724480393651704
0.0
0.05490422022683993
0.0072646114588186955
0.0
0.08052243660003211
0.0
0.06225805740891513
0.044024371026848384
0.0
0.28622198396582027
0.5197079341552637
0.0
0.03392995735992522
0.0
0.008752013268375257
0.0
0.0
0.01679765012483522
0.05899582629629957
0.49842330018724235
0.38310103174160737
0.0
0.0
0.0
0.0
0.18532785164244084
0.1267280732943318
0.09279839044657322
0.030140385073554977
0.23643172650709282
0.2216922168098594
0.10688047430978112
0.0
0.36440510200254533
0.1546504129109986
0.20374109411063748
0.09191642650510382
0.07636825892954108
0.0
0.07007651896461017
0.03884139107384863
0.0
0.05950408687810827
0.1491174317912232
0.29305873891051426
0.231789677682579
0.08732602901075799
0.027760240966040288
0.04305438108653062
0.07777367106102302
0.03061460167439428
0.0
0.1840807401914926
0.08687801678445042
0.07437431963556856
0.02351922610121852
0.0
0.0
0.06374328338247465
0.07959213600418426
0.3329759251728785
0.15483542304875098
0.1260471919212085
0.04287535375180836
0.13558377488631757
0.14575482909780038
0.0894538715883952
0.0
0.049764268899711486
0.14124772312858533
0.2692711484605106
0.0
0.0
0.07727015396779954
0.10363252289862623
0.0654946958015628
0.32245896068992463
0.2311376628837392
0.1593010187376352
0.04070339582012438
0.0
0.0
0.0
0.1753470477957981
0.07309821811923163
0.0495871611874224
0.07688162885127735
0.16731252200877025
0.32991127630536565
0.07779873673646392
0.0
0.05006168987016682
0.07236539513613373
0.035488962842939224
0.03831723889944746
0.527760685538865
0.23720114405336987
0.0468436559290698
0.0
0.0
0.042022016760604824
0.0
0.010941029113588983
0.0
0.0
0.14383325123165494
0.17833053718859287
0.5110744632461628
0.15581980746755397
0.0
0.0
0.0
0.0
0.028080572409190298
0.0
0.019855963685488066
0.0
0.1725461122114801
0.22568000134600877
0.2373684891245202
0.24007987576824974
0.07638741570340372
0.03890935606234494
0.12602768621974572
0.049828288169881635
0.04190665921377088
0.1740998461882323
0.12475288028521832
0.199152711923904
0.033015680399630286
0.10848183833746111
0.10382310773203678
0.24524475540134189
0.0
0.09248758239743003
0.0
0.0
0.04904894803490881
0.0
0.10468883988741794
0.3894985414111747
0.11902724545529905
0.08531438120077983
0.0899292616827782
0.0
0.0899292616827782
0.0
0.02843812706692661
0.10253512752922925
0.2815230760396941
0.2050702550584585
0.11725340020742957
0.13433277079438685
0.0750943063080754
0.3799504486419931
0.10619938919422173
0.0
0.13433277079438685
0.0
0.09498761216049828
0.0750943063080754
0.0
0.3670433377690971
0.0
0.2224618389278754
0.0
0.0
0.2621738154827081
0.0
0.14830789912974066
0.0
0.0
0.4190853491906832
0.11230654723679033
0.05654850896303355
0.06594632481710624
0.0
0.0
0.06090460840224704
0.12909134871611372
0.04077770908377152
0.1153367761648484
0.16669394174383356
0.09766839582172586
0.08727221179151085
0.0
0.0
0.16872404959008663
0.0
0.2005568529681925
0.0651789970878732
0.21390373910613922
0.24314269783519965
0.0977575196973078
0.0
0.0788146290060275
0.0
0.37377166671787826
0.0788146290060275
0.0
0.12769339292628307
0.0
0.2293835026399968
0.1214795018604468
0.06625135856140206
0.03793541779184454
0.09483853973957974
0.22327695152175883
0.0
0.0
0.18357957866126853
0.04325302856945996
0.6381794641437544
0.0
0.1692228757986009
0.0
0.0
0.0797724330179693
0.0
0.11281525548532523
0.0
0.0
0.799990000124775
0.0
0.0
0.0
0.0
0.19999750003119374
0.0
0.0
0.0
0.0
0.5311047677059507
0.0
0.1502191059226005
0.0
0.0
0.318662848752454
0.0
0.0
0.0
0.0
0.6709238887972736
0.0
0.0
0.0
0.0
0.22364128238027925
0.0
0.10542551043547294
0.0
0.0
0.4951803340817148
0.13049148694813784
0.0583575614065342
0.0
0.0
0.0825300556802858
0.0
0.2334302456261368
0.0
0.0
0.08756956770768982
0.05430834503940463
0.17001199848318602
0.17815042420228067
0.0
0.0
0.11622937502423099
0.21858686067644584
0.0
0.17513913541537965
0.44526701134314756
0.2511242461442723
0.052475219972030814
0.0
0.0
0.0
0.0
0.0
0.2511242461442723
0.0
0.24013777871840117
0.0
0.08490152497822287
0.0
0.0
0.42024112393948904
0.0
0.25470456375238165
0.0
0.0
0.10359283792275385
0.0
0.19956838499195417
0.046798476667811534
0.0
0.2080053338389005
0.08629212001679962
0.020928912986940582
0.2593499639917236
0.07546026983892033
0.48498243173835465
0.04601655383947776
0.06381347961195838
0.0
0.0
0.03828808634083263
0.0
0.17196700922691552
0.09203310767895552
0.10289614088957245
0.10942627266287075
0.03614570092027305
0.0
0.0
0.0
0.003705030961415084
0.0
0.00898602044856209
0.49751881112488194
0.34421793923148913
0.0
0.0
0.0
0.03682018340901906
0.0
0.11010880470951116
0.30369601754966646
0.47259849722372393
0.07677612978678039
0.0
0.03122299467175381
0.05198473115358394
0.014786148019416032
0.11968254411372804
0.17118691876888617
0.20659547460901304
0.037339192550357135
0.13632153848863213
0.17071403240135274
0.060165951930227404
0.04284955050298459
0.13826261215939037
0.09629106398012799
0.18534115754840902
0.0
0.13760018560316314
0.22281224891103502
0.06411032145452428
0.0
0.11273183377970702
0.0
0.04905214087787079
0.08214441185393939
0.0
0.0
0.17675044984030858
0.20648894692661263
0.460914952536787
0.024648727714821433
0.0
0.0
0.0323676907510596
0.3301124123011059
0.3071328406859672
0.047847427129293976
0.14206853651747753
0.028339354084941905
0.04598682056642793
0.0
0.06614450120852326
0.0
0.03575210055095121
0.0
0.1053720326796222
0.0
0.2408500244978657
0.48697368959781623
0.0
0.13105174513490794
0.0
0.03451929732152053
0.09101455137408183
0.1006667102061861
0.03409573065493222
0.3421186257273855
0.3378191914511772
0.05976494026010928
0.0
0.0
0.0
0.0
0.0
0.2699682177947246
0.24980271967366519
0.206497086734147
0.14075753414426417
0.04328022567209265
0.0
0.03060374090328973
0.05908979075735829
0.09258842190876815
0.12723398034192068
0.0
0.047191626453590436
0.134270160324766
0.2708745095893034
0.05686649738677377
0.10967601597649614
0.16129740717777175
0.0
0.08152291348040876
0.05045632893888045
0.0
0.0
0.056992475501144474
0.03747801866297759
0.3651603164162167
0.10030860707990476
0.0652510499116765
0.2428291188206814
0.2714018124038954
0.12249178990712124
0.04108499439360367
0.06496108562514988
0.0
0.06874567750870206
0.0
0.1030231013210005
0.15157586886368743
0.17671324902014218
0.4034532732977116
0.32193650649651
0.13166978491785178
0.11189780894943195
0.0
0.031034867621415867
0.0
0.0
0.0
0.0
0.10262573939482492
0.05212302247880231
0.06133298965803471
0.402482113841386
0.0
0.30358282412711307
0.07784969641848655
0.0
0.0
0.0
0.0
0.08528724070105502
0.06690481394167623
0.1379278091977182
0.1438842534555294
0.3784707850569953
0.0
0.06690481394167623
0.0
0.12061437009920092
0.0
0.0
0.0867579007220048
0.13717629537745502
0.0
0.5521239394133376
0.13717629537745502
0.0867579007220048
0.0
0.0
0.0
0.0
0.0
0.10557473102653876
0.0
0.35410841353507977
0.18022734119491426
0.20031394504035002
0.1597696673964594
0.0
0.05906642438130959
0.0
0.0
0.17701648992996372
0.0
0.05906642438130959
0.2470910728877586
0.13922090693230346
0.3185337592852132
0.0
0.10819331746122886
0.12096381357838941
0.07650422764743792
0.09752414054545194
0.0
0.3245799523836866
0.0
0.21174587951211807
0.060481906789194705
0.0
0.0
0.13919100848970634
0.17606423416986888
0.0
0.0
0.6847291953131743
0.0
0.0
0.0
0.0
0.19255225487076566
0.5509415514142391
0.256500176456896
0.0
0.0
0.0
0.0
0.0
0.0
0.0
0.6008309559335802
0.0
0.0
0.0
0.0
0.08583299142084846
0.0
0.1213861792836571
0.19192841511357947
0.0
0.08412923120445044
0.0
0.0
0.0
0.0
0.42064617169254304
0.0
0.11897669850405772
0.37623738244481325
0.0
0.14586173594316576
0.40769595033734807
0.15470972547445438
0.0
0.0
0.2917234718863315
0.0
0.0
0.0
0.0
0.44473044670236245
0.0
0.37736626298269066
0.0
0.0
0.177892172053945
0.0
0.0
0.0
0.0
0.0
0.0
0.46531742341341625
0.0
0.0
0.5346722944266984
0.0
0.0
0.0
0.0
0.5638584425731908
0.0
0.0
0.0
0.0
0.3222048157539198
0.0
0.11391660387145457
0.0
0.0
0.3809036365998749
0.25778905491198334
0.32320742365635763
0.0
0.0
0.038090362241010894
0.0
0.0
0.0
0.0
0.3967972097716926
0.08415721586000888
0.16504588692384944
0.15796797299636145
0.0
0.07002303471686219
0.0
0.0
0.1260028444782019
0.0
0.2887345060746173
0.11351897599417894
0.07179569810765014
0.1680413256796871
0.0
0.22139185872299752
0.0
0.0
0.13651340481846128
0.0
0.22136184541700957
0.48215517257934126
0.0
0.012938832987579033
0.0
0.006724123961759075
0.0
0.025926554193242614
0.009887348488378501
0.24100584601290867
0.04364575689965595
0.074268044892602
0.01832534722701263
0.09467355306192239
0.07700138912240032
0.2782832380007043
0.15888962313255933
0.09455527446761383
0.1603573422196095
0.0
0.02606954650806419
0.0
0.0
0.0
0.03322537069551215
0.4203465950661998
0.3042869872848449
0.15562760612544255
0.06044355549714664
0.0
0.027268852099346114
0.10755599780776916
0.10206252684668524
0.27625570532610855
0.1523412865586643
0.22245563445506863
0.10235560605241131
0.0
0.009703940359834195
0.0
0.015490053117256241
0.0
0.0
0.0
0.019746020811193317
0.01945913778745299
0.3369737789383194
0.09918473824265696
0.5091457870389503
0.0
0.11230031810176137
0.21172230481236404
0.0
0.14502024548489978
0.05619775197589747
0.06859404585641062
0.0
0.16557770493968432
0.0920811779292088
0.14850584235104788
0.0
0.03350878069935724
0.13687627159628835
0.0928801270937489
0.0
0.0385343550042067
0.4923722173913507
0.1834771321349117
0.0
0.022350580880782657
0.0
0.024431989147360767
0.0
0.0
0.0
0.0
0.06823809895254175
0.7315438795198607
0.1612780164980084
0.01450773770904487
0.14992371530799453
0.1584951019312851
0.1946572973975312
0.19269117717430492
0.0
0.08378466722961027
0.10609552597440368
0.03231529206939509
0.08203531871848248
0.0
0.03740659139994206
0.06922652880426895
0.11954462051780161
0.273122641584325
0.16328512452946947
0.17929498569826474
0.15811767345685687
0.0
0.0
0.0
0.11281475991462911
0.2545199406451485
0.0
0.0
0.0
0.17321021174282938
0.03520998406117785
0.2461895852789175
0.04979443828264327
0.12825911177678306
0.03567010509214469
0.0
0.0
0.0
0.0
0.0
0.06402979695922884
0.162955289303471
0.7014542013521597
0.03588961645678261
0.12763198281916385
0.21478631576402232
0.29331067570882297
0.05752295854599016
0.0
0.12763198281916385
0.035674225864065164
0.0
0.14343786997921945
0.0
0.4422268151924511
0.06346633116705616
0.0
0.0
0.0
0.1232167528536328
0.0
0.14936124760169148
0.22172445258687096
0.0
0.06604557901431415
0.0
0.08569056316605232
0.09910601393259615
0.13227246754608155
0.12606050054225262
0.06301613158014997
0.1736157614816634
0.0
0.25419261099751733
0.16580950349173085
0.0
0.08908332840045631
0.0
0.051944056040072864
0.11338456536252436
0.2092132714082186
0.11644141410674991
0.25412071161911215
0.0
0.07760914116542916
0.0
0.0
0.03997481950077795
0.14795884587761163
0.3065335569232738
0.20378803384903488
0.015679413702843335
0.20845341722599944
0.0
0.39187901795305646
0.0
0.0
0.0
0.0
0.5388336588095972
0.0
0.0692750770177616
0.0
0.0
0.0
0.08475393119176419
0.0758062132579467
0.09663434326866356
0.0
0.5092293411558004
0.0
0.11370931489474335
0.1198601558449298
0.0
0.44186983195455276
0.14942280225503177
0.10462522080954081
0.059769123889274245
0.0
0.2443096798961281
0.0
0.0
0.0
0.0
0.02837626856094857
0.0
0.09084838987368017
0.06345126927985979
0.0
0.2575771213522718
0.27323549716239326
0.19133100546015333
0.09517690127704369
0.0
0.26623290653322024
0.0
0.0
0.07441436409845216
0.0
0.4326284669177649
0.10523780567478529
0.047063772898810065
0.07441436409845216
0.0
0.0
0.0
0.0
0.0
0.0
0.0
0.0
0.0
0.0
0.0
0.9999500025006199
0.0
0.0
0.0
0.0
0.0
0.0
0.0
0.0
0.0
0.6089208536626901
0.12378077098488224
0.0
0.0
0.0
0.11071288060940898
0.0
0.15657165563263317
0.0
0.0
0.11720069254129163
0.0
0.0
0.0
0.0
0.5860034845367887
0.13103436567515628
0.16574680715986828
0.0
0.0
0.12341927468445138
0.09199130152845729
0.2909020401094989
0.0
0.0
0.4936770987378055
0.0
0.0
0.0
0.0
0.18136106755140616
0.10138392499854496
0.06412081967681238
0.0
0.0
0.31738187666024376
0.14337852546086335
0.1923624505851541
0.0
0.0
0.636436947404226
0.0
0.04091171535736992
0.0
0.0
0.05785790332975922
0.09148138547791357
0.08182343071473984
0.09148138547791357
0.0
0.2763974827687402
0.03748290446165384
0.08381432087391551
0.06383108343329126
0.0
0.023706268237318674
0.16043996761491977
0.14307998925939389
0.10196452156478322
0.1092804985023877
0.1468924928069517
0.3556582437949467
0.3055897027708314
0.07825992797427474
0.031422549972121475
0.05378971212039494
0.028387139211912635
0.0
0.0
0.0
0.05171779735415557
0.14120699125505562
0.3321071525441999
0.17178825338733866
0.24488412465512233
0.0
0.0
0.05054224159081273
0.0077528262986192075
0.0
0.0
0.056080729650286085
0.15070816310758656
0.4628151989830018
0.30174051800628576
0.02865499226685192
0.0
0.0
0.0
0.0
0.04610835244955623
0.0
0.05956465181980345
0.11123938282099192
0.37346082652349755
0.3569687653191376
0.052657725888520655
0.0
0.0
0.0
0.01983372263481641
0.05051278239700978
0.0
0.08737186944403881
0.6329201568021565
0.12636753291685884
0.0
0.006318376645842942
0.0022064728858948433
0.07446883958222296
0.0
0.16947630217394355
0.1530954634378661
0.08605480543935823
0.21677301886149664
0.374599717056782
0.0
0.0
0.0
0.0
0.007565760648366254
0.0
0.0
0.09644633489623496
0.08086874351429761
0.6623326820629257
0.12222860916302546
0.0
0.030556923995047836
0.0
0.012064598690112241
0.0
0.0
0.04888955238686647
0.0
0.12269181915275605
0.1922337799901229
0.6013425866262543
0.022777363035762305
0.0
0.0
0.0
0.0
0.0
0.0
0.0
0.42841279435492885
0.5197295543031493
0.05185746803473349
0.0
0.1386883337605948
0.07843612743042964
0.22724924059732787
0.1523360533035477
0.07540712464208764
0.06944324014770632
0.23325505359227533
0.0
0.02518399982076501
0.0
0.05137308876140804
0.12818814688935445
0.0
0.1708874661739034
0.16012940260100544
0.15085196150227437
0.0
0.15098118105434435
0.0
0.18758783564112888
0.05510132882149906
0.1195094281375237
0.06316863017466784
0.0
0.0
0.08201374384589641
0.4141870996297749
0.26601806077093654
0.0
0.0
0.05371728397175379
0.02383657407022162
0.024978027847176218
0.009873433132302295
0.0
0.013246599793538281
0.0
0.0
0.1215785811970864
0.7527683961045807
0.22399483694799766
0.07409343268908683
0.24391499577126083
0.1366263931775995
0.0
0.09631163373309957
0.08022692710965112
0.08809933754667662
0.0
0.056729003323437735
0.14661763530682428
0.16546936726880976
0.0663331494823543
0.10803666071061281
0.0
0.04154864072913991
0.11943004994848117
0.1085065360488689
0.14421262353031064
0.09984460408998601
0.2663364185270592
0.05297487856799281
0.12889436235479815
0.12610798978730203
0.08360768334695043
0.0551616959786835
0.0
0.058066903254534064
0.19145730936926586
0.03739049168176706
0.299615417546015
0.0
0.08474403334542822
0.09474671880300088
0.0
0.20973079004990172
0.1613478410973196
0.1498077087730075
0.0
0.0
0.1348383586986162
0.0
0.09534511679228677
0.21319818312483985
0.0
0.0674191793493081
0.2430833133359501
0.09534511679228677
0.15075387711149824
0.0
0.3140582595757515
0.0
0.09869898173279773
0.0
0.0
0.48853505311845585
0.0
0.09869898173279773
0.0
0.0
0.21588884450685422
0.0
0.0
0.0
0.0
0.0
0.14532354642576872
0.39526665071281036
0.24351646067020558
0.0
0.1268117964835743
0.0
0.11955930704052367
0.0
0.0
0.6340590217854353
0.0
0.11955930704052367
0.0
0.0
0.0
0.0
0.32001448340125377
0.0
0.0
0.3959977344810727
0.20397001849118887
0.08000362085031344
0.0
0.0
0.13043336062950805
0.0
0.0
0.0
0.0
0.8695557699235299
0.0
0.0
0.0
0.0
0.0
0.0
0.16807185831074026
0.0
0.0
0.8319132860949285
0.0
0.0
0.0
0.0
0.35533274245677027
0.0
0.502516399218534
0.0
0.0
0.14213309168783772
0.0
0.0
0.0
0.0
0.08745670987250932
0.3153296586290863
0.24736492783041023
0.0
0.0
0.3498268394900373
0.0
0.0
0.0
0.0
0.3279126989556846
0.20864225612353865
0.0
0.2508801796369104
0.0
0.11573388994486798
0.0
0.027278739176100502
0.06954741391737569
0.0
0.12395953944960919
0.0
0.051125324079522055
0.09145576212390454
0.3085824387782735
0.2896297754837233
0.05519843044469698
0.08004617337410447
0.0
0.0
0.027999858182127114
0.05983179513723124
0.03959777876723404
0.10669672628501736
0.33647550546639393
0.32343050465200923
0.04081645663958988
0.049497227370577636
0.015652397508644136
0.0
0.0
0.6286440425928773
0.28025514322659006
0.04918302501532216
0.019037353072909314
0.0
0.0
0.0
0.022880051322605444
0.0
0.20984847241095572
0.27139426619103224
0.3356871030506626
0.07969309406217723
0.026363118847926487
0.0435947688614055
0.0
0.0
0.0
0.0334187895519382
0.0
0.08958284238036497
0.7797071521206543
0.1307095042736575
0.0
0.0
0.0
0.0
0.0
0.0
0.0883494665198163
0.23880711405274607
0.18780570757356002
0.22479307252854439
0.14191509805283767
0.0
0.05412359810052974
0.0
0.0
0.06420519261267203
0.09276202751397467
0.21348797359106078
0.3130454701664488
0.15276321768871426
0.1540130589023622
0.0
0.0
0.0
0.07392767237477599
0.0
0.22207384785261056
0.1541034757527308
0.0
0.12428395154378426
0.0
0.12570709398355426
0.0
0.1899562537984051
0.024350686338459264
0.15952332948575876
0.10382077680893756
0.062388523719320806
0.048941583022574904
0.05471835858357556
0.0
0.24437864482336435
0.28790036320406487
0.13545890025304405
0.062388523719320806
0.0
0.03633946657890666
0.0
0.20556706376882442
0.39234599079666765
0.0
0.18169733966328658
0.0
0.10278353188441221
0.08125752244105465
0.0
0.09655019158435697
0.3406920683043743
0.4119965893195584
0.04361693316580923
0.0
0.013792884145033149
0.04973095209394535
0.0
0.04361693316580923
0.0
0.01667321784198816
0.0
0.0
0.003011718289685613
0.0
0.0
0.6662727105639101
0.2876417516634123
0.01687637537734057
0.00952388954333483
0.001763048937156898
0.0
0.0
0.0
0.0
0.0466208954384758
0.3042450360116572
0.6158077922763306
0.031563006955257364
0.0
0.0
0.039624178784885423
0.0
0.16164065485479345
0.0
0.25744336614767666
0.2694345155502982
0.10299021767938384
0.16886624715288137
0.0
0.0813415054302539
0.04028524236085515
0.10534114481588498
0.056850069723420625
0.061423909814462344
0.056482054944469194
0.06714206320176347
0.16139046383964664
0.22565892388672826
0.14408369088958542
0.0804003620550124
0.0
0.0
0.013479339575978138
0.0
0.04337657825972814
0.01979011028282267
0.053992189636290384
0.41456079063486573
0.3744001272099813
0.06319563648925662
0.028261948467262533
0.10724654161006265
0.04557102083464802
0.0768808119256999
0.2346253254958282
0.33406838765590824
0.05362327080503133
0.056523896934525066
0.0
0.0
0.0
0.0
0.0
0.392781875956503
0.31654614805555115
0.15892580498759226
0.014735901380679772
0.11700766465563975
0.0
0.2094442669232346
0.08390689034920315
0.06582197807190429
0.0
0.0
0.4188885338464692
0.0
0.06582197807190429
0.15611053484121223
0.0
0.11721939710002996
0.0
0.24865987818344473
0.0
0.0
0.11721939710002996
0.18534015639106102
0.33154651880046937
0.0
0.0
0.026927058305017827
0.0
0.0
0.25545249675140397
0.0
0.6193223660931878
0.06021073643831686
0.03808061064734672
0.0
0.0
0.1401653208255706
0.0
0.0
0.08422887702954965
0.09631940258281545
0.4905786185381927
0.13646540674014263
0.0
0.05223653406189734
0.0
0.21058441004526782
0.2370100478261826
0.03722641569540056
0.058860135535540786
0.13422175223642066
0.26323052236268574
0.0
0.0
0.058860135535540786
0.0
0.04270672451768308
0.04774757244089383
0.0
0.0
0.0
0.29894707957852906
0.1630204111506697
0.12079285675838765
0.2387378502723479
0.0880421669408047
0.0
0.0
0.0
0.0
0.0
0.5857435501114399
0.0
0.4141832319431596
0.0
0.0
0.7884733330479718
0.0
0.0
0.0
0.0
0.0876081426770118
0.0
0.12389662223885756
0.0
0.0
0.3727320164336731
0.0
0.10542452951278045
0.0
0.0
0.5218248174530026
0.0
0.0
0.0
0.0
0.999937503904609
0.0
0.0
0.0
0.0
0.0
0.0
0.0
0.0
0.0
0.7435466668742534
0.0
0.0
0.0
0.0
0.10622094958415133
0.0
0.1502191059226005
0.0
0.0
0.12499804399518136
0.0
0.0
0.0
0.0
0.8749863312489701
0.0
0.0
0.0
0.0
0.271265304230915
0.0
0.317731360730588
0.18243002274989345
0.0
0.14342447891399202
0.0
0.0
0.0
0.08514533392308625
0.22941812935114542
0.11363103891419596
0.0
0.0
0.1103290582449461
0.21551690644554305
0.20579948442495236
0.0
0.1253049831697924
0.0
0.0
0.2855045548264481
0.5571103807197841
0.06408872177582117
0.08205687430394547
0.01123925776950008
0.0
0.0
0.0
0.0
0.0
0.2995372258181588
0.6122520370949609
0.05896796252372715
0.02924230364754867
0.0
0.0
0.0
0.0
0.0
0.16747438178426158
0.027873712457161446
0.20652896749364388
0.027873712457161446
0.0
0.0
0.027873712457161446
0.15694005959643267
0.2054977221415193
0.17993552800234403
0.15112817919477617
0.06161435705125544
0.10947422591594395
0.23455259983695803
0.27466742436597164
0.072501421293166
0.0
0.0
0.05046247001535844
0.04559846788913573
0.21050212635648252
0.03741046307423182
0.2954196873340522
0.0
0.22419627477015658
0.10375795766841403
0.0328111487696493
0.09589974807811048
0.0
0.0
0.0
0.09332328183327696
0.07352367630010481
0.17105246362985818
0.0
0.2946048695719065
0.10960264087199593
0.25788873536835066
0.0
0.0
0.3186586177247384
0.0
0.15021711139702887
0.0
0.0
0.5310977159928287
0.0
0.0
0.0
0.0
0.2082425410148424
0.0658520767654604
0.14724971747801655
0.0
0.23285225456431924
0.2707152893555448
0.07508291475836879
0.0
0.0
0.0
0.1545267974966061
0.30157655048589704
0.0728446224325826
0.06190602991445686
0.0
0.05150892930077339
0.0
0.13441130245316957
0.2232214755056434
0.0
0.0393973245900622
0.12962352395218796
0.06566221009621157
0.08305686011653732
0.2683164528342314
0.14554373351000202
0.10025849754643067
0.05571622772158638
0.11242188652229461
0.0
0.1352311433709949
0.031419848830937916
0.042154144762662375
0.03783450707589548
0.0
0.23390312125632956
0.3470173975025838
0.042154144762662375
0.060027533885103436
0.07025691657433411
0.007809140831324554
0.0
0.009203161358478207
0.0
0.08740670894195501
0.11149515743708735
0.5238460305271785
0.25085405609247585
0.00938541943062532
0.0
0.10159004998095933
0.0
0.0
0.0
0.0
0.030090735403946786
0.6444975496557905
0.14775789086861874
0.02898723584082514
0.04707620182520616
0.018430882223572604
0.0
0.0
0.05285189427587959
0.07278353458989519
0.23441954430298412
0.0
0.2121358774122564
0.393560729034706
0.015817159408424913
0.0
0.06517404226751278
0.0438603295626079
0.0
0.0
0.15898457008847663
0.3618375906926545
0.13260726378836032
0.23753581785014957
0.0
0.013429744293505522
0.05822419477006573
0.054037119354120464
0.21811080223748827
0.32545107860463
0.0
0.23064653668692084
0.0
0.0
0.10009940490788644
0.0
0.04771324226035407
0.0
0.08145160029070601
0.0
0.11867247124894514
0.07693528843752122
0.12878628201159814
0.5464384484996487
0.0
0.5210934431394165
0.07226266138407215
0.0
0.19901974798538433
0.0
0.08016822317010219
0.0
0.0
0.04481540186589642
0.08263551194106825
0.17272697931882441
0.14612333060349664
0.06106820853976038
0.14612333060349664
0.0
0.41288454467643715
0.0
0.06106820853976038
0.0
0.0
0.25370117146736815
0.04330805325678261
0.3286849766239226
0.0
0.0
0.11620769425235764
0.0
0.05478083184236158
0.104554880299441
0.0987575502703976
0.047649498827788635
0.28288659556757967
0.2412897986405823
0.08561992708253148
0.08101291425066945
0.07147424824168296
0.0
0.13917584328727528
0.05088968505501859
0.0
0.0
0.01854742886623296
0.602765528267936
0.21410381674107246
0.06102085273848738
0.0
0.0
0.058456483920234566
0.0
0.045105585695434894
0.48157431495232916
0.0
0.24323176999893237
0.0
0.0
0.2751853155074366
0.0
0.0
0.0
0.0
0.0
0.0
0.0
0.0
0.0
0.0
0.0
0.0
0.0
0.0
0.0
0.0
0.0
0.0
0.0
0.0
0.0
0.0
0.0
0.0
0.38320650649506
0.0
0.36129055529864496
0.0
0.0
0.25547100433004
0.0
0.0
0.0
0.0
0.3020939236481506
0.0
0.065726973160042
0.0
0.0
0.3020939236481506
0.198625423724828
0.131453946320084
0.0
0.0
0.08156680560618666
0.13679169599042465
0.6496585311490476
0.09119446652578339
0.0
0.04078340280309333
0.0
0.0
0.0
0.0
0.12815302943432086
0.26511191161403075
0.2463042628191329
0.0
0.0779524465690258
0.14096832951330956
0.06901251877711971
0.0724942974473723
0.0
0.0
0.0701146439132789
0.4479745496328586
0.3938421680259871
0.0
0.0
0.018144565118763795
0.022162297005872928
0.0
0.0
0.047761555676174496
0.03856314335377279
0.0
0.7770884833763769
0.0
0.0
0.0584542127554301
0.0675551819622331
0.0
0.033505611031967315
0.02483295455435216
0.4131219596774669
0.1974227410176426
0.05982507822234387
0.0
0.0
0.0
0.028914767215487414
0.06130993487690242
0.12188212339090547
0.11752279734846913
0.0
0.02782904019382534
0.5350583243321739
0.2876105798132354
0.0
0.11931602782624852
0.03018483467423857
0.0
0.0
0.0
0.14394508282349688
0.13943127944401795
0.37428883038358524
0.058124583895254565
0.10407193990286658
0.0
0.09826037349008503
0.028194564196802253
0.053680853792867564
0.0
0.08348824092585565
0.08800434065139157
0.039356733789433045
0.1003403800160878
0.1147436104922973
0.30612355524510304
0.0
0.1180701961846668
0.14986598534159876
0.0
0.736115697176324
0.0
0.02197489120492349
0.0
0.0
0.01553859475104364
0.0
0.02197489120492349
0.0
0.2043920410140108
0.9999722229949094
0.0
0.0
0.0
0.0
0.0
0.0
0.0
0.0
0.0
0.29550510616703163
0.0
0.05970104476506493
0.0
0.0
0.0633225210651155
0.21769766672820462
0.24069152600544813
0.12307685839226178
0.0
0.311795933325169
0.2989999644412191
0.0776729797494116
0.0
0.0
0.015534595371173535
0.03473641334951637
0.0
0.10513548371727473
0.15612074639730605
0.14187496103479233
0.19604149739745613
0.09066211189133769
0.12031091380607972
0.10110709483849123
0.0672077694038005
0.0
0.14684167486591274
0.0
0.13595231035949087
0.04715669185034951
0.17033724586830132
0.07973827430167436
0.0
0.03775065529470789
0.2158829399426362
0.12984672356197383
0.06960877107605301
0.10722538878256506
0.14245213872359241
0.12689545088016135
0.15476747075284844
0.04440873287663987
0.10776682784416895
0.05337265748568099
0.12818402247584806
0.0
0.08881746575327974
0.14579994704321717
0.14998480807827427
0.02407945250562199
0.0
0.03601800180753369
0.0
0.04939468869369746
0.01872846239546194
0.008460657396909663
0.14221368110698948
0.4924140031064414
0.22869038411369025
0.0
0.04383921464830593
0.01706754558680412
0.04679836601609585
0.36541645192527406
0.4379724825609929
0.08890560607468205
0.0
0.0
0.0
0.04278053797951371
0.02735412447202253
0.0
0.21161836220840285
0.37851976506301044
0.09190818569891437
0.07831737744414957
0.13437867638548157
0.035122615230208445
0.0
0.0
0.010234351999122813
0.21556003732177534
0.20493235140491686
0.0
0.23241796567411496
0.061406110289693415
0.12225776772757603
0.0
0.15319084346515296
0.12502097517538324
0.2562653937038143
0.1010634641266362
0.11954396471161434
0.0
0.020417902921350473
0.0
0.17325164192243098
0.0
0.20443410520084826
0.8632804865900167
0.0
0.0
0.0
0.0
0.0
0.0
0.0
0.0
0.1367128105128394
0.0
0.0
0.27460683289205273
0.0
0.0
0.6796172689345702
0.0
0.04576780749135141
0.0
0.0
0.21505969270394676
0.0
0.11029635780723719
0.08086039533928042
0.0
0.0
0.16079185484443081
0.20369604273923972
0.10744894702027
0.12184372260553733
0.13476130814668827
0.1724845130354688
0.18287795658293585
0.2025589748453441
0.0226185189281265
0.0
0.0
0.0
0.07097369937755922
0.2137247952937146
0.14743236614428565
0.21100239069857293
0.1448336736979229
0.06708584600484205
0.1036526424083008
0.026596382313019553
0.08147894862551985
0.0
0.06625072628266365
0.15166642184401932
0.03624863590091387
0.0
0.0
0.20343704768360968
0.22418543582003284
0.289989087207311
0.2205036063251104
0.025631655983433307
0.0
0.0
0.15014444867829596
0.0
0.212336304069798
0.07913307947244139
0.0
0.2752648272379732
0.0
0.28311508452265666
0.0
0.0
0.0
0.0
0.18064527335130323
0.0
0.0
0.6386775194218983
0.0
0.18064527335130323
0.0
0.0
0.5530545620978655
0.0
0.4469355619278533
0.0
0.0
0.0
0.0
0.0
0.0
0.0
0.19656333187809735
0.05650798875742291
0.17689797197731355
0.25688829550681996
0.09111638632935902
0.0
0.06442901593144286
0.10108455351364547
0.05650798875742291
0.0
0.13530764107800522
0.1101212572152423
0.07654155152050315
0.020170472186804872
0.12660887891355072
0.1172666133065339
0.0
0.23105803381447015
0.14573078654312382
0.03719251029450428
0.0
0.14080054669741682
0.7233225961001482
0.04954733578599228
0.006576291770483294
0.019403831883142215
0.007132990443425246
0.02392477731292789
0.02929123126019135
0.0
0.0
0.27444239917407987
0.6556350087990307
0.05073722730801834
0.0
0.0
0.0
0.0
0.0
0.01918510188458348
0.0
0.39840287832355425
0.20694849267793436
0.16944013587988216
0.06485377407890155
0.0
0.018091880893112682
0.0
0.036381815814719394
0.10588001096504612
0.09670260000631382
0.11962398794698455
0.4551457523637534
0.11717618540212461
0.0
0.07474181083418395
0.06938067365447177
0.0
0.0
0.06722806877326151
0.2505367435049511
0.06717060337191993
0.0
0.07862011285512309
0.30457799175832356
0.0
0.026346480368279638
0.05343994572728578
0.06717060337191993
0.15213543617017294
0.4530690110218012
0.0
0.0
0.0
0.0
0.2265345055109006
0.0
0.32036816665347634
0.0
0.0
0.1830794128304148
0.0
0.06472834646999573
0.0
0.0
0.4576985491266364
0.16502555616940406
0.12945669293999146
0.0
0.0
0.16530674854042718
0.29724520762620377
0.04675580691164803
0.0
0.0
0.29755215476255636
0.0739274270832688
0.0
0.11920438973859196
0.0
0.4136847479090738
0.4107933440534617
0.05850385530630697
0.0
0.0
0.0
0.0
0.11700771061261395
0.0
0.0
0.0
0.14427433911208762
0.0
0.0
0.0
0.25808576815325834
0.23263537265301834
0.36498838972076564
0.0
0.0
0.5374908325434106
0.0
0.0
0.0
0.0
0.0
0.279225967411702
0.1200200172912214
0.06325611050578055
0.0
0.05565813410445882
0.0
0.1574249676387848
0.08297025258016072
0.07649478764418725
0.16697441268051205
0.0
0.026237495758368087
0.20853182209558346
0.22570348931999906
0.06861868073645694
0.0
0.13805012812758236
0.03616522331535965
0.24473032297116248
0.0
0.16381541731278523
0.07322899235058127
0.20582318167843622
0.06956519439587457
0.0
0.0
0.3668304049626237
0.07110704538262888
0.0
0.06745806050575529
0.2527420744270393
0.12720013740063207
0.0
0.11465665581615292
0.0
0.2521922148571166
0.02147261361214463
0.12241273381307752
0.06260288838361497
0.3545509979997063
0.0
0.11886238432941584
0.06790237114712537
0.0
0.033378253514131755
0.1396304001522761
0.1970401124445529
0.21997694680688465
0.23605198257906132
0.07867330339915082
0.09524621958275409
0.0
0.0
0.0
0.0
0.032582721156422384
0.15512407715428667
0.046078927354384486
0.088634584418555
0.324159236008225
0.2286762433265277
0.0
0.12474056772276736
0.0
0.3686935998047148
0.0
0.08690191394898651
0.0
0.0
0.0
0.09715930289517422
0.13035286520060177
0.3168846370336884
0.0
0.5048960660649582
0.0
0.0420018137177619
0.0
0.0
0.23759814092655032
0.06641070331333171
0.0420018137177619
0.107084037317566
0.0
0.0
0.09595550904031472
0.07527369189400535
0.38329075317542644
0.0
0.23951943832685949
0.1683171082989244
0.03763684594700267
0.0
0.0
0.19697266220607718
0.0
0.3482017867228184
0.11011107224655187
0.0
0.3447021680328896
0.0
0.0
0.0
0.0
0.3769710046524204
0.16881174434773788
0.15837306679840063
0.10009641780472879
0.0
0.0
0.054185775874984084
0.0
0.054185775874984084
0.08737193088530437
0.2100706456885529
0.05476575160008832
0.025854571103837574
0.0
0.0
0.0
0.0
0.36325330650745097
0.22115228446742125
0.1249031571831715
0.1796347427925145
0.0
0.2905958625270073
0.1830445877401353
0.06435826928197544
0.031247630180359448
0.03477979885893188
0.10383935181660557
0.05757835719733591
0.05492095875368765
