0
0.07965818206015365
0.025014954247790808
0.011243817728235628
0.026688075677533597
0.03574796108465276
0.06573987372438492
0.10999296694832202
0.06981236783718861
0.020830290195883276
0.037436643715653826
0.052644239795984295
0.05434120565039416
0.07344794202008936
0.06490364551381392
0.015522155974221321
0.03543061588729677
0.01298629723524244
0.024638894977112375
0.05121182054909165
0.030066876120888115
0.02198065764374185
0.020562444836399848
0.027671267695813958
0.032426738013872844
0.10650567104710099
0.06759898646410914
0.020169871737896982
0.036249725517089285
0.05097516906576491
0.05261833309781484
0.0596815280607854
0.025476398213246654
0.03550458484940823
0.04081197687934284
0.03386366706628115
0.051544680022666066
0.04958816426587838
0.029113614319084404
0.02128376711124828
0.01991051833976529
0.026793957981434316
0.03139865745833264
0.03520149698474862
0.058612738863304245
0.06682827150369178
0.04798465101981461
0.019276456178818513
0.013007051142700118
0.06272407216710535
0.026775176373802913
0.03731459657147542
0.0428925576512534
0.03559002535499583
0.054172410369238
0.05596594731098355
0.07552117713630631
0.027309829145632014
0.07153910056620517
0.02732917165506877
0.04331866888477368
0.03699605739003019
0.06160079645797887
0.07023515417251383
0.05043089229241508
0.020259163392311184
0.01367014620880697
0.02479306334269993
0.0371216058573035
0.07555468106965779
0.023305762865046705
0.013758186890490631
0.01182169086221675
0.05767750078790004
0.07783076965674067
0.02814501974409488
0.07372691301632225
0.0281649537871493
0.04464344264287958
0.06239969230459006
0.14032481535047325
0.02649352077141936
0.01891847573857683
0.018400878335537434
0.007642796449638801
0.025551286080033653
0.038256860715418305
0.07786529820910376
0.024018500902736162
0.014178940469048653
0.012183222419715966
0.02785298358038876
0.06691277262789132
0.030464807104676674
0.026707835252856832
0.03862973923664423
0.03300890678570224
0.06674462654839071
0.15009573044561747
0.028338283163462694
0.020235782443805687
0.019682144371366988
0.008174969715018684
0.02882481485251125
0.03842271054162146
0.04650459530590553
0.03808095376159929
0.027865172751092165
0.023650683684790803
0.029792406319201624
0.07157195581295303
0.03258609294329537
0.02856752051222449
0.041319555013605014
0.03530734006552582
0.04123931881869738
0.06776964706117675
0.02353142932642804
0.01612903833184924
0.03891710485035782
0.0766480505920331
0.027316297230353177
0.03641189672582812
0.04407082419968189
0.036088025442305875
0.026406877030735115
0.022412949000382758
0.1010833336527842
0.058138193490578256
0.02616160110752668
0.02504019341789142
0.026069760742136135
0.06492161560651243
0.039081100648620214
0.06422299091221934
0.022299935698624516
0.015284941373150548
0.03688041740689889
0.07263675214610146
0.1018477493256213
0.02725447843803874
0.007606681551705575
0.019011506414976596
0.02823638445987911
0.07151542501819023
0.07578146782245442
0.04358579678817838
0.01961316926214487
0.018772457765234254
0.019544317182943045
0.04867128087569919
0.21387626132007254
0.03661380517317943
0.012037194783952154
0.008568792864360426
0.011027572595497324
0.0535877285482229
0.07635454490272826
0.0204324917484864
0.005702675925056973
0.014252793310039912
0.02116861982133336
0.053614613645815996
0.04057045042433134
0.046273616301079734
0.026843120750822215
0.028442840756423393
0.05244110107585256
0.052223234657818224
0.21253779953281288
0.036384671847171215
0.011961864660147484
0.008515168391307169
0.01095856080132155
0.05325237049359289
0.043121227229326514
0.04951177665226922
0.04331917589564541
0.018270429911002653
0.01835414482331041
0.007954802355414348
0.040316555965686326
0.0459840307865629
0.026675133470915522
0.028264842248133536
0.052112918745384346
0.05189641575998843
0.06644771031368578
0.01976907578540968
0.04167574925353159
0.032146305849716623
0.03178351918207024
0.0487856986708542
0.05940937320260512
0.06821381964421967
0.059682092857121345
0.025171704492134624
0.025287040969954818
0.010959563357797188
0.02521290573443088
0.014489787556286958
0.024855172973907755
0.03808117676014642
0.05012861576198982
0.028243101429932485
0.09154694970739606
0.027236432649746987
0.05741789601056121
0.04428890372609952
0.04378908194652652
0.06721348081938347
0.06817017990939349
0.054640805714437204
0.023151340023186046
0.028574518721589434
0.013444308775268803
0.05079167647540683
0.026265646238661032
0.015094794627620364
0.02589297669256231
0.03967121948058571
0.052221687651025216
0.029422364825970465
0.07985508570975626
0.035813693689053114
0.024584998617035086
0.028175885092597757
0.010122510739059795
0.03333102555199075
0.07101655986762541
0.05692227973275335
0.024118001844172808
0.029767620126241113
0.01400566289082298
0.052912433823513474
0.06493200369347722
0.10763361015181415
0.06352751671367761
0.024625413269936298
0.04272272354958271
0.04736421168461726
0.07127564323920602
0.0319659547262534
0.02194364422615701
0.025148734309898852
0.009034972008477977
0.029750018610903622
0.05971618095094792
0.036655787847733726
0.02913060053112609
0.026553787802757276
0.01411779073279501
0.033737373628806924
0.05795586203343912
0.09606970839167489
0.05670226982930382
0.02197971682386598
0.03813269467889695
0.04227551225239699
0.032990661912222996
0.035925081198644314
0.028094545438478037
0.060853871360434686
0.05946606881973653
0.08052345283200006
0.06228581107240719
0.03823311270473904
0.03038411117746944
0.027696416348156908
0.01472528939961779
0.03518911702758051
0.07720313455384858
0.045770555979905515
0.010553815661266834
0.02466526669609114
0.04063123924157977
0.06116329531827059
0.034410273769956534
0.037470963224149854
0.02930347389066288
0.06347245711667432
0.06202493643669755
0.0839884347947779
0.024794591095476975
0.020558893778241466
0.049898328028611064
0.02189226830277561
0.03036751232583347
0.07331663340935043
0.07054737045603282
0.04182462781275786
0.009643960021607138
0.022538847898621334
0.03712837702028945
0.055890342769957836
0.08839937904526492
0.11119401200069769
0.024110918522153378
0.016494378600181322
0.01483462998411794
0.02128011849371577
0.022657023104397635
0.018786489744509055
0.04559654025596282
0.020004912637342977
0.027749496885834935
0.06699592869653449
0.05302368249342354
0.06763321755965707
0.06322098627323762
0.0361496575574514
0.021549851030456715
0.04274518840796792
0.08840602187962965
0.11120236775400782
0.024112730354316162
0.01649561808202128
0.014835744742964788
0.021281717603392133
0.03736815443429205
0.012752720685519801
0.0018746359503648993
0.03788133343353817
0.03176014320877001
0.04182611954525579
0.05302766699584897
0.06763829990601125
0.06322573705932598
0.036152374049242285
0.021551470409376862
0.042748400525627006
0.03537512126619701
0.04860872366229416
0.04019703437361833
0.09142264308332843
0.03541873172942773
0.02483642653308935
0.07561903560065351
0.06682217289871614
0.01598098507501396
0.03647793158590824
0.013370167304127708
0.02536721145876916
0.052725622730407026
0.03095564168651585
0.02263039762820395
0.02117026298292874
0.028489219976138187
0.03338526021074119
0.05290474409535432
0.09588172921071213
0.051321082964758645
0.08644529292507377
0.03812603411781726
0.021186244361288648
0.09786265584900894
0.06635628793482307
0.01564097197557097
0.017517428134944793
0.010922795231161414
0.022840757277702697
0.05887249186203609
0.034564518518669006
0.025268699186604994
0.023638338831053093
0.031810555937420666
0.03727738731733031
0.0417922275495913
0.0695867258412697
0.07934044198853833
0.05696875491336839
0.02288556203515847
0.01544234443610202
0.10927169963505029
0.07409225001310167
0.01746443090970067
0.019559648457667025
0.012196198737096884
0.025503583026982538
0.04010115279257936
0.07126123436715998
0.048124172480026726
0.025555543176237917
0.033426867531615695
0.0259950958861932
0.038799054730862224
0.0646029020887481
0.07365805393912778
0.05288863430909587
0.021246490699616694
0.014336358746089552
0.02600134958808819
0.03893072178396896
0.07923682718646849
0.024441565743411383
0.014428690077268299
0.012397819203785899
0.03722909529346613
0.06615748177383951
0.04467750372277704
0.02372524693007095
0.031032824495930027
0.024133318733145264
0.10398852981097544
0.10346810725026784
0.05443523197206394
0.011917206070620306
0.021926956435090406
0.016339960186463807
0.022526663898044565
0.0337282217588242
0.06864802799292918
0.02117532148777479
0.01250051466592247
0.010741038857473484
0.024555898975412556
0.05899200278034688
0.026858549045876742
0.023546307074366234
0.034056960950117586
0.02910149205305354
0.09009204127530329
0.0896411652901817
0.04716078950796247
0.01032465237418235
0.01899675154349037
0.014156372536775083
0.0592545285344017
0.07440640631512573
0.09708660776866748
0.0708975059735031
0.05315678918668993
0.0083953301761893
0.02449930241318466
0.058856037708994814
0.02679664532392594
0.023492037424743314
0.033978466291394796
0.029034418784526315
0.033912485357110264
0.0557292707409293
0.019350689471198508
0.013263453226708383
0.032002850342438605
0.06303028196903358
0.05911795839234175
0.074234914047244
0.09686284205585133
0.07073410103717193
0.05303427314563389
0.008375980576029429
0.08271333855527557
0.02614435171282707
0.020130137051096966
0.007858728314702128
0.020827322464613173
0.06602005375387521
0.04271381074912137
0.07019271806675509
0.02437278421896883
0.01670572430889861
0.04030856714171119
0.07938856462858992
0.11131481503124278
0.029787867146712423
0.008313746307957578
0.020778685185103337
0.030861044393366892
0.07816300664955314
0.104179975377042
0.032929609241571685
0.02535452224453831
0.009898308261047834
0.02623264855985821
0.08315427347758801
0.051156138183210825
0.04338552586199678
0.018177878517717922
0.010585009875197641
0.01641806254990461
0.025626638653109678
0.11040423249083477
0.029544195073662877
0.008245737820216903
0.02060871043433113
0.030608593466727257
0.07752361404811996
0.05866251244915372
0.06690895871102943
0.03881359188151527
0.041126693998011825
0.07582678310282111
0.07551176092962564
0.05073766840224539
0.04303062159929584
0.01802917900458262
0.010498421893358062
0.01628375876382659
0.02541700645167883
0.03067696387909303
0.020086493581776332
0.03103787168486159
0.04554985439598114
0.027516620788193988
0.047350080396360225
0.05143769118586092
0.05866851268480065
0.03403334548185078
0.03606156806186453
0.06648802599855977
0.06621180166746635
0.08477700342340565
0.025222283772087406
0.05317181164648716
0.04101371541932523
0.0405508557298065
0.06224300767787929
0.02689881712618944
0.01761265944348576
0.027215275857406938
0.03993997607948017
0.024127698993601183
0.04151848789573622
0.03187875319269257
0.053119703519487346
0.028510027792293866
0.02831654761632239
0.029492196600418654
0.03149016758726834
0.08465092233320565
0.025184772974266016
0.053092734069908804
0.0409527194682488
0.04049054814764978
0.06215043934037672
0.06303507242343993
0.05052483578688715
0.02140740125669121
0.02642206400913627
0.012431579005050888
0.04696565286156783
0.031831342836175516
0.053040703438564596
0.028467627433227952
0.02827443500264182
0.029448335551435802
0.031443335138612964
0.04082131653322313
0.11584263044782503
0.05157984172421758
0.024306089771160687
0.011231225442885304
0.026404309554858608
0.060396489753988473
0.04840991863110726
0.020511309671764365
0.025316063849140903
0.011911206018147706
0.044999719406815034
0.05522183985100105
0.09153769550138866
0.05402738487256795
0.020942840979874828
0.03633381481635449
0.04028119823105956
0.039112578616255146
0.11099357824034888
0.04942076311552924
0.023288662095318637
0.010761098009522038
0.025299052577881228
0.05714000197267458
0.03144607499903522
0.022858506281105074
0.02045678479467092
0.03388083674593409
0.06545251825938908
0.054628718385876004
0.09055451616117748
0.053447092695433775
0.02071790011301164
0.035943564047173214
0.03984854978297701
0.031096726297102233
0.03386268575658715
0.026481687220048414
0.057360358117379585
0.0560522268686845
0.07590074366730402
0.05652627809497102
0.03110832199902318
0.022612989819274013
0.020237064513675195
0.033516932689411666
0.06474951210039691
0.04140196858243403
0.029588557357921926
0.037526193957974456
0.016989846448380697
0.05189220964280051
0.017955293645395956
0.03312603953396035
0.03607250024911181
0.028209831780879192
0.06110358603424771
0.05971008862729011
0.08085388189606312
0.023869226102300464
0.019791610279692888
0.048036060334906774
0.021075221607768334
0.02923415897759823
0.07058036541794385
0.04410378233844173
0.03151945035714937
0.03997508203063691
0.018098571526399557
0.055278596586295733
0.019127021971977774
0.06297103805672802
0.047979787520136256
0.030031750027268444
0.032589364899107805
0.036123069525147045
0.07053984823503875
0.022116392390771986
0.018338215789440195
0.04450853809504975
0.019527565275983476
0.02708735207382608
0.06539730488023135
0.05175845752660452
0.06601938707073556
0.06171243827169616
0.03528707225343525
0.021035639110936675
0.04172522379891135
0.05834676754696324
0.04445639766757783
0.02782637212191109
0.0301961688571568
0.03347037631439136
0.06535976307171786
0.058050298793155444
0.025537653196636707
0.03526104875527995
0.037412426793117216
0.03190380727313363
0.07766527184029062
0.04959293090579425
0.06325719617434401
0.05913044618192464
0.03381069335833408
0.020155527170640234
0.039979478519516894
0.03308378520359821
0.04546021370677513
0.03759337080518255
0.08550096729715664
0.033124570906841386
0.02322770837907604
0.05562152727657863
0.0244691810961706
0.03378575865958887
0.03584712500397548
0.030568981096761226
0.07441582775482565
0.02164032931241332
0.03167592449788364
0.027874226405150655
0.07494833310289657
0.038581051203701214
0.026654787311675227
0.04633147716702172
0.08396869172363619
0.044944581515844455
0.07570470633287232
0.033388980693583134
0.018553912577495734
0.08570349375096238
0.05811170419422825
0.013697624822644743
0.015340936536736932
0.009565668382035476
0.020002856877674505
0.022652199489614052
0.03841875311329261
0.04029640452257552
0.04828584646409205
0.029769861956461044
0.03791059506430786
0.05614756005268176
0.08753086815704518
0.05961940074792469
0.031194551813727052
0.01992710253019137
0.022932163027374775
0.0970603463955383
0.0658122777948421
0.015512742268655686
0.017373814638343563
0.010833246651100335
0.022653501420712638
0.03561976059590527
0.06329763438612777
0.042746190152713234
0.022699654908782597
0.02969134142117527
0.023090086634744995
0.06358785843449216
0.09912987221165179
0.06751976419191202
0.03532824476785015
0.022567708614773512
0.025970979590443564
0.06381622866020809
0.07228101146109284
0.02396652441266316
0.014816671993642835
0.02411054679382995
0.04051392536265238
0.03565163972017445
0.06335428477116076
0.04278444731910388
0.022719970742117755
0.02971791470373105
0.023110751898320625
0.09958237154643333
0.09908400011166323
0.05212872520952039
0.011412255225428408
0.02099787665592296
0.01564761026336414
0.0638733431789419
0.07234570182700549
0.02398797407423499
0.014829932681526159
0.024132125353162736
0.040550184687242474
0.023068141918305998
0.05157502623782498
0.045778115326660394
0.055794922157519994
0.027234235585989815
0.040638382509218
0.0853887712480645
0.08496143331887779
0.044698752633074594
0.009785652176542658
0.01800502296364418
0.013417336749549643
0.05616113599840181
0.0705220074747543
0.09201818523210502
0.06719628986017069
0.05038173014943239
0.00795705056538789
0.019780210721951498
0.044223973070184365
0.039253303140838115
0.04784240193246008
0.0233525058346662
0.0348461428873778
0.019683495061424628
0.06602277217766235
0.040159131500046824
0.02524848787492584
0.011225562818431165
0.02786858776376977
0.061911159556376126
0.07774236007494063
0.10143941084373984
0.07407614089657864
0.05554003277456065
0.008771728320557858
0.08662137259123602
0.027379618214294296
0.021081244358797553
0.008230036960558537
0.021811370339977775
0.06913936463689152
0.021698777663786584
0.07278247332393427
0.044270799615158125
0.02783353886264418
0.01237488520142813
0.03072189607601102
0.031019308437143983
0.03768492813995552
0.04183785414597364
0.025590482505415048
0.010763526812554453
0.029677626981060603
0.1144944184395049
0.036189838266987566
0.027864772176166435
0.010878300208672951
0.02882983826900344
0.09138704581297157
0.05622090300655219
0.047680953410515786
0.01997759763157641
0.01163298940560357
0.01804354931695431
0.028163829742982593
0.04100070887431028
0.049811193268429976
0.05530044879114202
0.033824994044717574
0.01422701702704403
0.03922730084058817
0.061896742423876314
0.01513830201063071
0.015470122350643462
0.020945007872200293
0.05953336749053088
0.10226067648715244
0.06417120521190131
0.054423605498629575
0.02280266677871175
0.013278032021076934
0.020595121103522535
0.032146529161571014
0.038799136940164236
0.025404685359303267
0.039255600344886364
0.05760984187612716
0.03480204697894871
0.05988670393416005
0.07064967561207358
0.0172790373852712
0.017657781055218296
0.02390688029637679
0.06795209144444292
0.11672154848171201
0.07346868460852356
0.03407019572315199
0.024424980303891595
0.012215675220690166
0.0365981282071963
0.04188005190788692
0.03700969091509557
0.0242330017390095
0.03744510187665565
0.05495283167744531
0.0331969498159171
0.05712468310687427
0.04386151245555924
0.0730866268035126
0.03922653221603041
0.03896032565842194
0.04057788398159764
0.04332686317773639
0.07008025239049523
0.032498852102696506
0.02329848143396611
0.011652278887908202
0.03491019439706234
0.03994851171585088
0.09176638533012614
0.05659769268597667
0.029299195834899625
0.015874058205913272
0.013539951677861846
0.05753205172929367
0.035228988432572064
0.0587022149052755
0.03150623342249339
0.03129241982570587
0.03259162134124652
0.0347995651826787
0.045178542901964006
0.12820755659127184
0.05708542227729281
0.02690049740585052
0.0124300351778233
0.029222679064014233
0.07370555063666569
0.045458520450355006
0.023532727746156834
0.012749834230652823
0.010875110645586557
0.04620898531319426
0.05428399234919731
0.07286237127430188
0.04348734864099475
0.024388061574259448
0.044701054421828736
0.02460059375394293
0.04487990861448963
0.12736009295362094
0.05670808243160664
0.02672268266550055
0.01234787151206131
0.029029514491192322
0.06556555863845843
0.036082943701762335
0.026229098393767754
0.02347323200392498
0.038876722290767544
0.07510379376645784
0.05392517021074003
0.07238074435737339
0.043199893301770244
0.02422685426381311
0.04440557637674031
0.024437981586412492
0.0298713577986269
0.021389265374341316
0.029137598312706035
0.014285552191032702
0.03958184561992026
0.040778587187037724
0.06956156164884761
0.03828207926394101
0.027827674815868293
0.024903847523705336
0.041246129377872684
0.07968112052481442
0.05094949971926173
0.036411848190243117
0.04617994926304003
0.02090780237003846
0.06385885046416556
0.022095887221495525
0.031691917832987825
0.02269287005034489
0.030913438143723472
0.01515620914486447
0.041994227631734375
0.043263906622160155
0.056203915460637105
0.04123370524187588
0.023998780340382775
0.022819952616918642
0.05086929797174299
0.09725545221798683
0.042066366253915216
0.030063379432431484
0.03812839517542593
0.017262490837177135
0.05272494935144611
0.018243431038307834
0.06006203118716795
0.04576331569748069
0.028644404831282735
0.03108386825665607
0.034454330043616116
0.06728119299564767
0.046404665515830654
0.0340445373608836
0.01981455144816936
0.01884125437874271
0.04200014781989884
0.08029879578278354
0.07076959885430663
0.017848174732487093
0.010197847724740257
0.00796934134662434
0.03566830761723577
0.1503645592866414
0.05619564805443738
0.042817386157416024
0.026800473790361844
0.02908290123053207
0.03223639571976611
0.06295008955797472
0.05591010946423681
0.024596134996156555
0.033961049929409515
0.036033111298516864
0.030727582700696317
0.07480192075552836
0.0662139356855449
0.016699231209070933
0.009541379975419212
0.007456329609383198
0.03337222571293632
0.14068511647901052
0.059610429757056056
0.03246829669848859
0.01581560119317907
0.01887172741684589
0.02224297390492655
0.07090988972951692
0.06403743026024697
0.028171529166751128
0.038897766204704635
0.04127103083771415
0.03519426903502078
0.08567543203932904
0.02491465349848424
0.036468700254770225
0.03209178023110133
0.08628850894965434
0.044418618056616704
0.03068783198069193
0.06827564415327399
0.037188020295836344
0.018114621275780545
0.02161499843100255
0.0254763030132921
0.08121763956159567
0.03237438129016668
0.037467883627952996
0.03180237350492705
0.049799101816586276
0.030222743705792202
0.018328671262478162
0.02596523260718775
0.04403774836620766
0.04619001863998826
0.05534796899744527
0.03412390000970058
0.04345526886132985
0.0643595098905234
0.10033283315595085
0.06833913011541218
0.03575696012617951
0.022841572299455062
0.02628614265315575
0.06297633045115295
0.04259145302149449
0.00973809146663191
0.031001507198750125
0.019735340472067212
0.043822695879370106
0.04006760000251877
0.045489660336006287
0.047116362189938275
0.023394546141533374
0.03135943038845854
0.0356706296896071
0.06294676172898146
0.09813043873398469
0.06683902577036432
0.034972063228012995
0.022340179586432956
0.025709138574497543
0.06317282951201496
0.07155226985130224
0.02372489243728646
0.014667289393951372
0.023867462775935086
0.0401054614716399
0.03918808074674378
0.04449112206064998
0.04608211637023571
0.02288101516362849
0.030671063157203082
0.03488762782087385
0.028959049766519272
0.05131664888457023
0.05092929527939796
0.028677107542214076
0.024755735390023785
0.04913325918518689
0.07012770065974622
0.0794296567118806
0.02633683132255879
0.016282051762669017
0.02649509762326023
0.0445207824096154
0.025326930934105915
0.05662515568336753
0.05026062217225188
0.06125825586480944
0.02990096064833755
0.044617616396228785
0.03214723147759132
0.05696624038589238
0.05653624195329364
0.0318342494556976
0.02748116262092216
0.05454247528870283
0.016338446279926633
0.03204777360230842
0.02233722151106817
0.05297646495078417
0.048921297073318146
0.03668946042471381
0.026818522315925093
0.05996000878622581
0.053220645677352
0.06486596841201664
0.03166193260847012
0.04724530359082327
0.026687392716923358
0.0895153855484906
0.05444879124199337
0.03423255419446098
0.015219908988169441
0.03778495352562348
0.017300674420669754
0.03393517887206117
0.02365273846755927
0.05609643391841878
0.051802443047610405
0.03885023083607874
0.034344047430024754
0.06225788595151275
0.03842501885527993
0.019508640709421442
0.04587417237094754
0.03629109044031437
0.028110494560816775
0.09428878216996367
0.05735226615376742
0.03605800082059115
0.0160315087114807
0.039799831397137816
0.040185125384176575
0.048820352183751914
0.05420041578514442
0.03315214941704754
0.013944014110273033
0.0384469938701363
0.036175439418850916
0.06557777985176326
0.04047402812960712
0.020548936509761147
0.0483204068150782
0.03822630825159812
0.06137027505762551
0.01871569703510034
0.012698697335707986
0.021533344645871137
0.051716916736347006
0.0842521544648336
0.036412114670743026
0.044236573731851754
0.04911149924015768
0.030039469943534604
0.01263480046160678
0.03483717759148764
0.054969568691915514
0.013444098989146995
0.013738783656860133
0.018600947382644534
0.0528706908567361
0.09081617320258069
0.05560817519940382
0.01695846659852155
0.011506407386722475
0.019511563221321443
0.04686117772728515
0.07634165827036742
0.06717315454654411
0.010301882952450313
0.010654983489240039
0.012663056502038902
0.06610995152956198
0.1545975505960934
0.05357316116299437
0.01310257473318595
0.013389773442787273
0.018128422245768012
0.05152760171617191
0.0885091442222616
0.05571079621904178
0.025835194153662325
0.01852129390385664
0.009263062167563481
0.027752107900308468
0.03175735416954088
0.06546673586831327
0.010040181300805705
0.010384311924609525
0.012341373289683598
0.06443054169882649
0.15067026521361046
0.08196095279290797
0.02314743006594802
0.02185624348055965
0.03336360076308198
0.03564034403516049
0.08362746183686183
0.06884904422709669
0.03192789451271858
0.022889160982657645
0.011447565286007207
0.03429687302818379
0.039246674435555226
0.09015418333469852
0.055603353497866846
0.02878445155441479
0.015595174078320794
0.013302074409028461
0.05652129721100971
0.10128976153109022
0.02860627642240318
0.027010589978193764
0.041231721325273446
0.044045387775430926
0.10334928253346316
0.0511599257818743
0.007856176044963428
0.006776137173829148
0.022965819297504488
0.03451977783274657
0.06257130914597867
0.07977117659017394
0.04919954645273849
0.02546936240855259
0.013799086624052676
0.01177008195791441
0.05001177110313667
0.058751313873955546
0.07885860746571435
0.04706615631948811
0.026395086255070886
0.04837974447309534
0.02662510885025101
0.04526786581533327
0.006951384654882333
0.005995733254950623
0.02032085876611952
0.030544154375249728
0.05536500655584272
0.041401764401876914
0.03333124709478297
0.03174085278630115
0.08906609610064016
0.05436166648479897
0.06955624893936382
0.05446181576492914
0.07310105371414471
0.043629804428452636
0.0244679519475451
0.04484748606475157
0.024681180339804494
0.030168627724666604
0.021602124306926106
0.02942756610572651
0.014427717306923746
0.03997575112630101
0.041184402271802686
0.03837897600103853
0.03089769604788555
0.029423418178833063
0.0825632823657558
0.05039266136449918
0.06447787062536607
0.020520206708885252
0.0224989740205602
0.053441533172477504
0.0611152706960024
0.04452093991364287
0.05979361713112284
0.03096341268659593
0.022171226876044125
0.030202827984406176
0.0148078119156399
0.04102890230463703
0.04226939506267178
0.05491195068033498
0.040285862115694175
0.02344711808134147
0.02229538818350527
0.04969996055388613
0.09501983183588025
0.021060806429122725
0.023091703871370058
0.05484943701535611
0.062725337237203
0.0456938329552906
0.061368865039277444
0.06298995956917587
0.013692184664057349
0.027605804345196615
0.04761208878973353
0.050592909770470734
0.061613307446627796
0.0500756767373088
0.03673775532275427
0.021382054196141354
0.020331760893168356
0.04532272351862876
0.08665112646145676
0.07636808746845339
0.019260120040087918
0.011004585862302645
0.0085997853156961
0.038489979879248695
0.1622596991032525
0.05744222913231536
0.012486269465390084
0.025174471446313358
0.04341873740567317
0.046137027795904
0.056186823235887515
0.06081108140925255
0.018889962861994288
0.021267144894024727
0.023399027942505174
0.021637100986110054
0.036666700608723
0.07369913884271559
0.018587008107911113
0.010619992306438897
0.008299235885157479
0.03714481356294109
0.156588969151908
0.06634913471996352
0.03613869922688771
0.017603487485665086
0.0210050957505557
0.024757447282384586
0.07892595047235959
0.05868582650845516
0.018229787360786613
0.02052389049261365
0.02258126746766616
0.020880917181380316
0.03538525513268674
0.07267427283534271
0.04634226890218064
0.024300255181238264
0.03334129165912642
0.02697468765464012
0.07036124118869266
0.0788008742904571
0.042920847526015535
0.020907133307559906
0.024947121265177882
0.029403676465200465
0.09373798057318011
0.03736514802483073
0.043243854002572885
0.03670496071884733
0.057476026930143774
0.03488181850216396
0.02115418079137078
0.08631305083357943
0.055039320731284785
0.028860683139950945
0.03959845058720505
0.03203702625315578
0.08356593262643457
0.029633540380656884
0.02838091865496985
0.024746171096538313
0.038381184820115995
0.010178852602640153
0.021721167916932637
0.07927500063618204
0.05361438878998829
0.012258370751074941
0.03902489213482785
0.024842970641039543
0.055164285038978085
0.05043734674495966
0.05726267037539946
0.05931037289444924
0.029449201739243203
0.039475448095909874
0.04490241287605615
0.05394586528051372
0.07714139687835248
0.043070946313678075
0.04858765931739233
0.010804164224648687
0.013086098219170148
0.05788111342052757
0.04274144160405872
0.0331598519619265
0.03220540940231697
0.020161797784255503
0.02219681048475972
0.052209162214627264
0.05927425289814089
0.06139388923676439
0.03048372386576977
0.04086218261154701
0.04647979144359844
0.03858131600301191
0.06836770760068976
0.06785164744103164
0.0382056924194271
0.03298136015062527
0.0654588397811724
0.05991442125249287
0.044242907329702465
0.03432472566107485
0.03333675445253427
0.020870062344465024
0.022976563083425265
0.04355402874783747
0.03717695440768233
0.02583987180311164
0.020492337314858295
0.022603382508942248
0.032518338072626406
0.04189924180458997
0.074247211063593
0.07368677063140187
0.041491315248769575
0.03581769952811968
0.07108818569136273
0.021294789004494444
0.04176961292601129
0.029113320255503953
0.06904711892445686
0.06376179724521391
0.04781937676613263
0.04729959916160565
0.04037410756450338
0.028062055653924826
0.022254642538099025
0.02454723393234893
0.03531485835998991
0.02780584455539823
0.024827519740946564
0.022865105169456924
0.053311884803129
0.0511113784963577
0.01118923606738516
0.019567450574820854
0.038381447981786575
0.026751777397196568
0.06344632419710435
0.058589724269826934
0.04394048192694227
0.038843887485878525
0.07041506455919413
0.04345955764527601
0.022064709940294004
0.051884717248761356
0.04104603677465855
0.02555035830193348
0.022813621929939125
0.02101038968721405
0.04898746217751199
0.046965451140528185
0.01028161507833451
0.04534290583200091
0.052280545877965004
0.03837404492605016
0.04671568841731986
0.0691214959172603
0.054165153540202605
0.03792164204347619
0.06874324496107097
0.04242772531433982
0.02154084172067352
0.050652851771074564
0.04007150711776287
0.06433264226314334
0.019619111058797135
0.01331166842806133
0.022572767622941785
0.05421331255608864
0.08831903894834764
0.044266358376135594
0.051039282495668685
0.03746295465341826
0.045606547867285484
0.06748038868758614
0.052879145130059965
0.028053684859287734
0.01796259677097365
0.010047304347326669
0.029404435283374247
0.048438363120605066
0.04363249950016972
0.06027802813785379
0.0183826015353853
0.012472690314605071
0.021150101628958615
0.050796476947665516
0.08275266377309502
0.07281420915801598
0.011167012552631536
0.011549765700271789
0.013726472293040047
0.07166172067688727
0.16758031479109747
0.026285579852320592
0.016830490331188948
0.009414065284004488
0.027551198194829606
0.045385498130055345
0.04088252775065817
0.03726398813725326
0.018356653168336384
0.009327694616733419
0.0336163842235008
0.03499954682465641
0.10575423623826388
0.06224442491521407
0.009545997716614713
0.009873190030242042
0.011733923692568714
0.06125923282758748
0.14325418681188934
0.0779267868549226
0.022008100046690047
0.02078046641871444
0.03172142485881877
0.033886105498085246
0.07951126935097322
0.03185470993191913
0.015691982829224398
0.00797367703250531
0.02873659589132996
0.029918977210425628
0.0904028443502467
0.03286517960662845
0.018071373444870514
0.0085112052305981
0.015572516408751302
0.05115521864360185
0.10550054223383575
0.09476591967288929
0.026763811589721572
0.02527089965953944
0.038576080464820535
0.04120852509467668
0.09669279163828134
0.04786483198134444
0.007350177715489663
0.006339701677651492
0.021486643406711713
0.032296437900290076
0.058541234244443144
0.03996698819925859
0.021976401098683342
0.010350384299867793
0.01893756817978251
0.06220930615109059
0.12829806430221602
0.029749418054051277
0.004552191934297315
0.009713354628773511
0.04784921504075254
0.05964205266301683
0.06959791750916322
0.04564595193016045
0.0070094439861429535
0.006045810797840585
0.020490582573558916
0.03079926515748829
0.055827425975204646
0.041747560077634034
0.03360963622334981
0.03200595862893642
0.08980999364542146
0.05481570581063365
0.07013719640507202
0.028370318044252957
0.004341165018416575
0.009263070611809627
0.045631058947357715
0.05687721352355819
0.06637155225575085
0.050639635782671555
0.014012062493012291
0.03550870073357024
0.0354848629144752
0.09707305747677016
0.06848269193642119
0.03678578071666474
0.02961506506679387
0.02820198769847302
0.07913589982892144
0.048300751709306894
0.06180125310894205
0.019668368020899236
0.021564992371028043
0.05122305817622454
0.058578242061536896
0.042672778265859836
0.05731145322851171
0.04462101579131847
0.012346701395186413
0.031288422036874514
0.03126741738931276
0.08553573428473844
0.06034338974003255
0.036085164120834894
0.01568398998135998
0.03395162800542964
0.032031476390752496
0.05375392556517018
0.028231435390642927
0.0209201429488913
0.022937476185837143
0.054483101912031415
0.06230639961180068
0.04538864741596972
0.060958987185676335
0.06256925455189863
0.013600735632734675
0.027421427335377394
0.04729409136960671
0.050255003679965674
0.061201796981291245
0.03838177071630548
0.016682182887283015
0.036112447685870366
0.03407008981357987
0.05717504399411828
0.030028198750250784
0.049196225083486804
0.029511085954845077
0.024717814626783706
0.0223510673895441
0.06666290123149074
0.06577403296703718
0.06512064055532026
0.014155332723240432
0.028539590663330963
0.049222602163432314
0.05230425157190937
0.063697422178053
0.0689398136884705
0.0214150199290794
0.024109964379891668
0.026526820268027353
0.02452937320259674
0.041568007836013936
0.051202299168884066
0.030714459275978555
0.025725732760467666
0.023262476689648762
0.069381213833544
0.06845610019482389
0.04326526654891753
0.01948848485883311
0.015315133224380167
0.018804376772967354
0.0393447222808906
0.11491081812187569
0.06073673349205839
0.018866867903606477
0.02124114358158471
0.02337042017971626
0.02161064736359328
0.03662187172626498
0.07521403724787623
0.047961802758686986
0.025149481749553896
0.034506477394326086
0.027917378225479173
0.07282017155594395
0.03811717530481149
0.01716956933454722
0.013492800680430506
0.01656686259271076
0.03466313271881025
0.10123769360853346
0.03959619139428633
0.016328293637328527
0.009754077696114834
0.07840655355251057
0.09763840471485602
0.07101214365212084
0.08070980047206631
0.0514662910352353
0.026987112090432062
0.037027807672544044
0.029957254107447276
0.07814101903947229
0.027709797166308225
0.02653849284360383
0.023139704973470863
0.03588956407862148
0.009518064240107342
0.020311078239790902
0.04248941851578159
0.01752137459627334
0.010466791751225793
0.08413558857464727
0.10477267876176133
0.07620088157703854
0.032865680562570256
0.02063557636655003
0.02262437855434868
0.05347741990382101
0.05936704395874656
0.028047108020045567
0.057559545072446996
0.08230887923443773
0.04595614627300477
0.05184240816050751
0.011527904398697658
0.013962698648952315
0.06175840427154507
0.045604568981838955
0.03538113595311307
0.034362758006198375
0.021512379165111156
0.023683711567485017
0.06300976164024227
0.03298026974441467
0.014668410071165833
0.05713995283490146
0.028263557083392978
0.044210805721684364
0.05110228566653335
0.127010933114388
0.03165639129423102
0.028457718051149918
0.01352932180277398
0.02250996319842715
0.055810679952712
0.04121256100846977
0.03197370913860213
0.031053407418754377
0.019440601206702317
0.02140282058735551
0.04057086604997685
0.03463057909413411
0.02407001161114558
0.019088747841572253
0.021055200412251604
0.030291047144011762
0.04618081285984629
0.11477897821606196
0.028607680911117313
0.02571706010009427
0.01222636267918871
0.020342111598138823
0.04357176320722665
0.19015846566772582
0.05236706328860203
0.02343635234151075
0.03204355871408414
0.039969477579102373
0.037731784065653626
0.03220718854852132
0.022385632080191658
0.017752948895758826
0.019581792373756634
0.028171329854099522
0.02218124764530882
0.019805381659799837
0.018239926472626837
0.04252789793528515
0.040772512471689074
0.00892586505250774
0.040522683412024564
0.1768514913137954
0.048702502966635
0.021796315236336048
0.02980120356823406
0.03717247976353059
0.009824714876067
0.036276682796807416
0.1372094163644478
0.12172609151029755
0.01531333738305182
0.014519498076211737
0.02055018547285915
0.018349024950169032
0.01689868297841532
0.03940067773986416
0.0377743717073949
0.008269516001438245
0.03646935646516913
0.04204930912194688
0.0308642928312471
0.037573487233467616
0.055594506522191695
0.043565101446457005
0.009102270356908243
0.03360913559666864
0.12711994383726652
0.11277516023549237
0.014187295884446678
0.013451830267179662
0.014951275048021672
0.020043678241491825
0.08439724864230075
0.08043065035703408
0.08098477015410505
0.02158815879591474
0.0369458272850464
0.04259868182096179
0.03126753369798084
0.0380643834817981
0.056320846734106325
0.044134277917230624
0.023414318085834107
0.014992039603806687
0.00838573545947587
0.024541688705514618
0.04042788843432451
0.0364167925640165
0.015146612914406709
0.020305548170954413
0.08549989563565774
0.0814814738876187
0.08204283323974662
0.02187020730781964
0.04349225262431673
0.03330284745673134
0.018552827690171733
0.03209868043639786
0.09987655981660447
0.06882017600091023
0.027220548194726774
0.017429144640328936
0.009748920100346392
0.028531184113049703
0.046999843493343595
0.0423367041248968
0.038589454397304414
0.01900959252449099
0.009659477260421545
0.03481210656296295
0.03624446774568862
0.10951587526291687
0.05056235053771249
0.03871655629236727
0.021568774219152764
0.037316639955221456
0.11611248724156653
0.08000757958164643
0.024479045367816227
0.015226322718334946
0.011884592216937597
0.03351461986330676
0.07075875110113099
0.07975487990936193
0.03751451655803935
0.01848006624243469
0.009390405365601678
0.033842389545878857
0.03523485124676801
0.1064652294282205
0.03870452209958394
0.021282216657223352
0.010023439241309936
0.01833937354680048
0.060244255902408346
0.12424542075479879
0.02379716342504406
0.014802182219371506
0.011553538096641102
0.0325810452994184
0.0687877136711989
0.0775332486471536
0.006318854879200635
0.00965961452569892
0.021168232434709833
0.04243666518484503
0.09307438379056339
0.08452059096230656
0.036107850389174426
0.01985440081217996
0.009350970503627268
0.01710899193007148
0.056202491619310874
0.11590984259181765
0.026876869753238372
0.004112640774604656
0.008775451229003417
0.043228984113518415
0.05388312733806205
0.06287767245032456
0.00589492530154594
0.009011554650219593
0.019748063747930596
0.03958960541012191
0.08683005867705548
0.07885013656593837
0.04546569059282687
0.05532926927412228
0.05084181159545389
0.04419302041132053
0.06428340144541797
0.04567309393393786
0.024381505218084104
0.003730805463089582
0.007960700479460025
0.03921541873786213
0.048880385343287876
0.05703983808471057
0.0435197991841757
0.012041993123115713
0.03051624486100211
0.03049575859399069
0.08342476999071553
0.05885415553649518
0.041244459738442596
0.050192261223323875
0.0461214384745102
0.04008994974690766
0.05831505313556121
0.04143260685862338
0.04416212334539618
0.029789963934738147
0.046115581553138184
0.03687075835162027
0.06499434716982752
0.0606100139157801
0.04173390094661533
0.011547832426181567
0.02926396638233577
0.029244320799078315
0.0800013132540523
0.05643898968977527
0.033750344727792723
0.014669188334729386
0.031754854859906895
0.029958942869373267
0.05027588380148481
0.026404776029395016
0.04234986640193712
0.02856748944989768
0.04422316161178499
0.03535771317236734
0.06232720963155995
0.05812279386743808
0.024400271063056766
0.030682409179948737
0.050230848693881495
0.08760603030806675
0.07573039948942298
0.025357427861634356
0.03098812876240882
0.013468623820671375
0.02915595497370061
0.02750702508994799
0.046161174750946186
0.024243740505194282
0.03971934929161287
0.02382624132290893
0.019956318014653977
0.018045487253933
0.0538213461360602
0.053103704304595545
0.022403289437130772
0.028171281036611436
0.04611982543364303
0.08043612500687505
0.06953242669176066
0.02328211003464937
0.014006997807628846
0.03067001825613141
0.11837940175293593
0.13307447621657895
0.02748161994617899
0.026445274336863566
0.035560060561374875
0.021331230231696724
0.017866553451644812
0.01615581904170008
0.048185339443543126
0.0475428468689317
0.03004778151873498
0.013534777013503524
0.010636379104152497
0.013059663095597742
0.02732495864031799
0.07980570634324684
0.012540227853820944
0.027458347784081214
0.10598307300171765
0.11913932422941341
0.024603828789742238
0.023676006121772366
0.05471426766012203
0.0909091600366457
0.08743201281698189
0.0407474544559643
0.02445190826883892
0.027293220113864335
0.02980125379083854
0.013423730618193325
0.010549112682438237
0.012952514783565346
0.027100770376560095
0.07915093855462643
0.03095759692200465
0.01276599377488337
0.007626056825905017
0.061300806856703055
0.07633689682857313
0.055519615456426676
0.054265363168409145
0.0901632937018937
0.08671467481811021
0.0404131410106163
0.02425129201420826
0.02706929224959079
0.017261069799572766
0.03479466131242937
0.06030355629145783
0.06671361628898578
0.05019012466772235
0.030374574093068978
0.03224891420727466
0.013298494681419781
0.007944158357575998
0.06385781383933462
0.07952109599709913
0.05783547476847386
0.02494462268134728
0.015662133187710325
0.017171608096286373
0.040588663877905794
0.04505881168164308
0.021287388999326168
0.01798107135042302
0.03624603196309893
0.06281896550744455
0.06949640482692958
0.05228367784940419
0.03164157206639083
0.002739724865450709
0.000752551723439383
0.02486151428714048
0.13943278999369213
0.1278271635179596
0.014499296344530385
0.05690411534475178
0.029784481400713703
0.013247041043885622
0.05160309104921742
0.02552481822593015
0.03992677837181969
0.046150473867078864
0.11470357290432528
0.028588886780600613
0.02570016499470182
0.012218330435797464
0.020328747624262417
0.05420848788209421
0.04752677984884294
0.02323447053591428
0.03883407264925358
0.016036481024775198
0.020944960397081592
0.08117257577549451
0.10558107398855493
0.029126305762596394
0.03897988022861098
0.02997190868203724
0.04970241986350471
0.03667046173998521
0.09114170731469246
0.022716292835827843
0.02042095862035777
0.009708498769977366
0.016152912408318787
0.03459871268362985
0.15099774793842466
0.04158273256445353
0.01860993362053704
0.025444595299869373
0.031738271969787686
0.06449848907043802
0.08389310899201206
0.023143317751636482
0.03097281754179658
0.023815220917655654
0.03949278378459896
0.05433494637576395
0.10769173540979185
0.019491520277746692
0.011176423395786473
0.019949799298037467
0.021756946804710447
0.03671118231176068
0.16021711281343634
0.04412162065547367
0.019746187443457915
0.026998148325455974
0.03367609365114912
0.008900617348290831
0.03286455396545451
0.12430371029058815
0.1102767230910125
0.013872988487823068
0.013153816481780638
0.05765243754991468
0.11426699508300868
0.020681600526377387
0.011858814535324466
0.021167860371285138
0.023085345631166067
0.02418176487149088
0.014742129147942111
0.015532082566482457
0.01702809947452399
0.02565827960223289
0.02930176721530187
0.00980468938911532
0.03620274088122396
0.13692974561453655
0.12147798005994326
0.015282124564988469
0.014489903322273543
0.01610505973444582
0.021590441908160254
0.09091015491598359
0.0866374556230077
0.08723433665176303
0.02325410948887019
0.026638005451511414
0.016239547390221404
0.01710973960246668
0.018757713055345047
0.028264495811324335
0.0322780673357861
0.10813692704857197
0.009189523152910514
0.01099804450847891
0.011265789102226852
0.032058565619496555
0.029144764244237977
0.01524272578474023
0.02043439707793016
0.08604243543839762
0.08199851478505234
0.08256343624436069
0.022008984763282592
0.043768232822702716
0.033514170759005826
0.01867055470492957
0.032302362693817026
0.10051032677805372
0.06925687460076778
0.10234681233006675
0.008697476682607064
0.010409162050641765
0.010662570450867544
0.030342012562979272
0.02758422860647079
0.052304970324460895
0.02778047221349045
0.01830763874886012
0.02895044560598189
0.03642905287557869
0.039872069615675104
0.041297564840424614
0.03162233315655351
0.017616622692008223
0.030478930306614235
0.0948366308062566
0.06534740118606754
0.019993630686830445
0.012436329463612708
0.0097069205142058
0.027373572869694177
0.057793280584273764
0.06514100490523127
0.0493524130206709
0.02621229550623177
0.0172741929373477
0.027316225204140992
0.03437267342500779
0.03762133570586291
0.053167116571079906
0.04399220724998951
0.025181259605284664
0.08711031283992829
0.05682185641104614
0.06793382206728282
0.018102752673057085
0.011260175801322821
0.008788898026481884
0.024784744061736783
0.05232753775285198
0.05898035825231809
0.004806819410027955
0.00734817043327816
0.016102897200262752
0.03228201783503781
0.07080266332014078
0.06429570309043785
0.048138888664169543
0.03983168739397565
0.022799766674232617
0.07887194043513865
0.05144798506809864
0.061509047470279396
0.01331045719485547
0.0067058947455926965
0.009160876365364369
0.05835294827457051
0.20972712758711037
0.030260581203788047
0.0048908589056395405
0.007476641358479212
0.01638443042278659
0.03284641692407391
0.07204053385485823
0.06541980990552645
0.03772164469644149
0.045905187178691215
0.04218206581095479
0.0366657449228634
0.0533341866709783
0.03789372159751199
0.013543169101336008
0.0068231365148316864
0.009321039534277936
0.059373155592992596
0.2133938686304118
0.030789638729014482
0.02910842548115716
0.06208577254318058
0.043297490326602565
0.015388434624118003
0.029039728044774213
0.03507483649498935
0.03979449096439133
0.048427728194297186
0.04450001717268055
0.038680568325622604
0.05626495945898207
0.03997602368227615
0.04260958270714554
0.028742683457325967
0.044494366154189925
0.03557454914862738
0.0627094397062862
0.05847923979169136
0.030707965787791898
0.06549745469396058
0.04567673550420107
0.016234046196383363
0.030635493350987572
0.03700223771284898
0.03060320003071922
0.08802750281470112
0.04302336665898124
0.03675406485932329
0.01955673411137536
0.016027483967396245
0.04057683601950734
0.027371475600321663
0.042371703371028635
0.03387741807266479
0.05971780266720241
0.05568941005317515
0.02337872304862565
0.029397851557832998
0.04812787108294359
0.08393829374554569
0.07255985113647351
0.02429580727487159
0.02914323376160245
0.08382803397696385
0.04097087985881312
0.03500066342111817
0.01862375415803607
0.015262871575629368
0.06499282358473711
0.05088349617286937
0.018980211333977974
0.012339814241150958
0.03453653003882121
0.054134581825318974
0.018233025795316795
0.022927333741282897
0.037534843674046504
0.06546333056318841
0.056589302791430325
0.01894825820210145
0.011399663119031272
0.024960943149717196
0.0963436504202877
0.10830330806393856
0.022366049717025275
0.021522614815175815
0.0506877910511305
0.03968395093034691
0.01480263409311094
0.009623799849990072
0.026934980228339657
0.04221946702507145
0.06097556076446458
0.05629136453843225
0.061376487209974524
0.04557509096158703
0.031730567866847185
0.055505932746313075
0.010496205700002063
0.022982713702135532
0.08870812778775904
0.09971994677035621
0.02059347333996653
0.019816883178315745
0.045795994680481615
0.07609122058083659
0.07318083865698172
0.034105733062174855
0.020466315440122885
0.02284450138146941
0.056143065086574476
0.05183010543029063
0.0565122169113874
0.0419631286060121
0.029215825400339186
0.051106921458332635
0.0474997220233214
0.01827684761295273
0.013643371736228607
0.04012511527101564
0.044778705833424276
0.014102975525851397
0.0533733121311173
0.08868112800767705
0.08528919987233573
0.03974880224544741
0.023852632741813748
0.0266243087680454
0.01697732056579928
0.034222682947157135
0.05931224531883545
0.06561693237981543
0.049365065179357716
0.029875256135075575
0.05535893493263411
0.021300899766999736
0.01590077785795863
0.04676413989037647
0.052187704622418785
0.016436426809167817
0.05845945066848346
0.048442442751472005
0.02857319177608174
0.03009972782874337
0.029059084201094182
0.024478280361987133
0.01664792472137029
0.033558690681456886
0.05816146259926221
0.06434382542714173
0.04840727874497751
0.029295613123446886
0.0025365970930434426
0.000696756283126677
0.023018240139614902
0.12909501031766996
0.11834984435136107
0.01342429432331364
0.05732521396468983
0.04750255713910577
0.028018811560626886
0.02951572959257854
0.02849527664726645
0.024003350069026225
0.05144390553059964
0.02206349750398189
0.021486606858372923
0.06293552263679959
0.036109252680910114
0.05356468678371985
0.04404149838358632
0.038612967814977084
0.018876765180697027
0.031550607933026546
0.013028783512043696
0.017016660591579517
0.06594837827949887
0.08577897818360268
0.0236635663210769
0.031669068796287496
0.02435057348664684
0.04038055901577577
0.08472132048224042
0.05809339258101654
0.008473525742501271
0.02294813396684639
0.020766208546495895
0.0781724128194901
0.17664717089398352
0.046057594976949785
0.005820386191182324
0.007983926046402409
0.011350628640600713
0.044046825546838565
0.07509798911267607
0.09767986624973946
0.026946625410798883
0.03606280314570701
0.02772894725079385
0.04598291664547579
0.06326419843585412
0.1253894919072841
0.022694701824862225
0.013013125339708527
0.023228293128664382
0.025332422166988312
0.20115501946626804
0.05244757879376472
0.00662790064320444
0.009091607814342982
0.012925403297427966
0.05015783726091589
0.02918024607383881
0.01308093656265536
0.012844704435463716
0.009848232401675037
0.004393185831270897
0.015825891567945935
0.1051734471961092
0.20845352398527803
0.03772876418293255
0.021633645641774703
0.03861583203808985
0.042113837383567276
0.04411399897217769
0.026893581735497784
0.02833466779678197
0.031063802278670425
0.046807556272916696
0.053454250989875024
0.04851064496973145
0.02174637828128066
0.021353654627626742
0.016372175354798634
0.0073034434873359005
0.026309723545148083
0.0271707980813816
0.02617959592733056
0.03657650006547314
0.035728438589212486
0.019958254426068543
0.028403359100525053
0.03628177590421891
0.022118758863927078
0.023303987198524043
0.025548577305777823
0.038497105383467005
0.04396371221674303
0.14728579289800192
0.012516410821652302
0.01497967206920204
0.015344348372298816
0.04366474418418873
0.03969605783794661
0.022346756814071802
0.021531537716575334
0.030082522774077
0.029385030432607435
0.01641476473222708
0.023360482699885117
0.14221467664664067
0.15223875811300394
0.03790062609591566
0.023722192719386814
0.01807553161351893
0.019526073721361826
0.10983065839544703
0.009333457180367459
0.01117030511590278
0.011442243350285467
0.032560693791690715
0.02960125401276614
0.05612963606099751
0.02981184742622153
0.019646337503592223
0.03106737209843196
0.03909283319097537
0.04278761162932879
0.10604913931116872
0.11352407253858941
0.0282624049191003
0.017689581552229123
0.01347888006642515
0.01456054579670392
0.08305314250845516
0.049413795957477906
0.0329381353887781
0.045700963467752556
0.026591783370451996
0.04626322866084377
0.048551798119107724
0.025787068995469734
0.016993963959033603
0.026873090297166315
0.03381506594715054
0.0370110271081818
0.052304617998170724
0.04327854778490428
0.02477275897793585
0.08569717394213487
0.055900069163113346
0.06683177199640934
0.07184046951321597
0.042742636760000625
0.028491289308875876
0.039531058952952114
0.0230017329245852
0.040017414968421365
0.05689897134715776
0.013132145522380775
0.02291354917942396
0.04455260793169596
0.043830543702099614
0.05523055925016866
0.041752490039167256
0.034547372764715284
0.01977501054505611
0.06840830768573641
0.04462258152814112
0.05334888201798105
0.011544610747497663
0.005816249841626734
0.007945538623944403
0.05061149019427779
0.1819034474728468
0.02624602790697533
0.045419961474418055
0.01048281769566263
0.01829088463870106
0.0355643992840578
0.03498800697477997
0.0440881410324219
0.032973526903109514
0.0033741784168626844
0.013346523346301483
0.0184487488256921
0.09751271360800644
0.09898803546752112
0.012066365020392883
0.006079113031514073
0.008304634206997783
0.05289885716091048
0.19012450429746958
0.027432207112710764
0.025934320423563136
0.05531567895768213
0.03857615000141868
0.013710415034893344
0.02587311404437969
0.031250128903536234
0.03446375285618913
0.0035266731215360773
0.01394971437080077
0.019282532981772193
0.10191976345138146
0.10346176191878995
0.01878616922901092
0.02481998526363933
0.011458547162095191
0.028907553530506024
0.0899907623659499
0.06186724019465071
0.030228566961730586
0.0644749381551812
0.04496365103841947
0.015980607634462553
0.030157225931720374
0.036424575569945536
0.030125436760112773
0.08665325738919483
0.04235170538346553
0.03618027707838386
0.01925142325362021
0.015777270161252792
0.02189681338160693
0.028929718391595596
0.013355871853069117
0.03369411279436394
0.10489157771200847
0.07211131745184655
0.03800626838676222
0.05401842366650919
0.0848717530758101
0.05538775792502577
0.01696647347258074
0.023300912046820593
0.03098437393955978
0.08912391715371376
0.043559238228765534
0.03721185001101151
0.019800320297718804
0.01622711206859479
0.06909878175532322
0.05409808965158759
0.02017929685616014
0.013119388943593446
0.03671839474134034
0.05755456446797383
0.03908990402761224
0.0555585982648645
0.08729161854638083
0.056966975014784475
0.017450221973415635
0.02396526821305345
0.050088752531974305
0.05661064673520957
0.022488910234860725
0.016416839267062968
0.030894239675629015
0.05550263103557406
0.05258877764037745
0.04117225130727251
0.015357789650553722
0.009984729258690747
0.02794514530229317
0.04380285898111181
0.06326237817909869
0.0584025066272644
0.06367834090416202
0.04728433168652398
0.03292058587183818
0.05758761813023416
0.03812087857807948
0.04308447468404966
0.017115559343770768
0.012494308696070197
0.02351257517713065
0.042241200898753294
0.03734782141245043
0.03543548484132842
0.0182005114847072
0.09232597994421139
0.07174554772528251
0.054388293167139466
0.06290706462061607
0.058074488568959824
0.06332069108832879
0.04701875893008338
0.032735687187183296
0.05726417689847295
0.053222389589429785
0.020478804142171934
0.015287096743481098
0.0449593055771202
0.050173551036927354
0.01580207264030998
0.03713805713058827
0.03523646121025524
0.018098288193582626
0.091807430477394
0.07134258838987174
0.05408282096484093
0.043416486564012466
0.0520953236828905
0.023735480930141366
0.013178503184796332
0.018347025909205252
0.020277396115407225
0.08061717667266644
0.031019715279794448
0.023155716766729322
0.06810089341631022
0.0759990308485199
0.023935762592876594
0.08513234346837009
0.07054494401858112
0.04161008611017285
0.04383312430273155
0.042317673341011115
0.035646817536984
0.06576394999995604
0.07890998404170532
0.03595267845575914
0.01996178164351011
0.02779066179760823
0.030714637912877266
0.029541811325045197
0.01468022041762887
0.031098912058326385
0.02317252866990385
0.011817849253414186
0.00868162399417766
0.08735460003957701
0.07238641764686156
0.04269625716478704
0.04497732455083661
0.04342231493583799
0.03657732609914532
0.07839241201729076
0.03362129622615482
0.03274220571556753
0.0959038270944048
0.05502481556565777
0.08162414872309465
0.03031295753890254
0.015063426317534144
0.031910704132447766
0.023777413981528175
0.012126337098232999
0.008908245219246802
0.03669466993476624
0.015954505255038987
0.028922182765686123
0.039656059843388596
0.01681410794163283
0.03513636613120221
0.07835249656692321
0.05372629129074041
0.007836538581669533
0.02122303544869249
0.019205133661584113
0.07229589520327585
0.16336793114466253
0.04259527037316034
0.005382845622175794
0.007383743957017828
0.010497358711276416
0.04073565812947854
0.04426764470412627
0.033224176870836876
0.0295831677540389
0.03136882996659142
0.01861652555981844
0.06834891790551759
0.05304184415840199
0.005989222329738868
0.012766037109937737
0.020503335169373367
0.0483946927458754
0.11129334593491441
0.23094019695333975
0.06021353187454988
0.007609298957540939
0.01043780913266735
0.014839277643329797
0.05758474656274698
0.03350098741418336
0.015017840838022703
0.014746629639191579
0.01130646770097867
0.00504368821527944
0.018169243429078424
0.07498101892385946
0.008466485281021594
0.018046327108543952
0.028983927439361
0.06841171211461457
0.1573265147554942
0.036841976521881106
0.017108200813232517
0.019968310113985446
0.02493824472727755
0.024775168342358295
0.04074230912502849
0.04869323315682925
0.02182822901298706
0.021434027195107626
0.01643379823816259
0.00733093276328257
0.02640875015524882
0.02727306567165535
0.026278132752852193
0.0367141695778349
0.035862916100981496
0.020033374876344275
0.028510265901061073
0.05354931574282126
0.024866539030425586
0.029023669305834013
0.03624740220383127
0.03601037287884235
0.0592183965518792
0.09798626654971032
0.17348568725820973
0.07975269495813007
0.017302289177386857
0.04681417615659606
0.028942169242820247
0.01854756959304379
0.01787094644498712
0.024968172756736257
0.024389261559390814
0.013624079492049926
0.019388951256245703
0.11803666340499122
0.12635654401006577
0.0314571150517586
0.019689166710999496
0.015002498274017699
0.016206432738275843
0.06663743342509917
0.11798225753413712
0.0542373445573465
0.011766752461938139
0.03183687527683702
0.01968267537898237
0.06728561806590866
0.03612836835629584
0.05442506191031588
0.022565140267502726
0.016434872055079843
0.05548011404132517
0.0940909847232718
0.1007230406991815
0.025075521845427433
0.01569489538909034
0.011958994732579175
0.012918691288010131
0.07368802815130222
0.043841871332040754
0.02922401458238128
0.04054769971179052
0.023593280427597448
0.041046563597317606
0.05363562370289438
0.028799134582664133
0.04338404289857379
0.017987430404596688
0.013100787931947381
0.04422506035092624
0.02820922034692346
0.04362030260725967
0.032718726083652255
0.06564406055724992
0.07144920268497112
0.04482275331174308
0.07007534952528968
0.04169245038186357
0.027791258468575816
0.03855978102597654
0.022436580458054363
0.03903418727650174
0.05550096389679112
0.012809488770511317
0.02235056338708455
0.0434579505706383
0.04275362745566528
0.05387354467694283
0.026826216215037113
0.041481744433795216
0.03111463590295062
0.06242575087453032
0.06794628621588561
0.04262524298461262
0.03384973958773938
0.01863352110061609
0.013191704225051901
0.023996489894567822
0.10351168870908853
0.06406116924221084
0.05372253665086244
0.012399032046223472
0.021634380313879483
0.04206541974016901
0.04138366537589254
0.05214726511418787
0.03900094694175863
0.00399096383576968
0.01578621087199985
0.021821101400736002
0.11533762162439831
0.11708262602547508
0.0327650863687003
0.018036443873731413
0.012769000103053377
0.023227566105883512
0.10019484527886165
0.0620084458156726
0.029799098660161016
0.020920510532053068
0.027400341934070482
0.03725425477108688
0.0625054088261162
0.03674716514307336
0.03478292453686944
0.003559333934538878
0.014078903835433877
0.019461110122957224
0.10286365085479507
0.10441992989821927
0.018960149504211602
0.02504984521081666
0.01156466572008107
0.029175268787262537
0.09082417429847785
0.06244019785002784
0.026576272661044523
0.018657919772969794
0.024436945779814888
0.033225140259160915
0.055745336686097845
0.0327728932844666
0.027809920054378403
0.014235211093302853
0.02112328173225122
0.018126905087035617
0.07647677662869151
0.13363318653620795
0.018501030348921466
0.02444326435180054
0.011284627867244677
0.02846879098454293
0.0886248710612023
0.06092821130758598
0.03211221252236568
0.04564118432385535
0.07170974388176016
0.04679816064881747
0.01433529323011253
0.019687379776360016
0.027136504108938933
0.013890506106083094
0.02061178242874032
0.017687962907295126
0.07462489497146736
0.13039726502052557
0.05215103228020062
0.044582416430201686
0.047316940747073516
0.026343799488066446
0.03413628158461438
0.04858578910424826
0.04061856186992142
0.05773128425778219
0.09070526256977182
0.0591947372791141
0.018132633949941714
0.024902458930407195
0.052047533610469654
0.05882447435240821
0.023368366192880557
0.017058839566521312
0.03210239617887777
0.057673128362489744
0.06596555530947092
0.056392054543719206
0.05985093938612309
0.0333221277932674
0.043178795749062616
0.06145589872872692
0.04323403168308515
0.014065792126375877
0.011669882520355982
0.013582385632827841
0.027135246116733888
0.03778754433017647
0.05757669830624844
0.06507357367133644
0.025850857415590768
0.01887105096136041
0.03551272945097061
0.0637999167637148
0.05640909459775202
0.05352075545336485
0.027489538485531692
0.1394465524237247
0.10836244888045424
0.08214654183959122
0.04782691178817067
0.01556004316669177
0.01290960893887082
0.015025282959866179
0.03001790422619967
0.04180182784290299
0.019740361632145757
0.008900624318222094
0.0027918256860621766
0.02373139759912329
0.0267669999132373
0.020867377393606012
0.05668029884539891
0.05377807311321612
0.027621702982343625
0.14011698504822803
0.10888343501985893
0.08254148686105035
0.0662624709906706
0.07950815801729175
0.03622521629575535
0.020113101130270823
0.02800132779701925
0.030947468996195358
0.01983526955369458
0.008943416834907996
0.002805248255421762
0.023845493666031902
0.026895690581382206
0.020967703793573118
0.03431089302556371
0.01459807964078666
0.007589107145217057
0.01880560627870866
0.04448641557993197
0.04623727389545508
0.11302642939038464
0.1356201040158346
0.06179073600168146
0.03430768534186252
0.04776293506368651
0.052788280711748216
0.05077258059767575
0.02523043242490029
0.05344872058142125
0.03982589512198251
0.02031096526574394
0.014920833699503243
0.05852540163225915
0.024900502397305586
0.012945030121284016
0.03207744139971933
0.07588217937245992
0.07886868532090097
0.019073137716613116
0.012351645329050134
0.006968398280481967
0.011892867118880143
0.005970897600250262
0.010738084746079688
0.06767536827656899
0.033629939349791076
0.0712424266538995
0.05308440279373076
0.027072723864556645
0.019888154269896385
0.08192289711208285
0.035619322773752335
0.06457038603105926
0.08853436524149022
0.037538433712106266
0.07844389696313228
0.02542280900373616
0.01646365295254062
0.009288259812246286
0.015852142094415347
0.007958679454183907
0.01431291912330368
0.04150505946894559
0.024872892784288957
0.0017514513311646185
0.03380722961155817
0.05158991841364085
0.09795249463197869
0.05102281942112171
0.03829413532674591
0.03409751380060168
0.036155665329266486
0.021457378820038602
0.07877885799506368
0.06113594826076574
0.006903168475433521
0.014714114801842555
0.02363211268342358
0.05577964866703891
0.12827653990545976
0.04851929630773091
0.02343621930277717
0.028648286161573954
0.05412331783163524
0.010764270746917975
0.04211244269369132
0.011006049721573086
0.0062065237948484555
0.017348134439080273
0.05232521573122548
0.08128105466831811
0.07398121468986171
0.05964077096695145
0.0067343404609269296
0.014354257615094537
0.023054151609876426
0.05441546823774119
0.12513933217004314
0.029304534870919493
0.013608061093364687
0.015883025160202326
0.019836168719015165
0.019706455873515372
0.032406904601523755
0.01073687919087163
0.006054733339059765
0.01692385809363596
0.05104551897864447
0.07929319661074809
0.072171885882181
0.0071675138967230104
0.036706895830980524
0.09179987294514325
0.14044847164010588
0.060475653165719324
0.013091980345379011
0.029897356480978854
0.013883347929435923
0.01620433381053782
0.020237448231869168
0.020105111335919395
0.03306248618463157
0.054707147993196
0.09685956513835824
0.04452708159583959
0.009660117973452625
0.026137030763175043
0.016158831148116375
0.007312510469679873
0.037449464896917056
0.09365695577284544
0.1432897004620207
0.06169905678693396
0.013356827028713167
0.039752114520226915
0.0776755397210835
0.05917259201861588
0.047669594492660915
0.02588496716961668
0.011640747983729062
0.04884058067365666
0.086472747688175
0.03975218231289574
0.008624207046182204
0.023334204146731655
0.014426025213007421
0.04931565470657938
0.026479568594078476
0.03988976601098117
0.01653867048895431
0.012045612401467695
0.04066304547375327
0.03548926287319985
0.06934593747400669
0.05282716902942952
0.0425577051793829
0.023109170805976804
0.010392442520888412
0.051430982431985794
0.060504930177916354
0.08855710938411426
0.06036353913221096
0.04828369640794049
0.05075572725135428
0.043796425849146
0.023516071506056925
0.03542544836186964
0.0146877225907803
0.010697511236286
0.0361121851973323
0.023034374206775256
0.03561836736044267
0.026716632750256746
0.05360197257251808
0.05834218922682308
0.036600234251893
0.04567501378280766
0.05373343827251952
0.07864611952598957
0.053607871198822266
0.042879960573065645
0.04507533070805707
0.061656183757726954
0.03937359026838315
0.04862966378727045
0.07604233444142099
0.020195531778849658
0.036335771222957586
0.021836156731341934
0.03376554731703411
0.025326869088404112
0.05081366933156451
0.0553073062272209
0.03469633880016973
0.027553204411238073
0.01516741995771084
0.010737858768553148
0.019532799934943078
0.0842570357317314
0.05214487651753991
0.058448911175287686
0.03732542852946987
0.04610001342858107
0.07208671345590902
0.01914498710653254
0.03444563278586088
0.002840534850682149
0.010293287160591047
0.03143016459954726
0.10486215514369962
0.1375522479653136
0.014330788299902829
0.029518225584225267
0.01624911996296809
0.011503654264344812
0.020925827216526017
0.0902660231698118
0.0558637102651666
0.026846152839612055
0.01884738963521307
0.024685101244458676
0.03356253922027321
0.056311426657066704
0.03310569970937776
0.0030431142327710732
0.011027376993058913
0.033671680250024295
0.11234064483321078
0.14736210803130223
0.015352821963015366
0.03571389178272476
0.026231171192574013
0.0641537835399992
0.05786770158076622
0.03323899143820384
0.04231178795505377
0.026081341433026987
0.018310452418790202
0.023981855341134596
0.032606386844065756
0.05470718854944274
0.03216256208694151
0.02729201455050546
0.013970108059579675
0.020729901821499933
0.017789326845372166
0.07505254587013437
0.1311445291552499
0.034696450215876876
0.02548387980017143
0.062326127051558766
0.05621912725779926
0.032292056510611095
0.041106381047987174
0.06683737194374162
0.024598583351426024
0.007866595378169894
0.02572360488459196
0.032571689585964056
0.11644986516595825
0.025796790496457295
0.013204739802513844
0.019594190575845865
0.016814718343852345
0.07094070679372952
0.12395962698590386
0.04957636578777873
0.04238140815260297
0.04498093057548476
0.02504322124714913
0.032450992980937926
0.046187136618474234
0.06317561051331634
0.023250921988630813
0.007435615004363598
0.02431430793771046
0.030787212530970637
0.11007002687426345
0.07169239540053586
0.016789747316047255
0.02188157700462245
0.012673752377821944
0.013663370680805103
0.09333458218372713
0.06870916438750435
0.05873748697507313
0.06234023216715453
0.03470804642738027
0.04497466838956278
0.06401194424156792
0.04503220167118297
0.014650810091988535
0.012155250914091543
0.01414729797759252
0.028263842809830377
0.03935918651789831
0.09936034040889073
0.023269343971302786
0.030326242103027732
0.017564880396072863
0.01893641793377021
0.12935480542790456
0.024994248129904917
0.00806831065180617
0.03420214879502685
0.01936985096284472
0.043347039590999684
0.0641161672300012
0.07602145382926781
0.024732876511392186
0.020519979300503543
0.023882868705055498
0.047713821253828975
0.06644451014134359
0.03137754319237467
0.014147649834809872
0.004437640641159566
0.03772134305631597
0.04254646959152988
0.033168948354685375
0.04219423012179176
0.013620580005729035
0.05773861767781913
0.032699361257168935
0.07317663464390105
0.10823819546678425
0.03797804442511568
0.05609790177545072
0.02271480433531094
0.05735066597517359
0.03754749707447709
0.03792824157266718
0.03498245848086067
0.015773050487530405
0.004947474011288129
0.04205508727115893
0.04743456480539875
0.03697967529062553
0.06051238111278738
0.025745892363685904
0.013384523204773313
0.03316649360733301
0.07845843394134326
0.08154633391481492
0.04234128064585877
0.06254289915852988
0.025324471539696466
0.06393959141497665
0.04186126840508463
0.04228575602408304
0.03251496646418621
0.0190657424259813
0.019699202391594936
0.04667285543694265
0.06900573049036993
0.05975973192380603
0.08553257040266689
0.03639110394733915
0.018918651890174623
0.046879917750903714
0.110898817752072
0.11526347862015252
0.0278746398836631
0.01805144337725361
0.010184039748487915
0.01738095708470086
0.008726231774871229
0.015693288109408073
0.04595900222559023
0.026948897503964734
0.02784427557552222
0.06597078515408472
0.09753768390561268
0.08446872167351063
0.013147059779334629
0.02076393167017333
0.04313947689910817
0.040482019074172065
0.011989725199596537
0.009953089914156799
0.02836621443575043
0.018369783999042377
0.010363637217682003
0.017687473553771673
0.008880120524431599
0.0159700422165591
0.0463104378785075
0.027752629941596225
0.001954231101146014
0.03772136763090097
0.05756290299113453
0.1092932518526597
0.013378910667786088
0.021130107536585847
0.043900249742182255
0.04119592714534467
0.01220116627360647
0.010128614539294794
0.09432090654943344
0.10526138811143759
0.13336253196872838
0.08647442799233455
0.03495573225050188
0.023457749426309005
0.05480911696723086
0.026474384065436597
0.032362119540678906
0.06113961832575142
0.012159701795608345
0.04757170802179507
0.012432823895690776
0.00701110928060901
0.01959706759974781
0.05910841845600642
0.09181796051369973
0.08357180251743188
0.06505607071608749
0.0444269322299148
0.011363431623533943
0.04088792713354779
0.014287116565730305
0.0394402700892875
0.06854223751577712
0.037289623576870594
0.040168265663531946
0.030576629699700028
0.04821380200739287
0.05169178264553252
0.008964832740241005
0.005055442154697955
0.014130694257788666
0.042620814824050925
0.06620641179037928
0.06026042334830341
0.005984566102047991
0.03064868065368219
0.07664894909391032
0.1172684384813141
0.05049457163944187
0.010931241001075053
0.049423180133983044
0.026888118187619412
0.0289637966531434
0.02204763562307872
0.03476512451183225
0.037272963033177786
0.10545777590545982
0.13269630766687107
0.03812809535009634
0.021087378413439575
0.007906310712060835
0.006148190359393129
0.004806594124808726
0.024615948065594
0.06156175437037524
0.09418590718496467
0.040555473402460594
0.008779590345681883
0.02612950516705532
0.05105699258999509
0.03889480012721734
0.03133375244664356
0.017014475621501993
0.007651592582187526
0.08469999619673574
0.10657703197515436
0.030623152284541405
0.016936644605691782
0.006350072163878182
0.004938011403959873
0.023130065044130458
0.013581067390960974
0.03964673016682987
0.07310215548933377
0.1566541244309613
0.037174516747452396
0.025370545101475614
0.04957398637932784
0.037765058103151714
0.030423629324918832
0.01652027156172589
0.00742934370411508
0.0367669529814116
0.04325373185194179
0.0633076585927806
0.04315265429744791
0.034517022846047095
0.03628422692208412
0.02245822699857537
0.013186590429694903
0.038495147512085354
0.07097882340288635
0.15210393399331926
0.03609474223629506
0.06261247897274762
0.015807292556780192
0.011154495585293515
0.03914316926745893
0.04036228155209759
0.07323769109266207
0.04206690348072411
0.049488750506920545
0.07243344763868677
0.04937310263881705
0.03949264626961927
0.04151459253573973
0.056785636528967336
0.03626326265353208
0.044788150093764904
0.07003534927449262
0.018600180179968454
0.03346541696084125
0.07163805798557957
0.018085911296860227
0.012762414372492013
0.04478565097130388
0.04618049810035447
0.08379489276426347
0.038092986377391794
0.044092891296449506
0.024908199564318233
0.020721054111086493
0.028019602147191833
0.012610351068606382
0.06250043480618987
0.03991272832137148
0.049295544192715694
0.0770835734002252
0.020472066877835947
0.036833312768380366
0.0030374331990093923
0.011006790548972882
0.033608820318493327
0.11213092184968503
0.1470870052757425
0.015324160567734934
0.04192659195497004
0.04853031587458503
0.027414913315537134
0.02280638152087727
0.030839441526777714
0.013879432776007533
0.0168576915158424
0.02179562729625183
0.01578269505258705
0.0577181432820496
0.0744957952434324
0.01966012218183556
0.002952904925667331
0.010700484224130634
0.03267352549406317
0.10901044722812013
0.1429937430466117
0.014897706799589652
0.0346551982256433
0.025453581001473307
0.06225202503915027
0.05615228610044312
0.032253663199724544
0.04105750803593612
0.016388561344738723
0.021189080050254744
0.015343480796973275
0.056111913721599516
0.07242266292064593
0.019113003587666474
0.0033987102599556196
0.006191973894771587
0.015941101683024986
0.11372384150444086
0.06858951707355194
0.02653302507661282
0.03304904313354836
0.02427389077227946
0.05936684728432019
0.05354981129519839
0.030758811401456088
0.039154626823966844
0.06366389571723242
0.02343062869968923
0.0074930849798675436
0.02450223357409099
0.031025167340216587
0.1109207596979062
0.0032411911554611106
0.005904996156642614
0.015202283758075186
0.10845311340369097
0.06541061729076263
0.02530330614503994
0.015819775589812242
0.01356587474401321
0.05498464783080005
0.10872112793451175
0.0477494757840889
0.0344547372603072
0.06688249282026533
0.02461518947476361
0.007871905995095694
0.02574097049257426
0.032593678230059965
0.11652847866966959
0.07589900725428313
0.017774899920957675
0.02316549701722731
0.013417395503235006
0.014465080496008014
0.09881106762664038
0.016619561454474904
0.014251712213732637
0.05776445616998083
0.11421764214348705
0.05016350217532038
0.03619663376667773
0.03150911150646767
0.01647017958708548
0.016838202853616726
0.026971449893298027
0.03594074828162557
0.0652910815860376
0.09807745840297234
0.02296890395119554
0.02993468758398124
0.01733809303902981
0.01869192209444627
0.12768465261261
0.02467153716650281
0.00796413739202499
0.033760550858945734
0.019119758892353674
0.04278736822843912
0.06328833716330326
0.040716389909247544
0.02128293125007511
0.021758494606175627
0.034852778062238896
0.04644299539720146
0.08436979046228972
0.02613917362635751
0.027506077872240204
0.02857263307584226
0.034742392013392596
0.06285062677942128
0.06447823865948847
0.028711166313655057
0.009268156729110731
0.039288382560445055
0.02225035974575091
0.04979321868109008
0.07365094285561483
0.025842252521482277
0.038171953441809965
0.015456343750574189
0.03902439988261989
0.025549285531578505
0.025808364049636334
0.030419108311857075
0.03200982456409222
0.033251013697410146
0.04043098686955916
0.07314156334091187
0.07503567456176183
0.012104475465020012
0.006961259547916274
0.017293039122595718
0.08555334057811587
0.13095623661829697
0.07002856874992161
0.029065638379348006
0.04293326187609431
0.017384262372160914
0.043892036656495007
0.02873612869057183
0.029027522891269558
0.022320256797832522
0.013087888848292678
0.013522734417615838
0.03203909559581171
0.047369743615253875
0.04102272607840947
0.013614304958342765
0.007829559459506143
0.019450054564688322
0.09622467922723033
0.14729082203277788
0.07876345352699088
0.056839022986354765
0.02345490666660356
0.024756833679432357
0.07171677661230241
0.07497613649632338
0.024682060769488017
0.030183377789922274
0.01769857296708566
0.018286608679131292
0.043326030483203395
0.06405745598275596
0.05547447103374587
0.00863427517852849
0.013636623156627389
0.0283316666126488
0.026586392572600787
0.00787420065214712
0.006536649154858836
0.07686263287857065
0.03171774927850334
0.0334783273596181
0.09698161548816908
0.1013892032513294
0.03337721297685163
0.029670260071286352
0.060675164171257547
0.07338058205685771
0.0720928524688232
0.03895104945309203
0.030796900789128615
0.008126096700772651
0.012834026730850054
0.026664179427701856
0.025021625151224025
0.007410757083554011
0.006151928451793838
0.0572887304921417
0.06393377158206606
0.08100187361644907
0.05252292817095199
0.021231449074388658
0.014247792286980306
0.027923988695185066
0.05710406967535683
0.06906169810708225
0.06784975906872073
0.03665854839089655
0.02898431990202233
0.06079550073309746
0.06209909154895621
0.039726193756535653
0.09104118427710155
0.03606703568091054
0.04625333328802911
0.06561911499777964
0.04481143639485805
0.011461779327685225
0.04124180208033422
0.014410768043534888
0.03978161592062552
0.06913545371317191
0.03761235609191961
0.040515912117404705
0.03084126290481577
0.04863108059830825
0.05213916230293694
0.04755723683471644
0.02105091605947932
0.016642923489910734
0.039380029812329714
0.04392563285090301
0.08477687220014711
0.07867106909808882
0.04877493547953084
0.015711501683291752
0.011714802375080696
0.048605066040300106
0.04698718934092531
0.04684028674194111
0.025482924458624785
0.027450126371687526
0.020895409234436394
0.032948272376221
0.03532504932832855
0.0999464714570769
0.12576149660671718
0.03613549177290982
0.019985335804851744
0.007493120835605053
0.005826881204271131
0.05330080641602081
0.033045736174081485
0.010644773476790883
0.007936950911618994
0.03293064713054572
0.031834511870824665
0.11433850204012085
0.06465331036923248
0.012769087384561489
0.011973791919018411
0.022264820052820617
0.12021614169661045
0.07796161774349523
0.09809820779429353
0.02818690200366584
0.015589235795706691
0.005844886905708736
0.004545163810802821
0.02128993353393062
0.01250061430963267
0.03649260166277331
0.06728645287359095
0.14419137562250825
0.034217067232592616
0.08918788687046317
0.05043176207598631
0.009960318709560425
0.00933996143057002
0.01736731036904256
0.09377264398547591
0.04082834474373467
0.03163990361913917
0.018180843298894512
0.014099067396028248
0.03264751001408226
0.04634034579172447
0.023896423084724342
0.014031042787703382
0.040960327443302566
0.07552421632388433
0.16184447506857555
0.038406203288767655
0.06662210191441628
0.016819571321671792
0.011868815192747514
0.04164984768172098
0.04294703035528459
0.0779277390067176
0.04582688801213636
0.035513522014423135
0.02040669233725164
0.015825191706614547
0.03664448790861251
0.052013713766020715
0.027561903212185365
0.01617681870276611
0.024890602969102053
0.02192784119257633
0.048300461691482256
0.042414035418949426
0.087883916592873
0.0221873786729299
0.015656635478052003
0.05494200324793672
0.05665316952179029
0.10279764099810822
0.04673159674761197
0.05409214166324575
0.030556804505083336
0.025420111075340743
0.034373801402670316
0.015470087725484343
0.03635802434081398
0.02133949762555133
0.03283420385164303
0.028925904633055992
0.06371509791366922
0.05595007428487512
0.03486041777362096
0.02719055275011771
0.03298061690629281
0.031754800537353384
0.059672256888268625
0.02765320207468024
0.05667151901519614
0.06559766941834626
0.037056309821939755
0.03082702942839604
0.04168519107825161
0.018760612341934137
0.022786278129127178
0.029460808741485184
0.021333222212393584
0.07801671211539393
0.10069480202981013
0.02657427985717542
0.04227531191380479
0.03297404827689164
0.03999567291124892
0.03850912247222419
0.0723646884823381
0.03353510421803392
0.03200089170918635
0.043599999393074636
0.0394559263848846
0.03472964051616036
0.02600418856441021
0.035090894824006284
0.021726870371753006
0.02809108047158621
0.020341371723537005
0.0743894628756761
0.09601317505268328
0.025338755649677202
0.004505785205661686
0.008208909331762071
0.021133657955962535
0.15076754515355925
0.09093144388763681
0.03517572923477556
0.030513066767900013
0.041572894425919486
0.037621492773144416
0.03311494721850394
0.02479516974469601
0.033459405645339904
0.01814241651162485
0.051368574613433166
0.017439957916208844
0.02810542367394994
0.04690546372373484
0.06033732746718135
0.0036385617488721342
0.006628949701592068
0.017066086362858515
0.1217494837698401
0.07342997022661683
0.028405495832671886
0.01775928279942592
0.015229053322075584
0.06172577511673848
0.12205035692826005
0.05360356973205579
0.03867889397746983
0.014650565825543018
0.04148172230839269
0.01408330865308937
0.022696004103209787
0.03787762139745141
0.04872426929614766
0.024897287407642184
0.009608376765752904
0.004814031690641289
0.009566379071977823
0.129403336833974
0.08223155849763691
0.018880895840936655
0.016190866082693062
0.06562415520056318
0.12975862271792368
0.056988980255781856
0.04112171514352186
0.03579638692776032
0.018711188385873517
0.019129286599923974
0.030641310091686278
0.04083101269606489
0.07417488807661334
0.02646971139401821
0.010215207616408964
0.005118068784225034
0.010170557497894469
0.1375759906425323
0.0874250108164256
0.0430964082279687
0.017709352048329276
0.01129959640476126
0.032812889028819556
0.036717081897640835
0.03354075528870346
0.04239991736019061
0.02216293065758392
0.022658157445694056
0.0362938588835049
0.048363304585454236
0.08785828388201991
0.02721996729306088
0.028643389831107573
0.02975404459675853
0.03617890862982983
0.06544935313330416
0.06714426295618214
0.05104660844890581
0.020976280786857156
0.013384086911683192
0.038866039356953104
0.04349045732769227
0.03972817858152427
0.029442929733740773
0.028322031858749593
0.016649655828046755
0.05649133770743278
0.09854580228848607
0.048930138083454554
0.025521010600631524
0.026855589047826364
0.027896921380912817
0.033920772230190986
0.06136427781620978
0.06295339844560197
0.010155407696071303
0.005840354585504701
0.014508506634721849
0.07177750542288128
0.10986960790207104
0.05875253893346931
0.027605225008481307
0.026554288898166148
0.01561045383742142
0.052965384306056115
0.09239498482032825
0.045876123188309186
0.0362936594463061
0.015613005382290913
0.020522408769592965
0.03562127621026386
0.06216914663624536
0.0593580835769341
0.009803407739294825
0.0056379201167780285
0.014005622470820777
0.06928960148415986
0.10606138095638781
0.0567160976812791
0.040928723099957307
0.01688944196882519
0.017826935391560775
0.05164191672138851
0.05398892114136646
0.017773092810078953
0.03503567287021796
0.015071837820712523
0.019811074747755463
0.03438659533268703
0.06001428121048263
0.05730065334087392
0.024134883378340233
0.025465557492627577
0.028830796105997605
0.048333119217400786
0.1298969652220015
0.06115543485487294
0.040002752139916525
0.016507335428236767
0.01742361901057342
0.05047357059223941
0.05276747641125004
0.01737099456303494
0.015441730462624268
0.031578069375089765
0.03819053714359144
0.0375203450671014
0.02027186837748938
0.016028084685719673
0.023588856054748083
0.024889425013199053
0.028178528506937365
0.047239631284874774
0.12695817777683133
0.059771855001038286
0.044893420237492564
0.03573078996012622
0.08483451480603067
0.06663572109939045
0.06689584890558066
0.03680678278457965
0.015152029633066517
0.030985636233225363
0.03747404812582664
0.03681642945883834
0.019891549792091266
0.01572738332061595
0.0329886693022422
0.033696019777380126
0.021556106170167642
0.04940048991761596
0.019570584968337815
0.02509784272793247
0.044051179070547855
0.03506044802421063
0.08324294258075951
0.06538557470372595
0.06564082227700271
0.03611625425010913
0.06756966101333767
0.020036468476617244
0.05206119665992236
0.0587549623546526
0.06696737257360495
0.06675626450118313
0.044066119019226975
0.01950559440122071
0.015421187103093552
0.03648919062984864
0.040701106582999816
0.07855350708101652
0.07289592341739091
0.0451944279156928
0.014558139816931343
0.010854833251585965
0.04503702838146657
0.04353791800546087
0.03387504870794197
0.06195198301215429
0.032316929460694234
0.07402028988025777
0.05882249198457165
0.054856779591534136
0.017270486270739523
0.024729811724046633
0.01706728253608002
0.03880896181279676
0.046567422960779155
0.07289746210100777
0.06086768234311533
0.03773709081508021
0.01215596412449359
0.009063724160017893
0.037605663097299895
0.03635391444132205
0.130570625281832
0.07383185025888166
0.014581857330048893
0.01367365734170789
0.02542565648677259
0.1372826870233777
0.01442075801988836
0.020649252439063147
0.014251084054701461
0.032405262858963245
0.038883533885489964
0.06086896713520283
0.0416807690087132
0.006263057990643929
0.010148603042755581
0.017783248375303894
0.05136308059413159
0.10213194780814479
0.11132445081317921
0.06294899917075408
0.012432484378472972
0.011658153515674648
0.021677902199250247
0.11704715134853227
0.05096199961334289
0.03949297396515721
0.02269335519193908
0.017598476541108056
0.04075066974077084
0.05784208738176774
0.03553700313030218
0.0053398801584550884
0.008652693956371263
0.015161988807068464
0.043792137219782284
0.08707764840430787
0.060498403576049756
0.042096099524203776
0.0071931582209101555
0.029451405359326204
0.04028814796479592
0.05848267688650135
0.059987287531660397
0.04648711594330751
0.02671231178692856
0.02071513834622434
0.047967547611835214
0.06808582774473915
0.036078465822756645
0.021175417248785907
0.032581740151076836
0.028703492024579703
0.06322518960116975
0.055519871595486436
0.07121257325179105
0.04955125083943227
0.008467054937645917
0.03466720173669999
0.04742311397548714
0.06883986461734565
0.05161284350372162
0.04769628448095868
0.02425731568494737
0.011405678940540979
0.03598762785041644
0.04163972246631842
0.04194070602658283
0.02461612293007705
0.03787581191018653
0.03336740333841834
0.07349838830632996
0.06454106515114577
0.040213145799730406
0.031365592610400055
0.03804470631506285
0.03663066897655573
0.06883477937727725
0.03189928055595468
0.059999200276976104
0.05544625583037907
0.02819878625478261
0.013258940383686904
0.04183510816904953
0.04840558818570407
0.019498299883750958
0.04494300767076385
0.046980022289602644
0.04138668596042972
0.04176345359013724
0.035456907777005005
0.04348936317012312
0.03392098829753734
0.04114425809600643
0.03961501729359045
0.0744428385180893
0.03449815649520412
0.032919884876216256
0.04485209267500158
0.04058901127127028
0.03572699717164987
0.026750969992316173
0.03609862588541823
0.021086851773981327
0.04860457304896007
0.050807545902233436
0.04475851317638101
0.04516597655566248
0.038345628240158004
0.04888432547522667
0.04712290263428384
0.02194949272209997
0.04855832489090467
0.05905544285804629
0.041612140648660874
0.03544257217546763
0.048289158295416856
0.0436993922342724
0.038464796600299334
0.0288009265002451
0.03886490363468714
0.021073394934104598
0.0596673689713425
0.020257451402184653
0.032645964912776396
0.05448322504249758
0.07008505896497202
0.052630385568465936
0.050733982941106294
0.0236315067000728
0.05227940319770361
0.06358092696012745
0.044800925150908014
0.030604188910138986
0.03319656046423401
0.02137738193965251
0.035587275997987236
0.03743905786015464
0.06236410630761437
0.020034366593859262
0.056725456311186945
0.019258653336005533
0.031036348481959436
0.05179691773111587
0.06662949982416547
0.03404656100365267
0.013139270168077524
0.006583095617823274
0.013081839130723347
0.1769565707885822
0.11245007245069855
0.029095242691113094
0.03155979679948696
0.02032336545369936
0.03383263758164929
0.035593116934621534
0.05928923042405101
0.04966013791877606
0.019093451053647785
0.02144681131812701
0.019989489546014764
0.048570308264400515
0.02980768040107959
0.03339200135703129
0.012886662098876145
0.006456532798723429
0.012830335197693362
0.1735545052927373
0.11028817187936094
0.05436686862995856
0.02234065565836102
0.014254637418032526
0.04139403028119416
0.046319237497592196
0.04231224622907462
0.04870540060114226
0.01872637131913018
0.021034487229475516
0.01960518308957185
0.04763652338637931
0.029234615040738484
0.08524456550329224
0.014907027025579231
0.010127353546075331
0.027232450502015976
0.035697788787579364
0.07145227099630959
0.05649879411842095
0.02321671518555578
0.014813614339200044
0.04301724291879
0.04813558568014771
0.04397146550145613
0.03258766989260012
0.03134705116804194
0.018427972109311505
0.06252506396778745
0.10907128140167627
0.05415626780631426
0.08858731939972
0.015491586550045157
0.010524484440306207
0.0283003353517707
0.03709763078171713
0.07425417814278103
0.02244511256756923
0.030386167349106416
0.02008646212812544
0.023598589696742396
0.07575755623870761
0.03570177154649922
0.02999383724925611
0.028851966221489642
0.01696118802302066
0.05754834877209172
0.10038969566438885
0.04984567132179556
0.03943406055476742
0.016963960346793653
0.02229816233733868
0.038703497650651154
0.06754849002534057
0.06449419259170351
0.020658582083703244
0.027967564453103614
0.018487669660638965
0.021720247596984245
0.06972759389406787
0.03286007035191494
0.02872781776130099
0.016297324072808903
0.06813978759384366
0.05041432764841135
0.07186438485739575
0.04010148405393738
0.029637276942564156
0.012749526266572051
0.0167585281151592
0.029088211114479148
0.05076711040580432
0.04847160602121411
0.020416112038435873
0.02154175210795939
0.024388465203258294
0.040885815010612794
0.10988207209673988
0.05173243185740291
0.021590834901841174
0.012248505484180001
0.05121150922110898
0.03788966617612246
0.054010787790103945
0.03013888937619633
0.10230421379502097
0.1264622369050128
0.03131965004724573
0.023615073257596316
0.030518112214342828
0.02237155712334607
0.018749291383169178
0.019783031481006342
0.022397332049476956
0.03754779840692239
0.10091103456179981
0.04750887127913219
0.03568294347408112
0.028400147542482292
0.06742959615152205
0.05296452479596127
0.053171283954769354
0.029255386259656783
0.09395185089882749
0.11613755470363836
0.028762638236368484
0.021687081688619145
0.028026539886426147
0.020545089212439718
0.01690783009338894
0.020905149076477128
0.025088401789129182
0.04213171227809226
0.04917504919110456
0.022879809692884803
0.03778916768191537
0.03007649686897464
0.07140970075925943
0.05609081297234786
0.056309776313408715
0.03098221697345112
0.05796442465601048
0.01718822249465124
0.04466053648989221
0.05040276268221528
0.057447753381321354
0.05726665497451191
0.01790583299274368
0.022139098038261695
0.026569271752183612
0.044618582016909686
0.05207765948453443
0.024230315126406513
0.011746000669243906
0.04021063337309186
0.037785492340055744
0.08012078526641601
0.05008694018920753
0.024920807526163057
0.02858251745356655
0.052272799693799686
0.027267833865561694
0.062455592187074936
0.04963225051886405
0.04628612857917087
0.014572199719059355
0.0208661035832034
0.014400743897914707
0.032745571465672814
0.03929187500273708
0.06150819149477015
0.10628464252713805
0.052934075230067386
0.02560677155748393
0.0435594439101012
0.07947865094359222
0.06999295347699104
0.05777741836463
0.02688271601063306
0.020539933529193644
0.028319390480446134
0.02041352728344357
0.018328606489861957
0.020072096921699742
0.028741470853744275
0.01983592956700011
0.04510453444827324
0.05412156973519432
0.08472285618942837
0.05801501101121362
0.00871748259287442
0.014125730673318928
0.024752310834109854
0.07149171565465778
0.1421563521404218
0.07958399992168844
0.0370288969192626
0.028292196409030412
0.039007806744750566
0.028118081418492293
0.0252462615800569
0.027532800239819064
0.012341162243135365
0.026774710262675125
0.054034561685681756
0.03779013082242369
0.032392244718324685
0.042348709592195805
0.00636342443560519
0.010311235930754706
0.01806822760141974
0.05218618167497623
0.10376862761117159
0.07209469280342788
0.050165048729012465
0.008571937465607266
0.035096628943948285
0.048010550352619134
0.06969259311370658
0.020097877106162516
0.009008570139953823
0.01954450080359459
0.0394431358519647
0.027585330895491457
0.02364508324148251
0.06512866205437168
0.008346598313608226
0.00516585723616084
0.04992165230679277
0.1475602284427632
0.06787458227527032
0.06641630158417652
0.04621390113215917
0.007896786320024444
0.03233231465296398
0.0442290974196402
0.06420339837002759
0.04813664249485418
0.044483869489330065
0.022623549755148332
0.010637489669258768
0.03356380812362028
0.038835225844543665
0.05999893601837213
0.007689195546058635
0.004758979042648002
0.045989675331978154
0.13593794845351728
0.0625285794418423
0.05846722791453312
0.017606701829089508
0.0166815480395794
0.02849713408922435
0.05342570245978726
0.04884592886788914
0.06004619513377006
0.05548968455677011
0.02822087318120312
0.013269325555517436
0.04186787585442347
0.048443502252463515
0.01951357208415584
0.0449782096434506
0.0470168197703938
0.04141910241549759
0.04179616515148521
0.03548467968555786
0.07293268483903842
0.02196280003958796
0.02080875268409138
0.03554764905877467
0.06664382866756988
0.0609309670196683
0.0625512825710639
0.03472968319140397
0.028016984862654786
0.02795779683175322
0.04868476157020057
0.0416867308927621
0.020897215819959458
0.048167467753264
0.05035062907358819
0.04435599584293645
0.04475979486741109
0.038000782557557684
0.048444704340807325
0.04669912213385094
0.02175209896046755
0.048121635509052386
0.058524351950470045
0.04123791892626332
0.0669865899521358
0.03719225172508867
0.030003577857219476
0.029940192996140518
0.05213683918495959
0.04464260098241805
0.053676857372993984
0.015048555807102036
0.02536495460848636
0.036316619703549394
0.046222469755267684
0.051156694692469334
0.05127711518775136
0.04942947423062833
0.023023876379233435
0.05093515752850076
0.061946088372034906
0.043648971495610075
0.02981727196224759
0.032342986591790926
0.020827711298183987
0.034672230325830014
0.03647639783901349
0.060760555488553
0.05681517589762723
0.015928397954533092
0.02684796443469769
0.038439939248427445
0.04892495347332976
0.054147667161233086
0.06687530538014765
0.04171334147900663
0.04429173670761371
0.031198966224104042
0.04483960553482461
0.03481902763995469
0.03320658309310203
0.03601939416520764
0.023195184547330844
0.038613401614862534
0.040622647749661726
0.0676671707984644
0.05667742708736474
0.02179147552327139
0.02447738036345694
0.02281412987839351
0.055433597662755685
0.034019692722941544
0.07447698058340588
0.046454871581389355
0.0493263514241464
0.034745333699585754
0.049936496167030116
0.03877688529021343
0.06756438482269199
0.02572482259054253
0.025290577259056757
0.0339346936907628
0.031370014081501606
0.06786041209807848
0.05444903188930712
0.020934696697729505
0.02351499940041712
0.021917143192838606
0.05325410629924809
0.03268213518374091
0.09529711301399367
0.016664952548845084
0.011321631469583088
0.03044386346292511
0.03990748492123221
0.07987834888992236
0.0649079454175206
0.024713395747836948
0.024296223707451176
0.03260047807170358
0.030136634368719935
0.06519233374257245
0.1583374095234374
0.0660135241559549
0.002090237291195566
0.000589698586633249
0.008166837732767501
0.04268968677734966
0.09922846741958227
0.017352442783855736
0.011788690169985273
0.03169978416149374
0.04155381461264698
0.08317362289023154
0.025141229424613783
0.03403616722165216
0.02249925685031698
0.026433262737134974
0.08485758742851779
0.039990284148211444
0.16486940669325767
0.06873682343345593
0.002176467223284491
0.0006140258098114535
0.008503749654702934
0.0444507924696143
0.05079174051628523
0.040511293657708745
0.021478537373974194
0.030637190133470323
0.015850285991346115
0.03362498566128346
0.026073908051917487
0.03529882646503392
0.023333924703670354
0.027413872666285564
0.08800559808553242
0.04147382668684019
0.03625836835294218
0.020569414088778895
0.08600157306055453
0.0636296594934691
0.09070251556410085
0.050613464357393334
0.052675990885390746
0.04201416438534221
0.02227533901068482
0.03177375557168046
0.016438293154047028
0.03487239106616669
0.061520414146788285
0.031098629939457275
0.02760765776339305
0.04019026097968905
0.027874074078908132
0.0222839825126978
0.026201163233497117
0.014863950051788768
0.062146791387932665
0.04598031214895915
0.06554380475289581
0.03657449856905219
0.12414940956680426
0.1534659371481214
0.0380073891090665
0.028657640707562902
0.03703469751593493
0.027148594421715033
0.044456121068711774
0.022472612982754974
0.01994995308426472
0.029042442783839013
0.020142471878903508
0.01610293815828071
0.042003792875789786
0.05671904099976021
0.05977832872062818
0.016072283851430814
0.0030362996484293563
0.010449456735742588
0.1156120716590999
0.14291260010586165
0.03539374861777523
0.026686951010272013
0.03448794575846466
0.025281676768975966
0.020805862211929697
0.025724746984244908
0.03087243175848163
0.051845008825431985
0.060512158691199275
0.028154657651277604
0.03911533312042638
0.05281866305591402
0.05566757383563443
0.014967046873929359
0.002827503519811951
0.009730882693254147
0.08652299629864484
0.03878607044408934
0.03274638458664879
0.008789002094767151
0.01738970787706136
0.04234891167593333
0.02347566431367382
0.029025738929005215
0.034833973095013515
0.05849774506472687
0.06827706104464296
0.03176745501605913
0.015399739785973846
0.05271864935239023
0.0495391381379193
0.10504334873583115
0.06566710383467755
0.032672733636405736
0.09762560166122722
0.04376308756240184
0.03694839099731451
0.009916804250997356
0.019621150062248682
0.04778311153015301
0.0351571425361362
0.040741469785259964
0.031585733211272476
0.021435381401429154
0.02916965429472745
0.01933404968246796
