0
0.009294224519391896
0.005555490386312797
0.0011846182497132803
0.007801846189639384
0.005243224594096874
0.006509204068857973
0.1436572053631915
0.022380338427774413
0.02099655563382599
0.012562504652436631
0.0110393994861858
0.05063859563572418
0.016547173156777777
0.04631561801704779
0.010159064895153076
0.03626237314488382
0.028830596202554834
0.007681744439776227
0.23237746393535677
0.20023448284380949
0.07870239429455603
0.013891994910363909
0.004995548006496679
0.027138229225578025
0.10075034157690171
0.01569588337392698
0.014725402368076472
0.00881039438011165
0.0077422031580329734
0.03551409617342477
0.06068263267121773
0.08825885941459603
0.012560154874124234
0.02855514518298524
0.016339328053064622
0.008414768816952242
0.16297204729182424
0.1404293818119691
0.05519593039590202
0.009742798691268163
0.0035035010373890333
0.019032709548795167
0.04301018825001468
0.06814742973910638
0.028282323817119526
0.015567804633895798
0.011855248471074019
0.04421134931853781
0.0555891687808182
0.08085075443220764
0.011505904382788496
0.026158337489049496
0.014967868481055146
0.007708465889269028
0.1179313605684634
0.03664810883237047
0.012833626669795612
0.012361118550289093
0.05568391947444165
0.07675946324521497
0.03940008052845825
0.0624273998504837
0.025908415686277813
0.014261103733406482
0.010860165078329747
0.04050042081416821
0.07641894023022316
0.05411630287789611
0.021260710807052552
0.0027897268929449608
0.015169364541763151
0.12788920167240053
0.14170316915620013
0.044035387534712714
0.01542054261149498
0.014852789490837646
0.06690830854941474
0.09223211834532595
0.07536957057061365
0.01831158247960683
0.006943571149878795
0.012367196260190401
0.00972187532392061
0.007839914955887026
0.09182295499672749
0.06502470236797496
0.025546301554995057
0.0033520612321019296
0.018227102776497167
0.1536682447355885
0.013337118527320635
0.025971432322737943
0.013556132874520488
0.02073758211942801
0.03417780530328807
0.02887245006083748
0.12487052345551695
0.030338197129371823
0.011503944596893457
0.020489678513429182
0.016106973298061555
0.012988985833097579
0.08017568394586828
0.019871232727896374
0.032977251115189496
0.05132252219772717
0.055818941033792285
0.05228063004635432
0.022096622805280255
0.04302885533879213
0.02245948060017098
0.03435753600358692
0.05662498016734522
0.047835192973034533
0.059779552851866896
0.05065389761723082
0.03850897311500336
0.03704119819538199
0.02749254120614975
0.05137646490416784
0.05886904178237578
0.014590463992993831
0.024213565487993974
0.03768359127032564
0.04098508937179608
0.03838708250603414
0.06667793943704697
0.015022425593895218
0.024474415134858075
0.04417450840025621
0.06848665650266156
0.08401882029510509
0.0438931708639281
0.0371926532897711
0.028275235529441892
0.02719752095542401
0.02018641410107886
0.03772319873337459
0.07223207361534106
0.04949777305195225
0.06206493144642922
0.05055427995813526
0.016489299521563146
0.037109746121723027
0.05110856119880515
0.011514671333612132
0.018759610064222682
0.033859708099306184
0.052494940676331786
0.06440032573229089
0.0793695952360144
0.025835784131905733
0.029345654908659907
0.018679484179148387
0.03778480129391945
0.06323885910388381
0.05536579843430378
0.03793998411751621
0.04757269606575529
0.03874979540334028
0.012639028452864888
0.028444576223368084
0.05426203343967614
0.0220694626955578
0.048458003021359844
0.05032766098480752
0.06965095598207466
0.04812793024392433
0.09027751989422686
0.02938644841283927
0.03337868785833933
0.021246643624456576
0.04297764326966616
0.07192990393692429
0.05499865935357837
0.013555020754724223
0.014764187771370419
0.0205813078641075
0.03337341701966113
0.03783817076829871
0.061719374891416594
0.02510251377279375
0.0551176847858018
0.057244293640094646
0.0792232283108644
0.05474224943624673
0.04383798292713458
0.023119457634163038
0.028095694767510542
0.0368550404878729
0.03953759538878517
0.03109718359775464
0.04637512630955526
0.011429656777407963
0.012449232050430812
0.017354254867882123
0.028140621023474973
0.03190532222651723
0.2045130560929697
0.04585928022658378
0.00989029397737189
0.01462941044407617
0.017446337475096215
0.04559095502350333
0.036964391846939094
0.019494434602485705
0.023690420983202364
0.03107634218465138
0.03333828499969982
0.026221290376298452
0.2409826879053366
0.011224925622660224
0.010310981952921669
0.0014237345794996133
0.003984442803386335
0.07570443990182014
0.1987561588787398
0.04456837407307643
0.009611889229362238
0.014217602934862468
0.016955235471499738
0.04430760203380679
0.042207181367309464
0.012091854490072633
0.01218940969959453
0.010441589406372936
0.04847147404229496
0.033503134416885516
0.23419919646873508
0.010908951942145398
0.01002073513731609
0.0013836574627076263
0.0038722835695785642
0.07357341370964637
0.008219833745994679
0.003133768922970639
0.012013797510260427
0.09007768976476396
0.04474493664644112
0.02053015546153593
0.05724268248044275
0.01639934638495067
0.016531653772036706
0.01416120592793477
0.06573850961085832
0.04543798527638151
0.07692303498046776
0.023388382230320637
0.024784503184782296
0.05100591162832843
0.04165954109004136
0.042000911477411036
0.011147992306551785
0.004250114165728818
0.016293483098987843
0.12216614392947568
0.06068446454099311
0.027843630687669
0.006982810728536401
0.0042211394930221375
0.008072839337999484
0.11727906362212778
0.09893058263441874
0.04685396757291726
0.07041773894614572
0.021410452599609286
0.022688505148283276
0.04669239806601257
0.03813643975227516
0.03844894082335025
0.05334428626854063
0.05770663683595522
0.0366641978604961
0.023904344676748183
0.02677430837070767
0.033674347011659965
0.006392282144318377
0.003864162392323373
0.007390128239242891
0.10736090285684137
0.090564132623076
0.042891579329632966
0.019403580979961556
0.024439516979028682
0.044324851740363394
0.07632881914431101
0.07261954077355724
0.034557815043100196
0.0483055831929101
0.05225588233441643
0.03320103395958256
0.021646429097236606
0.024245306684262277
0.03049359331287882
0.06042571874183981
0.03305161398295409
0.02252672734422613
0.03016949058034457
0.05129547051237121
0.07020082590246654
0.017570790816272802
0.02213105101232253
0.0401380909377777
0.0691190824942492
0.06576016877625317
0.03129361223667086
0.05394470199023322
0.021909826572841504
0.04004653482136224
0.035550703295855565
0.06288316383411739
0.061834514804876776
0.056759334479456164
0.03104617788924032
0.021159898114262995
0.028338929889118295
0.04818307218705514
0.06594132831345531
0.05385641597094543
0.03964113610300269
0.06584876617280047
0.05063897153090557
0.02272885234690026
0.021947606750249864
0.05067155918723303
0.0205804283462119
0.03761667568043362
0.03339363273394028
0.059067671903681146
0.05808265058756708
0.05868490873205692
0.04340337750442103
0.012604497519381806
0.034211634434141464
0.01120487046903939
0.07438752541446039
0.012189026667405707
0.034117144830622226
0.007483399838129161
0.02671169444464051
0.021237277365784082
0.005658548861578545
0.1711745612362791
0.14749730530967947
0.05797398587396105
0.010233161569142822
0.0036798350565729315
0.019990641096376476
0.121345969382171
0.09170326415840394
0.02290176370444563
0.015983306625183363
0.013703625258599568
0.08446101008043713
0.042476169525420125
0.0492386910881164
0.005659963733160649
0.002245258364767309
0.0023165075304320535
0.030017807576061668
0.14342998301564408
0.12359042046100974
0.048577357226425755
0.008574534553837781
0.0030833943773694588
0.016750487293303612
0.03785281385802861
0.05997583544211985
0.02489097542886363
0.013701060956988762
0.01043367936470471
0.03890994306834546
0.03559148175756737
0.041257909910647865
0.004742576795601195
0.0018813389489562458
0.0019410397978871046
0.025152415170256556
0.15546732948173436
0.04440974756668016
0.0482016483014403
0.06144740539096184
0.012304326820212992
0.03783222728880104
0.03791401810790253
0.060072810426134625
0.02493122167014618
0.013723214215171746
0.010450549590557318
0.03897285659142109
0.07353662847421538
0.0520751851195665
0.020458815406309824
0.002684506085179739
0.014597217929703758
0.12306557354648961
0.15571870475112698
0.0444815537287558
0.04827958559133481
0.061546759757793265
0.012324221697673334
0.037893398252232056
0.04138620449909342
0.027109415892021673
0.03935852390290732
0.028871106819032984
0.013664215552056876
0.016883644561060885
0.1018694049165279
0.07213912616225461
0.028341350344456517
0.0037188139171752503
0.020221350023644245
0.17048125543704917
0.014796347250290227
0.02881299513440275
0.015039324196721823
0.023006503656836676
0.03791723635688909
0.03203141639565517
0.057331810167971675
0.03755434702208624
0.05452288868244701
0.039994796225498036
0.018928873077547655
0.023388709272420805
0.043183649373348544
0.05803598740179763
0.047259783400148365
0.021005308291441663
0.03084281766702383
0.01957581165935774
0.018186057389054017
0.03541379329648434
0.018484698169597705
0.028277086820634473
0.0466037343376883
0.03936952593570988
0.049200024294945674
0.04168938833612599
0.03169382041927411
0.030485806001972763
0.022627029322620975
0.04228407876748683
0.05307663523219212
0.071331510383335
0.05808657492088139
0.025817435587383728
0.03790862992361999
0.024060454127785465
0.06147040860669142
0.06298488951195709
0.05740239000786041
0.04121949618475041
0.04067601705057782
0.061650399877366056
0.039883350440286354
0.033794952512283816
0.025692177284214666
0.024712916338054974
0.018342302729095105
0.03427703046279991
0.06563337868572011
0.04497594932853533
0.056395046477823764
0.04593594001393164
0.014982934665898378
0.03371961925264022
0.04983017555989552
0.05105786952032388
0.04653248996522709
0.033414040640572046
0.032973476452326
0.04997608310826328
0.0680062435508115
0.054324751269453735
0.05376923739760621
0.025135540634518883
0.021587464418876177
0.07504693566715114
0.05607294567728725
0.03842456405542451
0.04818030765658436
0.03924471847427116
0.012800457609080133
0.02880787819359173
0.054955083091819686
0.022351339958066867
0.0490769219967215
0.05097045974717781
0.07054055719594192
0.04874263343876537
0.05810016910146794
0.04641158032485951
0.045936984931740386
0.021474192442804605
0.018442943878697174
0.06411528449664586
0.031165246228779763
0.08169102785837107
0.03940294363687581
0.03159545962588469
0.017887418517509877
0.023608801875559842
0.06367875347538825
0.025899432535772114
0.05686748233895913
0.059061603734539316
0.08173829423916486
0.056480128204016516
0.045229688612149356
0.02385342116248968
0.02898763676669823
0.03802506168738102
0.040792778510824475
0.032084412578451085
0.03611247440544133
0.09465881100484815
0.045657838963957975
0.036610980663912114
0.020726900042794382
0.027356506257504756
0.0562920970218281
0.04692641082891697
0.0208583861923003
0.021069922377132188
0.01757378580903376
0.023457099903289556
0.03667905362793329
0.01934395174663266
0.023507548164441124
0.03083645542636517
0.03308093768810567
0.02601888108665051
0.23912247683347948
0.011138277361303591
0.010231388671938438
0.0014127443840993056
0.003953685803028898
0.07512005668940687
0.04565012293579746
0.03805501192192447
0.016915125644575365
0.017086671089741507
0.014251476229757108
0.019022554691597734
0.09476489436941464
0.04755434923595509
0.05059143600185594
0.006916534440295982
0.009905509849013318
0.128840780945163
0.211376998203755
0.009845898490892341
0.009044236466471118
0.00124882307633539
0.0034949380248642616
0.06640384583737953
0.007418828967648619
0.0028283900115352338
0.010843079280528628
0.0812998163729684
0.040384640663805774
0.018529536819718403
0.08376928497964704
0.042036598675870916
0.044721291024167095
0.00611400612490628
0.008756169496438627
0.11389133252154023
0.016616814781732114
0.008976369578211992
0.03857057894538822
0.143810201551975
0.025472899177208973
0.00454535448650971
0.009387837748821222
0.0035790643825955593
0.013720907898955241
0.10287735280683931
0.05110300503617338
0.023447404702666833
0.005880295962502719
0.00355466451590067
0.006798220145245345
0.09876189275544711
0.08331045022541335
0.03945620281820337
0.021027032939210318
0.01135876046491711
0.0488074787269519
0.18197842876314743
0.03223358369771299
0.005751723164977376
0.012625688358041069
0.019974432797617715
0.019154355134658428
0.10128944643505092
0.08393851207992511
0.019983174364753515
0.006143448018019396
0.0037137410793927784
0.007102450683382203
0.10318163544374746
0.08703871770763486
0.04122192701656056
0.01864825244295201
0.023488153175406375
0.04259940603769702
0.07335754619446332
0.06979265992370574
0.03321257346600636
0.013190706830736683
0.020868318595542022
0.02001154122833873
0.1058223009378684
0.0876948862712409
0.020877451360905748
0.012721472005874588
0.00515394346604281
0.014839084069978097
0.07910047030593644
0.09504030181092937
0.015178924090916479
0.01762376956133286
0.02219777967136542
0.04025911370273035
0.06932748758475067
0.06595844620457911
0.031387967483513794
0.054107353896112986
0.02197588820481072
0.04016728152997792
0.035657894353236574
0.06307276663231656
0.06202095575850341
0.012022589880652102
0.004870800213346801
0.014023866255059166
0.07475491149261808
0.0898190531943592
0.014345036414840018
0.010682220153664298
0.013983340360978022
0.06482580718561058
0.11056913428683242
0.0365338268248123
0.02981262614277903
0.049272251058416684
0.020012094528557588
0.03657788151457458
0.032471458984309864
0.05743650296452005
0.05647868326518676
0.05706430989624485
0.042204782080593556
0.012256421081209752
0.03326687135734534
0.010895445091546536
0.07233329478361743
0.009727643201388143
0.012733771054934116
0.0590328895559496
0.10068853402723828
0.03326911700197166
0.027148531470197287
0.007002913002806914
0.026286241781632996
0.09441171579074698
0.11554301545047087
0.017006648839129643
0.01687890662418228
0.09514131596035712
0.07189995081264484
0.017956129468064887
0.012531712700968107
0.010744328362688186
0.06622166098558889
0.03330344374996155
0.038605599264158186
0.00443769496920694
0.0017603949812472913
0.0018162578946751952
0.023535464173817862
0.11346488488925606
0.08796881090254793
0.02026285029243375
0.024010611019687707
0.0166845870558853
0.05876672054331357
0.08707852453187503
0.15150335619787453
0.025210893416120372
0.014851462961282386
0.01299639852938827
0.009246882967967966
0.03814365363994581
0.04421640650589766
0.005082654548761341
0.0020162448345682903
0.0020802266749182
0.02695602894527982
0.16661548424624864
0.04759425418023544
0.05165806217926584
0.0658536377965733
0.013186637850589404
0.04054507716091122
0.09973422280766986
0.17352234163794955
0.028874959407739806
0.017009924363821784
0.014885251140800105
0.010590793667687637
0.056489561415761586
0.03943957450763692
0.007983998559957742
0.004631897715124221
0.019670800964656815
0.023218232669176494
0.19329363829920646
0.055214955526212174
0.05992945272336983
0.07639799687599795
0.015298057192015404
0.04703707770624591
0.051372698326832555
0.03365091970364127
0.048855738271379234
0.03583770676550998
0.016961391650302422
0.02095766908782002
0.0655345624170274
0.04575456407332931
0.009262381205512739
0.0053735483567836535
0.022820452156166654
0.026935891869867827
0.04351137673265911
0.0341463528414329
0.018032591435648955
0.024771008472067566
0.027949671574254795
0.021100212536710516
0.060083912855998574
0.039357070834290526
0.05714015452600449
0.041914669082761695
0.019837517028007488
0.024511439035697462
0.04525659695988048
0.06082189275630901
0.049528397918860656
0.022013627499266105
0.03232336749022058
0.020515510645490988
0.05088955521116004
0.03993651404919945
0.02109035903651278
0.02897140237645515
0.03268906804422563
0.024678153427587925
0.045249529806124594
0.06736725577584739
0.07319908983833572
0.04787457593696961
0.06368643791905526
0.031063803468026546
0.04081580528350001
0.05485376052282798
0.044668436896658406
0.019853546089425623
0.029151645554733326
0.018502431557994525
0.04727059689093025
0.048435229077286535
0.04414230033834781
0.031697693774309345
0.031279759622700215
0.04740900974668962
0.0408094315923481
0.06075686151718974
0.0660164483957882
0.04317689576186479
0.057437222944717314
0.028015675921012343
0.04294972131616997
0.0332329783349555
0.03429967801563581
0.046427753525036114
0.04516616500297763
0.04363086350228856
0.04351435102053383
0.04458643847235618
0.040634637134130236
0.029178911715864796
0.028794187710400036
0.04364176522698366
0.05938665718528187
0.047439252807785146
0.04695414864460006
0.021949686630075353
0.0188513183791045
0.0655349628000123
0.039536823575513455
0.03059219853012926
0.03157413545057294
0.04273848220374123
0.04157714282148219
0.040163840413275136
0.030495833812626886
0.050194297021635456
0.078932015167417
0.056476016612228744
0.05317358602847296
0.014079228878606983
0.05816929201259487
0.04646679709258445
0.04599163706401439
0.021499740710885448
0.018464885810887077
0.06419156370857723
0.031202324133691856
0.0817882172770225
0.039449822092021
0.03163304936411627
0.017908699530277957
0.023636889730364662
0.02987070069762907
0.04916536574384011
0.07731399033104636
0.055318316566891644
0.05208358240129487
0.013790619219342427
0.053024634787305396
0.03759521484773138
0.026272222850550676
0.03987574546976908
0.03597179533034692
0.049314813145982184
0.03702837960504123
0.09705960182892476
0.046815839150820916
0.03753952926393483
0.021252587518752065
0.02805033759242875
0.057719809334748594
0.048116585259896705
0.021387408495073108
0.021604309781432404
0.01801950220106044
0.024052032267318318
0.06292532238657658
0.04461494216745603
0.031177736524055692
0.04732129036164555
0.0426883999685358
0.05852280790036932
0.060942887815105595
0.034351239639105
0.022858722862849266
0.03111217151738709
0.061676018649253365
0.04316244287433779
0.04697319746354587
0.03915795784384175
0.017405375624963738
0.01758189296054888
0.014664525833345743
0.01957388415024017
0.09751145910575232
0.048932613830033674
0.05205772428305967
0.007116995905670793
0.01019260059319428
0.1325749648737255
0.04959618433136925
0.027955524823846705
0.01860275207379574
0.025319525359660422
0.05019281657662348
0.03512620667866104
0.09439409314822358
0.06631917586272155
0.04237442015304047
0.006714656918077301
0.027156283668891553
0.05250509059724163
0.07956911960598993
0.039928896954080986
0.04247897967973355
0.005807451797429351
0.008317137935721001
0.10818085724014244
0.015783652960144855
0.00852629725525119
0.036636662353314066
0.13659960366894408
0.024195696093563614
0.004317451854538175
0.07702535637031487
0.054116290380483885
0.03457742645133742
0.005479144136775231
0.02215946313510506
0.04284402953220504
0.020398967580050328
0.03407414828809149
0.03905753558317435
0.055323042130900967
0.07112717776177527
0.03347554814173737
0.019113204256506165
0.010324914099594362
0.04436514237887267
0.16541520095981355
0.02929976240179482
0.005228215507005304
0.011476529340296629
0.01815640918395123
0.017410972967455356
0.0920703308136005
0.07629863571379704
0.018164355115204183
0.02470211648493892
0.0412620676431038
0.047296697237451044
0.06699340178152915
0.08613140951479442
0.04053719318633953
0.0275539824535198
0.01760758420426163
0.057359864781872674
0.040121639748857185
0.01742448888537198
0.02568580491802895
0.013753773485560637
0.02175911652579487
0.020865766230978945
0.11033949700320857
0.09143828432348593
0.021768639138018867
0.013264508613290746
0.005373947878529205
0.015472514373232542
0.08247700181267736
0.09909725080546256
0.015826861015098864
0.03302141458046658
0.021101390289051503
0.06874156497837812
0.04808282439861605
0.020881964061173302
0.03078254166932131
0.009211044187052243
0.012582903787697232
0.03500736726031613
0.148801417302883
0.049783749419941806
0.010564565273589453
0.011673703716285785
0.00472945339700368
0.013616904614024762
0.07258558237159608
0.08721257445166966
0.013928754666718274
0.010372230471463947
0.013577554749724543
0.06294461291337351
0.1073605044041216
0.03547364371642529
0.028947487026507606
0.00810636894980977
0.01107384336581666
0.030808953817909226
0.13095574881807212
0.04381321295474939
0.009297563030090192
0.006698774156807393
0.009323170756837076
0.024765670590365912
0.163230843239588
0.08453343606303079
0.014969327155711766
0.010613673979426802
0.013893611402857178
0.06440982988777266
0.1098596290496169
0.03629939484128526
0.029621323076874775
0.007640764980717517
0.02868049276055141
0.10301109431093193
0.12606711319512343
0.018555679163413538
0.01841630170118634
0.0068547073995096465
0.009540194381510714
0.025342162830954022
0.16703051077570077
0.08650119501317793
0.015317781316103033
0.005737920362120163
0.01104334348017605
0.01879774814956112
0.04372127715117337
0.028780059608444264
0.014264108703263886
0.10259145404424669
0.07953868925918535
0.01832104511109858
0.021709654924559146
0.01508568970798092
0.053135058620425404
0.07873371974485276
0.13698466816490057
0.022794913297084936
0.013428235364353733
0.011750943243540042
0.008360746763077537
0.08293446537061593
0.05163105949648188
0.0139432006733405
0.02180083192761061
0.006995851138178544
0.0401470437767003
0.03690158233614801
0.10489669063409465
0.035376327475183274
0.00995795693842886
0.017746782306442357
0.015233332385182237
0.11071308702817526
0.19262389148148723
0.03205354996357658
0.018882397470185674
0.01652383764162557
0.011756641080858525
0.06270800085610835
0.04378113070814859
0.008862886805725933
0.0051417826339216965
0.021836186594783223
0.025774123884236808
0.05188994130975781
0.14750270248598701
0.04974517189318041
0.014002591986252125
0.02495501368829564
0.021420672864882126
0.028509299216846008
0.03529541646748396
0.026934674062656615
0.0064176478034422765
0.0223232231168509
0.02034604838714437
0.09495549986659893
0.06629551403905419
0.013420613564605645
0.007785936938569667
0.03306541406168895
0.03902842992343541
0.06304527527386146
0.04947593884959053
0.026128102035168292
0.03589164869518975
0.040497333583340914
0.030572893978677847
0.04317016522650557
0.05344603348718076
0.04078579135750493
0.009717913931620442
0.03380290841288578
0.03080897442966579
0.05124610446962224
0.051820757033697984
0.031779748134376326
0.050260478839986
0.05478256129448765
0.04821584057212062
0.04336372759451397
0.03403048246576507
0.017971400621109673
0.024686951879825992
0.027854828679608326
0.021028612223650642
0.03855778019970435
0.05740461507537713
0.06237400540729917
0.040794620055518864
0.05426813682940587
0.02646991717745681
0.035248035714772044
0.03564329257013232
0.021858709239274486
0.0345701038455232
0.03768047731705027
0.033163763140499854
0.043625767672503
0.026818484339285218
0.029711762839957582
0.07151831903161354
0.11616257304193438
0.06519354912393258
0.03848814590163924
0.05730094390821532
0.06226135965690714
0.04072094608576008
0.05417013005630211
0.02642211322990207
0.040506693574272855
0.03134264970114442
0.032348674321956684
0.0437868914570226
0.042597063488089934
0.04114909163805793
0.04354698072746383
0.02677005088895525
0.029658104207668026
0.07138915890053833
0.11595278660730779
0.06507581135458732
0.021249448020215386
0.007893435853457517
0.016699027550242402
0.02369447769473795
0.026844373448400353
0.04013155796441672
0.05018094861483267
0.03882824677412743
0.04007454128369215
0.05424455951160784
0.05277056371236979
0.05097677126498205
0.038705938695228946
0.06370763282967215
0.10018213500678036
0.07168052036795124
0.0674890076352456
0.017869646496624758
0.026324475416409684
0.009778633208621249
0.02068727337322376
0.02935345402790724
0.03325564260488368
0.04971621898373434
0.03833462554877022
0.007707547141553503
0.0425776102474423
0.046024992483658864
0.02479828523764777
0.024730625765153162
0.033875946465073525
0.055757757902421254
0.08768072178713984
0.06273573390619368
0.05906726685107708
0.01563974957011098
0.06013450128163239
0.04263621059367291
0.029794962756745036
0.04522252867325656
0.04079511308417805
0.055927244123904866
0.03355096831713975
0.006745746599771297
0.03726448431364131
0.04028167857414669
0.02170378529638215
0.02164456883644483
0.01250891635061663
0.01776290043955522
0.026898145850114
0.06885311814569929
0.08924961585902902
0.03426824360304135
0.056169706602486644
0.039825115177598264
0.027830517932466256
0.04224091184365115
0.0381054051154732
0.052239842795285686
0.054400104731334276
0.03066331611471955
0.020404627387140675
0.027771991936121877
0.05505452718470419
0.03852855512767828
0.011684177075628204
0.01659175489668106
0.025124694282835557
0.06431348664217763
0.08336520018197137
0.03200886592458194
0.02753666229660659
0.11395778634478992
0.07070929780850108
0.025665262365945456
0.02298143172472091
0.022826673675777245
0.0453969437341148
0.025588569052138237
0.017027682685251396
0.0231757560308927
0.045943059949160675
0.03215211915355905
0.08640187533080716
0.060704022612251544
0.038786636379133925
0.006146136167798704
0.02485699854463572
0.04805955691413918
0.02297937320301385
0.09509789071745814
0.0590069822465314
0.02141768802288743
0.019178028573456518
0.01904888282134825
0.0745287971408375
0.027080566464071986
0.01717354783070212
0.047285377777025295
0.061038768293696685
0.08192466956342774
0.08897948420859925
0.06251499288348639
0.03994374990112367
0.006329492548543698
0.025598552126413973
0.049493307513768466
0.023564832403168746
0.03936236432253863
0.04511915990289704
0.06390902925514176
0.08216592416695678
0.038670863045819986
0.07675219898745103
0.027888455277435994
0.017685882651932803
0.048696032454150745
0.06285972496206692
0.08436871090822921
0.0030077062137009755
0.006980445238573528
0.02238543751609353
0.06381783165365051
0.015343867827313368
0.004561881127370355
0.02943594011434273
0.04916937999530956
0.05636046402488053
0.0798317732854813
0.10263731911341473
0.04830559323789794
0.0328343272896466
0.02098183750817067
0.06835210034393034
0.04781040465324781
0.020763654469266354
0.030608139015811938
0.003757067246365531
0.008719602350597199
0.02796270250869612
0.07971785407357519
0.019166746733426877
0.005698460204451406
0.09399543913738487
0.02387551098670594
0.01604181191353787
0.019852077139062455
0.03964597445037779
0.07447572913713794
0.033995566556228346
0.021723894239974288
0.07076948329112827
0.049501297198258784
0.021497994803842072
0.03169064552153716
0.009482775637919697
0.012954107164092147
0.0360401060577336
0.15319115034440756
0.05125240055056153
0.010876226426362087
0.09731974037380288
0.024719907176793534
0.01660915662374891
0.02055417806209121
0.04104811867241557
0.07710968415374099
0.05870016933790214
0.03574497941130283
0.03530226920964197
0.025308081068144243
0.03453855786275065
0.030069415967597084
0.008668617611753235
0.01184191272628514
0.032945828313413646
0.14003869273570535
0.04685204828432441
0.009942431577940572
0.0071633936220261325
0.009969815427904642
0.026483389736604947
0.17455235152123555
0.09039658041412005
0.01600758290444504
0.053660377632541514
0.03267604021100224
0.03227133956242062
0.023135217540074804
0.03157319780680589
0.027487760839718534
0.06793556803558234
0.036388230299163896
0.013022710378424314
0.021828624331774456
0.036155555425550746
0.04900264686840007
0.007458519527940907
0.010380563596330885
0.027574483539363044
0.18174376436135364
0.0941208449309105
0.016667082110471354
0.00624335782351621
0.012016120922469151
0.02045358955290289
0.04757256297210739
0.03131521509149179
0.015520594404886796
0.07073445737745619
0.03788739535951398
0.013559235299528839
0.02272794564101812
0.03764513447311388
0.05102151548184475
0.09320464243359083
0.02212838503760514
0.0039748114477570025
0.013020342621405449
0.09654612409084017
0.06648322215872773
0.09148283498399737
0.0569528684468871
0.015380379202395007
0.02404792628534974
0.007716940024712007
0.044285151709924336
0.04070516826050831
0.11570879002791884
0.039022699601300975
0.010984361294246727
0.019576010407518867
0.016803489678535562
0.1972805166269581
0.08448140719564598
0.014286743834091079
0.027612883387868905
0.019516653926310034
0.01881979578756372
0.027099525394134606
0.032988397756857864
0.038104787505131535
0.018929093926935696
0.019722875920986892
0.01849063561218813
0.06000806496052266
0.17057933636489345
0.05752774875228066
0.016193281940920227
0.028859197846430682
0.02477191332903343
0.03296954739591819
0.04081734514876375
0.031148573886293086
0.007421681670129397
0.025815666564886357
0.023529165046022198
0.03995045714694353
0.04863190597488926
0.05617455133168614
0.02790550553044705
0.029075708811727444
0.027259124833394873
0.06923943142537543
0.04745581814482653
0.04333661622580424
0.027845256103465277
0.014807402949285377
0.0486766054428388
0.042888417145743665
0.053097220428895225
0.04051960478219211
0.00965449041714285
0.03358229529918722
0.03060790108722532
0.050911649146018916
0.05148255126679236
0.03157233908238457
0.049932456156333044
0.05442502544946693
0.04790116212527567
0.09007007534089667
0.061732874283856674
0.05637441278940353
0.036222485706410915
0.019262201779958042
0.06332093475234396
0.005600917249231033
0.017495007991218458
0.04903759723642097
0.059035923672462985
0.042029729057498216
0.0032426065493073772
0.03930146225677575
0.03974217255644682
0.024372400297732088
0.038545570099052386
0.04201362791041201
0.03697750410564786
0.04864261020040879
0.029902535805779038
0.033128533325546106
0.07974272776031724
0.12952094740826225
0.07269062681997064
0.004323651690061006
0.013505345196672503
0.03785477998213445
0.045573030238181315
0.03244502658867304
0.002503143800069634
0.020413275365527412
0.023465132064521645
0.019847166007405274
0.09199761587140437
0.07406120502306185
0.01942981606174031
0.04706492213438674
0.02893266857023792
0.032054033181388775
0.07715632975615666
0.12532002866266073
0.07033295863619035
0.02296608398017819
0.008531106809466072
0.018048057942085263
0.025608635296602636
0.02901299527520523
0.04337358455567267
0.01975118546533649
0.022704057387951015
0.0192034374569588
0.08901373938811533
0.07165908312132403
0.018799623956519903
0.03967887988592923
0.025061692368323635
0.01174401312878206
0.05421439602054746
0.05488819842014132
0.044880198070330654
0.03887546731911936
0.014440893112363413
0.03055055826263962
0.04334860333261735
0.049111278641342584
0.07341993394966373
0.05661182071582375
0.01138235396042324
0.0628777770313645
0.06796880328509215
0.03662161969333781
0.03652170151566528
0.06716578235958955
0.0424227745342865
0.01987948833494309
0.0917705422718843
0.09291111038909415
0.07597022961618578
0.0064773745278121735
0.00852121696440315
0.014405833333478463
0.03021747392211078
0.026733311575479337
0.0017938981089176181
0.04828154161354083
0.0097074707976424
0.05362547909465508
0.05796737435287056
0.03123284559341041
0.031147630110279042
0.018000963775882024
0.025561712813857797
0.03870779334633772
0.099083122059263
0.12843471465140707
0.049313737055331736
0.005524246064808839
0.0072673425136783164
0.012286053208913359
0.025771052868092652
0.02279957575959898
0.0015299307653595558
0.2494082572428415
0.016411722124400483
0.004936104445509666
0.009527488611558523
0.00724088327442828
0.0462328271631766
0.011682793584648504
0.016589790313031875
0.02512171933751566
0.06430587146071756
0.08335532913998647
0.03200507584360402
0.027533401756848267
0.113944292919583
0.0707009253167915
0.02566222341345911
0.022978710557172186
0.022823970832699585
0.1618682879401695
0.010651360912401209
0.003203577878781085
0.006183429077173045
0.00469940086091498
0.03000553655387027
0.0952998841692327
0.129799151949773
0.018594727100375536
0.0035439630067159514
0.0059783019227834435
0.013468189330673142
0.02516421469505902
0.10413964375440474
0.06461727030763857
0.02345404702374765
0.021001444390447564
0.020860019669925546
0.08161487415899407
0.02965534275218377
0.018806380873390125
0.05178119471779049
0.06684223527311407
0.08971393412268872
0.0870995442854186
0.118630227958965
0.01699469281283044
0.00323901299083632
0.0054638825389379505
0.012309282044543042
0.010292891603179416
0.0067723139558417455
0.006723234308378805
0.0624511914928986
0.05903600175742111
0.013337044988948558
0.09416039812646033
0.034213847768514175
0.021697225274237793
0.05974080044027863
0.0771169661147527
0.10350441437950167
0.00368988534876788
0.008563683014104954
0.02746268819079694
0.07829238139558248
0.01882401706374347
0.005596563340537116
0.01187507523861163
0.007813327961238653
0.007756703979487312
0.07205094800474081
0.06811078846294577
0.015387164152743056
0.0029810990805692163
0.0013652250601169493
0.01658280833865898
0.19640500581126097
0.06517678798395397
0.001632106029531376
0.004001505621360058
0.00928690798805692
0.029781982578355022
0.08490437361927825
0.020413753539063037
0.006069207455167919
0.10011087197182926
0.02542887448143711
0.017085507482177565
0.021143672193910803
0.042225379325044235
0.07932119103948351
0.0032328605366321998
0.00148052181466933
0.01798326899431656
0.2129919118162973
0.07068113473690237
0.0017699415658012862
0.00905581144165481
0.008403079133897984
0.015518520517073729
0.13264580439363405
0.05851902274562867
0.02794479801612371
0.09679414456157581
0.024586402097136934
0.016519455365478643
0.02044317088233806
0.04082642963798994
0.0766932370185792
0.05838314667567023
0.03555193110050214
0.03511161184878762
0.025171399431162603
0.034352025086324234
0.029907019735876998
0.008755787503804431
0.008124680570935003
0.015004383527236676
0.12825117705074884
0.05658025582712368
0.027018971722450484
0.020059848194792958
0.0690683434487058
0.06684777591102685
0.042922397123572785
0.032075306139867976
0.03095100575951202
0.057566889650775985
0.035054878180923316
0.03462071504964547
0.02481947712512034
0.03387174809899733
0.029488888539751634
0.07288132363227136
0.03903731823438861
0.013970772558524405
0.02341776304185855
0.038787704471594776
0.05257007291649063
0.019779390683684957
0.0681026962757125
0.06591317457840168
0.04232229743432432
0.031626860047920494
0.030518278554534692
0.04164541873731142
0.07978063621923052
0.08635186446937548
0.06161057352472468
0.012265845346539964
0.003995320160221833
0.06801546879201398
0.036431027426061975
0.01303802672066026
0.021854297534286835
0.03619807889758817
0.04906028013275854
0.08962191389812144
0.021277783667887212
0.0038220221657516984
0.01251984874220265
0.09283495107694573
0.06392764841327038
0.038865000486952364
0.07445415509129635
0.0805866613041093
0.057497199995603286
0.011446927412907893
0.0037285762679445385
0.11348038268986217
0.046728885568764984
0.008798870243256625
0.016446249641218158
0.007893211446583922
0.03147244608979614
0.20607821143827368
0.08824884277643971
0.01492385901530002
0.02884427574764398
0.020386996157349572
0.019659061735266752
0.028308024631795835
0.03445951036717158
0.03980406474270122
0.01977323400863878
0.020602414590699482
0.019315222711637384
0.017412373525495458
0.0495960048922364
0.03446614027335961
0.06035481895327455
0.034471976857439676
0.022991771707657666
0.06120258436495589
0.044310530977025316
0.04404698118768828
0.02153713692010443
0.022333451300549225
0.0468724450967778
0.038716292554733314
0.04712955079068841
0.054439185901902415
0.027043438127144787
0.028177491047238264
0.026417025666412304
0.06710046079143106
0.045989795109513336
0.04199784513001011
0.026985049948188497
0.014349967071758875
0.04717286938581261
0.0837054931313679
0.060602585410893535
0.06024213388241599
0.029455891205263984
0.030544993709584013
0.0641064617092429
0.028902040943480724
0.03702782749265941
0.027031698921339588
0.029574273550253535
0.02990197456746856
0.05338556365631621
0.10202700839816597
0.06992800282628549
0.06385819780140187
0.04103107318810467
0.021819286986635957
0.07172688062384384
0.006344447132545702
0.019817495660909668
0.055547409349112634
0.0668730281120236
0.0476092365115959
0.0036730672688570025
0.04394587964500557
0.05630122985745345
0.04110200347858727
0.04496801691511936
0.04546629001251893
0.08117335242203534
0.035341932953511436
0.013279444825864906
0.02048938741201716
0.024462722643228636
0.008558067373048242
0.014656401307743159
0.007375565179212632
0.023038292838158482
0.06457513627769743
0.07774142762438659
0.055346828445070335
0.004270024871058723
0.03482228768005561
0.04002834256481694
0.03385658165914967
0.15693549361330156
0.1263384019009439
0.033144639082029324
0.04108580694459884
0.015437658918220801
0.023819382395709923
0.02843847565386484
0.009948949435517367
0.017038402382365227
0.010964352351348466
0.012355698925273204
0.04904885175342879
0.08012049320667249
0.04799574069187996
0.006273005997371068
0.02431432346236601
0.027949400617374894
0.023640028632066566
0.10957868103034966
0.08821455953042774
0.023142921656620807
0.04884593493712179
0.0308517225878497
0.014457245336520128
0.06673960727440023
0.06756907897989335
0.05524891935485066
0.007655752318039955
0.008627246521909755
0.03424788336561698
0.05594335460352564
0.033512558816364016
0.00438006538521591
0.061079033751017676
0.04347998544423433
0.02199116738698087
0.0746820795715418
0.024635385113288093
0.049212952877783094
0.047806365516183766
0.030195117131799412
0.014149557292833542
0.06531921364333981
0.06613103201858807
0.05407307765635295
0.004610379323864089
0.00606511825712101
0.010253592077859093
0.021507790909993458
0.01902788026488197
0.0012768368904655838
0.05977911194934193
0.04255461748170394
0.021523137751031353
0.07309264932899294
0.02411107959902629
0.04816557235386304
0.017691843029380778
0.015954750436433757
0.03266734330427395
0.15548002067990702
0.121877712400817
0.04668609162913873
0.003548948917828638
0.004668768741803177
0.007892945884130698
0.016556132568053324
0.014647162485109324
0.00098287550380206
0.1602276861413012
0.010543404980478706
0.0031711082968906186
0.006120757475488258
0.00465177049672116
0.029701418076602603
0.013618716110519756
0.012281547854971419
0.02514646290988297
0.1196844364366659
0.09381826204482181
0.03593772718597349
0.24318523962808697
0.045109252779805445
0.023723806983681615
0.0036376592287456133
0.03533794126070065
0.08580588404655276
0.1506465604940028
0.009912941604884349
0.002981485718137871
0.005754754896024074
0.004373608846354591
0.027925364103983222
0.08869309701279059
0.12080065864105086
0.01730562370580951
0.0032982732088763424
0.005563848445687504
0.012534489766753322
0.2286435059704574
0.042411857409832276
0.0223051958745974
0.00342013833100307
0.03322484043843053
0.08067495457907901
0.041205570605722004
0.039458050002717016
0.02982379665780636
0.016701240003745777
0.004476697727266228
0.007863367014239949
0.12844805951703042
0.17494721363247126
0.025062534273919735
0.004776660278038088
0.008057735724262086
0.01815283197680372
0.015179206321850599
0.009987315010712464
0.009914935923885827
0.0920984653547978
0.08706199245469788
0.01966850185700192
0.05967516936333499
0.05714435650436298
0.043191735739854444
0.024187247285997665
0.0064832907574387914
0.011387968943103744
0.024033272136451483
0.014266074264644161
0.032783473549193066
0.07807566582988272
0.049075170087885575
0.006341008887969671
0.015104863702121068
0.009938400518991534
0.009866375920457252
0.0916473982145028
0.0866355922555888
0.01957217218579244
0.003791899789241336
0.001736539604291174
0.021093008231173577
0.24982333025961026
0.08290360096739631
0.002076006983376695
0.023915565296356387
0.014196203856956045
0.03262291118145106
0.07769327761986376
0.0488348164995195
0.0063099527706428175
0.00744724801348801
0.011346532717783273
0.051946377885985204
0.11861019864526207
0.007875934637514067
0.005011678478147974
0.0033264248070092746
0.0015233705369687412
0.01850373420566178
0.21915624603347028
0.07272676235558438
0.0018211665689642034
0.009317901433044746
0.00864627798493875
0.015967651877074877
0.13648479087821636
0.060212658955521595
0.028753566166678422
0.006533060448038227
0.00995368812568967
0.04556969583544592
0.10405019358827432
0.006909123608947507
0.0043964694588622955
0.012280054796357867
0.0267218098073007
0.04042816211735671
0.09290011044610019
0.051606688620791125
0.022210291544384704
0.009344227039517768
0.008670706072456463
0.01601276483760946
0.13687039754298214
0.06038277609785751
0.028834802813474825
0.021407985955456413
0.07371013539874871
0.07134033288588058
0.045807030336076415
0.03423095213340151
0.03303109226812983
0.01231474929193276
0.026797306189644817
0.040542382673774566
0.09316257853148165
0.05175249155568682
0.022273041660282582
0.01655978963782423
0.013979661067323885
0.03128800989059724
0.1010741531013559
0.025594551956448424
0.025017980980777947
0.022430536417710954
0.07723089317491982
0.07474789726496955
0.04799499888865875
0.035865990385026546
0.03460881932465099
0.04722739423862045
0.0904740947161577
0.09792610256266569
0.06986859379355424
0.013909907293884227
0.004530835948763143
0.017350766452935564
0.014647398280730943
0.03278247877913369
0.10590195064339583
0.026817073355178772
0.026212962520367828
0.037675897795786
0.034131615891854816
0.052722556498631445
0.01150724948713015
0.011294576272264639
0.012139305151357771
0.05299931738220457
0.10153143822633537
0.10989419749686025
0.0784076241598943
0.015609914612285563
0.005084574669563946
0.15475061735437695
0.06372311864519674
0.011998819266289464
0.022427376651507142
0.010763792959755483
0.04291825905591872
0.04228047930930461
0.038303030954450375
0.05916607405765274
0.012913614600101988
0.01267494940599027
0.013622917310778037
0.017487699286586066
0.03869760877525175
0.049731686574307855
0.018866360707179123
0.009215980465638356
0.01693043039519296
0.01878495168260159
0.053505546167303644
0.0371830284235995
0.0651124532901478
0.037189325092446796
0.024804161247365963
0.06602704613834835
0.047803430256941774
0.04751910543175887
0.0232348608782917
0.024093946926435194
0.05056729429213832
0.0700879220682425
0.03917528561660413
0.019701288511089675
0.038500903552778756
0.02955707300843623
0.04202932718752527
0.05293929088130533
0.06282775420694135
0.01588862156143659
0.023193655735470865
0.0420028499327607
0.06827080668526281
0.07582756243809645
0.05489898162289825
0.05457245393924142
0.026683654154352275
0.027670255929915632
0.058073091097069526
0.026181929431927955
0.0335429587248262
0.024487614385698863
0.026790894961621344
0.027087754443769096
0.04836118885398814
0.06079716751707386
0.07215339370157374
0.018246998979489046
0.02663633285614562
0.04823741045723658
0.07840436850345937
0.034256403596375065
0.040461915628683384
0.039756228602766744
0.017979173887932708
0.048513233267480145
0.0303789512215888
0.045810253148015075
0.058689770534782075
0.04284572750516485
0.04687575388378782
0.04739516587219511
0.08461707567046267
0.036841289978013586
0.013842816074045916
0.021358635480150955
0.02550053670625171
0.008921137453250736
0.015278188980862036
0.05993807770243302
0.07079579840068045
0.06956106505589156
0.03145797598071558
0.08488310621988875
0.0531537390875057
0.04020939970151538
0.029806791062562
0.0245218497465615
0.024131772950424624
0.03414446346160792
0.0294194662242276
0.05985425392201505
0.02248975073310855
0.03470033737199895
0.041429483063012744
0.014493738593809652
0.024821731358342484
0.01597298869200685
0.017999917632249188
0.07145490488702545
0.11672041275021575
0.06992072114880603
0.009138583898991186
0.06532625815281136
0.04842564529970967
0.03983945790834466
0.03920571908923718
0.055472850904018135
0.04779637745274216
0.028833144107779884
0.02179882199913574
0.032504546771339626
0.0602551224482554
0.03106112958841792
0.030483869708134916
0.012314219513694758
0.013876860569172074
0.055087460529495896
0.08998446139603619
0.05390469657147539
0.007045301937314219
0.09824516233656937
0.06993722667214429
0.035372625878656895
0.12012555832248192
0.03962583002778047
0.07915866128873038
0.02222863063760089
0.0168055887607086
0.025059062637146624
0.04645309772388934
0.02394627426778958
0.023501241405166236
0.04720114800690197
0.023879418582608943
0.0347544212773751
0.016129550551304047
0.022949099691673212
0.022414222156425228
0.06030014490351037
0.04292552225658232
0.02171073277678044
0.07372972267729153
0.024321231048621546
0.04858538204380983
0.017846044604775447
0.016093811564674675
0.032952070892751414
0.15683517989601703
0.12293999490165615
0.04709300620928041
0.02897075028160228
0.014656522178771114
0.02133129600706345
0.009899868984287867
0.014085518349211392
0.01375722541229718
0.044848873479846646
0.02449311913048375
0.0009400409827515319
0.0641812527719522
0.05185293180112846
0.045649646821371126
0.011111798796289343
0.010020774907410344
0.02051753146371358
0.09765306552680293
0.07654830622795196
0.02932235244833476
0.19841998548507683
0.0368055943506281
0.01935675637449008
0.002968043177584356
0.02883297441384222
0.07001083738918171
0.027925048344602837
0.01525058452440786
0.0005853143647195629
0.039962310029466284
0.03228610921535364
0.02842364803150888
0.11905353835961963
0.09434936200040873
0.01634285870994335
0.01181112948729413
0.003321333852565732
0.009120674012934175
0.23311745157633768
0.04324174471535871
0.022741649263675275
0.003487061346343252
0.03387496224379156
0.08225354898092611
0.04201185408517966
0.04023013914943027
0.030407369077418835
0.017028038873498783
0.004564294801325899
0.008017232203419336
0.13987228854841147
0.11084812234825428
0.01920071491095176
0.013876527606757763
0.003902131540084077
0.010715595394062027
0.04658231869941541
0.032297719925854715
0.01923058100787389
0.008240635463268699
0.004191956354730573
0.030065981398221434
0.07814051531978518
0.0748265905653543
0.05655659672650812
0.03167153084371756
0.008489421750439678
0.014911759298777557
0.031469911013219484
0.01868043956176082
0.04292769579771713
0.10223469538455665
0.0642605479127404
0.008303113463096794
0.08664141269706162
0.06007258031372334
0.03576817882894238
0.015327281208697434
0.007796885828760595
0.05592162810259963
0.036120672680945404
0.028106352232008257
0.03011573886330329
0.02519946825593023
0.021116190210253044
0.06534064344017868
0.03201636862845794
0.019004815072395025
0.04367311151444568
0.10400994437750764
0.065376396818432
0.008447292440285267
0.009969818179614991
0.01518988866229117
0.06954192228791942
0.15878645542616088
0.010543711742691187
0.006709259999308509
0.03674788820264634
0.02859440350763162
0.030638682027440994
0.02563704309758226
0.02148286118496185
0.06647524760786977
0.023347839610489755
0.034634177601328565
0.06402776991191139
0.05589984271529883
0.05707070185180106
0.012174405232148987
0.007495701662774943
0.011420356083936038
0.05228435395060066
0.11938190612117827
0.00792717742868226
0.005044285705794917
0.014089511016795736
0.03065924704019632
0.04638521936483887
0.10658886717509437
0.05921089277864115
0.02548296018138826
0.017553824657342856
0.026039337724927957
0.048138597188641954
0.042027701653241614
0.04290799963042036
0.00915319696887784
0.02940041489952189
0.010999492526045975
0.025182523242086963
0.08389214906777157
0.09873698257400589
0.07999718685252666
0.01341697853970216
0.029195793884640577
0.044171120774562984
0.10150107706041891
0.05638458827851536
0.02426658593575006
0.018041970398716828
0.015230907920753671
0.03408843714968129
0.1101207755782599
0.027885387366994023
0.02725721051793275
0.027997049386241566
0.01047445542954947
0.023980489706978594
0.07988773793143086
0.09402398526756402
0.07617869335262357
0.02641362309625899
0.014910396954349522
0.02795473938057818
0.02498976857018574
0.03994862640414025
0.05167949207513781
0.024906269378053122
0.021025702135815137
0.047057820158444494
0.1520176366583186
0.03849474054802285
0.03762756576200893
0.054082109980973334
0.04899444771023059
0.07568093305943689
0.016518155339381967
0.016212872204293672
0.017425443710640864
0.03646302468895417
0.020583248662526567
0.03859047842443352
0.03449744645122118
0.05514759355638266
0.07134161748962228
0.04121346368516059
0.027195060294321855
0.023411756159872683
0.023891199185665842
0.030272932355654085
0.047348331876233
0.06898341591335798
0.06249394420870706
0.09653338754325318
0.021069421668254474
0.020680023520021375
0.022226696247406894
0.028532345256285164
0.06313772418393875
0.08114055647125218
0.030781723118932576
0.015036485486828545
0.02762312397169848
0.052569056710689024
0.03468814651891451
0.029862424247256634
0.03047396876108355
0.03861406820743005
0.060394272186698864
0.04962050075382095
0.039341705242797176
0.03964291134339833
0.048995699509487324
0.028521965547575235
0.009036241382438609
0.058588217450780446
0.03274758452914693
0.016468791501971093
0.032183851979595286
0.024707484107472248
0.03513334805639039
0.04425325497343296
0.05251926461504194
0.013281689448978524
0.0193881471387497
0.0351112150680827
0.05706924602104517
0.03966662467747797
0.05323783723415507
0.04135565047697238
0.04447913580318215
0.03979517543563243
0.040213303242837166
0.0401130631772692
0.01973827335508221
0.06486745070955306
0.07976145851689138
0.07639828337489746
0.03892158956682867
0.05392098132065993
0.06399281336440837
0.016183255426411417
0.023623751977980875
0.04278173826915884
0.06953680018638876
0.030381989389791714
0.03588565530128765
0.03525978178617698
0.015945721469669803
0.04302636539911154
0.026943078571884233
0.04887630823076139
0.024050368035535792
0.07903862891279888
0.09718643560524187
0.09308852904179402
0.047424540980393205
0.018496328659860506
0.013333507795690055
0.02263078556134702
0.05347678021262048
0.023562158466344737
0.021353623489144793
0.0589869280594785
0.06967234898500535
0.06845720946479439
0.030958773407508678
0.08353610712901466
0.05231024924110499
0.03957132191131024
0.029333790930366817
0.02413271566810773
0.0237488289504584
0.03360262936423139
0.02895261250005568
0.03591080208823487
0.025887135138988902
0.04393789039651209
0.10382568918657677
0.04574615995512457
0.041458267804760404
0.02650325623661046
0.01364423155865527
0.014834978862929692
0.046669230918311884
0.02275510409316614
0.03556359730082581
0.07465249515887659
0.0553390834485822
0.045527097720458896
0.044802883821436164
0.0633923762153072
0.05461997881550354
0.03294947869027144
0.02491090871840575
0.037145025432387804
0.06885738390745895
0.03549554025893363
0.03483586845716848
0.049999194172295904
0.025740255346081205
0.02798663613586181
0.08804291509407436
0.042928191834533835
0.06709180151430097
0.028316651003592395
0.03658158394641993
0.023750003040019094
0.020342499594345836
0.010744843296377472
0.005947038663548391
0.04081244535522306
0.030855574692872596
0.046009205029556396
0.0852893074407434
0.043966091566710455
0.04314899762677291
0.08666275062742218
0.043843342485014654
0.0638101798693777
0.02961434787466748
0.042135248562439845
0.04115319705711145
0.03507405329809533
0.045311305524890814
0.029417633898509963
0.025196973854643017
0.01330896109179771
0.007366222475414464
0.05947338175841118
0.06309667680088472
0.0165913376857239
0.024257713465453322
0.03630942632770842
0.04729529650764745
0.035854770232256555
0.018139200055772478
0.026400031399090557
0.012252272526973473
0.017432514488032666
0.017026212693722325
0.05550584773141437
0.030313165871043234
0.0011634132053136704
0.07943198049717383
0.06417420803833959
0.05649690056537255
0.02460577840473445
0.026104835500095736
0.00686429401629419
0.010036085127311129
0.0150222111440009
0.019567368645365447
0.32784899102467
0.040409571401335824
0.00030447918210847047
0.017194713102260718
0.04400154138380385
0.05384947759628929
0.03418506689235543
0.018669341076187063
0.0007165255531191224
0.04892074759091275
0.039523756220607345
0.03479543875059019
0.1457420278157475
0.1154998627552386
0.02000647273076987
0.014458855956661517
0.0040658844532940035
0.011165275253526407
0.20191637722571895
0.024887538122658957
0.00018752332651640247
0.010589918749461193
0.02709976870996888
0.03316493791168041
0.06384422055752499
0.06324619729756867
0.010131497032866322
0.00900757864350683
0.02371222789043181
0.04446287562010886
0.16942290412926453
0.13426684442227607
0.02325722210833494
0.01680820147268201
0.004726529212300874
0.01297946369489625
0.05642369762469675
0.0391212123815219
0.023293397972246697
0.009981622568321422
0.005077584895279423
0.036417977691271364
0.07421794125439243
0.07352274825511057
0.011777712141176682
0.010471174004008014
0.02756510646092314
0.0516874207556701
0.010509057087917405
0.003900130719701819
0.02066966232294796
0.07240396480408066
0.05327321313299644
0.0582251133985385
0.07636222651153222
0.05294553542297363
0.031524621870960334
0.013508843900743542
0.006871858886028578
0.049287054528938945
0.031835295653077585
0.024771798713137935
0.026542790578479483
0.022209789095403002
0.018610953465566335
0.05758859256178083
0.014222658768448361
0.005278325915884286
0.027973732716357374
0.09798946530370946
0.07209845046522458
0.07880021135042979
0.05635800201517114
0.024472037299645918
0.02708693368518473
0.04563988550506174
0.11296429895116282
0.025056504895658395
0.03377079082267814
0.0262778534165112
0.02815651653573787
0.02356008092182253
0.01974244635090985
0.06108981472544704
0.021456335213039752
0.03182832060008616
0.05884061725163334
0.05137116682593533
0.05244716985401656
0.011188106653046101
0.05978440778370552
0.025959867364109938
0.02873374199123222
0.04841466036183711
0.11983220611118799
0.026579868922840956
0.04312006061378205
0.015221298547371736
0.04403538713457342
0.050050987295924144
0.06876396577342059
0.0497741889681699
0.018969327900758445
0.028139094770786972
0.05202039171400174
0.04541672650479047
0.046368009846480505
0.009891291387044913
0.031771202090370855
0.011886468307704514
0.027213188582682787
0.09065703429481302
0.10669892373536471
0.08644799057560627
0.038122007358754796
0.013456995351422212
0.038931238233307866
0.044249569199314005
0.06079352329095854
0.04400485461085247
0.048537614871075434
0.05476857636939219
0.024461481453288445
0.024408520437109282
0.02700495844648772
0.02578088692955134
0.03281706322454757
0.012277753320789338
0.028109006631829733
0.09364133021282633
0.11021129500403397
0.08929373097955855
0.03096103189949997
0.01747739316395432
0.03276746906511559
0.02929204445157031
0.046826241592542846
0.060576710618503365
0.050135401596138655
0.056571477160996066
0.025266717360435082
0.025212012945680984
0.027893921866534034
0.02662955571984537
0.07578579948585673
0.08204771194237771
0.0018158973848449013
0.002009226807445685
0.0199088691014219
0.02247221065229531
0.042976407433194634
0.02426003021870735
0.04548388780025617
0.0406597183513856
0.06499859706803983
0.08408535622953749
0.04857541638895328
0.032052908428442065
0.027593793439689304
0.028158879276458416
0.03568058015516887
0.05580615484736602
0.10519679728139722
0.11388883642001484
0.0025206119137530262
0.0027889687327855906
0.027635114773117933
0.031193239426015946
0.03861389570716168
0.01473733351134706
0.033508367695865196
0.036934064433215716
0.034642293354808056
0.02800856970085672
0.05624059613203847
0.03711084354577297
0.031948082136160134
0.0326023382741043
0.04131096030542785
0.06461234199870837
0.053086106492713905
0.04208941712389451
0.04241166012607817
0.052417667744825605
0.030514002830241565
0.009667352506213188
0.044707151785630415
0.01706287837942888
0.03879597365748092
0.04276224386159978
0.040108832296050695
0.03242830991233991
0.11752138624607349
0.07619135091794799
0.030301667709159832
0.024663455849334246
0.021542368313298345
0.019902806447404504
0.052073104588773594
0.06988896809131089
0.05429040484624036
0.05839081871799514
0.05224186200458024
0.0527907671159448
0.05265917509215281
0.02591178808830148
0.08515596102946359
0.1047083487761805
0.1002932776088359
0.051095045791117
0.007483053407096427
0.015496288536253993
0.006462958993195811
0.013443380475440522
0.0067701502266563456
0.0109634654657799
0.0253292172141944
0.022644060501344508
0.029113891104200068
0.024555096610315005
0.03345029515241617
0.044788542401885435
0.05031999309328161
0.02476075622825716
0.08137323388290063
0.10005708175271989
0.09583813319801239
0.048825344240780874
0.019042664311325144
0.013727346529950637
0.02329924281036026
0.055056351601784674
0.02425812615984487
0.021984356539719842
0.0242040638321056
0.02163818491340753
0.02782061809206377
0.02346433056867317
0.03196439401286109
0.04279898309035375
0.026472747747091522
0.004809708141490222
0.017810531153158355
0.05984577167952274
0.10331667685074505
0.05731128488123691
0.02886879379722401
0.020810740024467
0.035321792440762605
0.08346576065378225
0.03677546537430267
0.033328416934408495
0.02130604149051761
0.010968635744213655
0.011925880817917
0.03751752469202507
0.018292891545165446
0.028589674901787113
0.04013284504008199
0.007291546513212068
0.027000872507833586
0.09072655034014328
0.1566287044216152
0.08688425308775798
0.015645121067675495
0.013927927329282457
0.02701021300513722
0.0439944576850128
0.07577075662369293
0.04781502073399013
0.038002181673158206
0.019564032504293113
0.021271407438900287
0.06691753556887016
0.03262782474802496
0.05099351843831647
0.021522237180578205
0.027804048085919436
0.018051329530525937
0.015461436490486938
0.008166681358732844
0.004520081722330771
0.027905171093230378
0.02484232582263119
0.04817633637429796
0.07847001397711588
0.13514730364191554
0.08528450042902716
0.02654042097646842
0.04934482075285068
0.04734368640714043
0.06817677377175908
0.057768319352230146
0.026097810703890754
0.02196529063353256
0.028376417928664785
0.018422931414280554
0.01577972323583172
0.008334799400774948
0.004613131427057645
0.03724548469433602
0.03951459023462129
0.010390403161239344
0.015191507005053602
0.022738948796324737
0.029618901601144235
0.02708677798656112
0.050360625617211774
0.04831829622870678
0.06958025031452872
0.05895752905871327
0.026635056207222643
0.08458382145188316
0.04475299034407229
0.0600883900669181
0.10480939906431319
0.09612254194258334
0.07651198606965721
0.015427572390838253
0.016367465918134105
0.004303842418901089
0.006292523133200937
0.009418773350000515
0.012268540800014249
0.20555797744334614
0.02533638960013156
0.00019090534533050253
0.010780909945680912
0.027588518186300606
0.03376307386665427
0.03503573760019041
0.01853728052959545
0.024889405929714704
0.04341343936251257
0.03981522824526709
0.0316922766220827
0.21674512219177475
0.09990261003625933
0.05345293934455486
0.031885432239232916
0.018760777453578004
0.01857317267124141
0.16891214860258255
0.020819547158513255
0.00015687171308338333
0.008858944252444824
0.02267017773559195
0.02774396509041387
0.053408567538696425
0.05290829413273777
0.008475453828438442
0.007535245448072925
0.01983634718569401
0.03719519910782824
0.17810490618702599
0.08209248175192493
0.04392362167652055
0.02620105984519758
0.015416201640785918
0.01526204208314322
0.02460402329598643
0.020258460294264414
0.12866415001738116
0.017439076244153376
0.009331391796361686
0.01018175321799692
0.06650466633825464
0.06588172291411061
0.010553685577078836
0.009382932503064344
0.02470033763774963
0.04631568342024549
0.009416878497963644
0.0034948004189485076
0.018521518825216573
0.06487921167682807
0.047736668577653026
0.05217393090713995
0.03063707632099805
0.02522595539415432
0.1602133657750957
0.021715241585996494
0.011619504631704027
0.012678379737683989
0.011941753626998813
0.006888257510608605
0.07287222975610501
0.18917488853223396
0.023259037160880316
0.014212185315664138
0.009215716639901403
0.0034201450492329054
0.018125865091145242
0.06349327229433031
0.04671692546948203
0.05105939970808489
0.036517741543163784
0.015856905872968424
0.01755125462478461
0.029572828761473456
0.07319636830973496
0.016235617605967624
0.011686655788723842
0.006741111651187688
0.07131554479494229
0.1851337647050453
0.0227621813149614
0.013908586877408603
0.003701554058701522
0.004792622969127478
0.010040998399844958
0.17891426629863744
0.10304080146219663
0.006999785217449597
0.04293914994129283
0.018645240097325266
0.02063752910624667
0.03477301921522586
0.08606747573079804
0.01909054583641536
0.030970261591810353
0.01093244283679124
0.031627679540378116
0.03594828363918641
0.04938856712581832
0.03574947787461416
0.004352448372375865
0.005635374686033218
0.011806642953031602
0.2103751815580654
0.12115985921053
0.008230652124355697
0.008986489711509577
0.01439465181772531
0.013223377889220008
0.102679460129222
0.07366239387268844
0.008723694614709308
0.04211245910900637
0.014865617152154273
0.04300639687554781
0.048881428408551836
0.0671571341873468
0.04861109812392172
0.053618328706330466
0.060501521105888
0.027022006678532242
0.026963501925431822
0.029831724169607762
0.028479521983128607
0.012219566805645822
0.019573428021113032
0.01798076386897464
0.13962053737286334
0.10016397635644839
0.011862225691970013
0.010486687761029206
0.033973004887637874
0.11592109357709825
0.03340570562342203
0.00902672416678452
0.004715410751101704
0.0652914636232697
0.07367318153598444
0.03290491159734405
0.032833669896026464
0.03632632684445082
0.034679739530001655
0.0986960433697279
0.10685094821442206
0.0023648478773793833
0.002616621286211896
0.025927371903530155
0.029265618258292714
0.012769722760810105
0.041369197181494496
0.14115803396097193
0.04067839237338634
0.0109919135264527
0.005741993026499952
0.06650673148634273
0.07811877957708319
0.01958073120776204
0.006070693196239165
0.013630434978736757
0.021952466338519137
0.1184500378592612
0.12823714537251915
0.002838171734581397
0.0031403375437663436
0.031116730506202447
0.03512312624006069
0.04347867545978691
0.016594019565957956
0.03772992643074656
0.041587210290331064
0.03900670995175135
0.03153723523137063
0.07981804126576846
0.09375423859456276
0.023499810870663735
0.007285741295958001
0.016358563972228853
0.02634624834108907
0.0572021688054119
0.06147568044934761
0.019899100595434684
0.020770189132329617
0.03730270386034192
0.027447986866719426
0.04526530796520563
0.017275903603099687
0.039280330445481904
0.043296118414340265
0.04060957975383847
0.03283316821459861
0.11898860760430313
0.07714257844299702
0.030679975483370096
0.02497137213883518
0.021811318705271594
0.020151287371950426
0.05955272923733492
0.06400184868750206
0.020716797537129298
0.021623680979886848
0.03883555237865835
0.028575883819094237
0.042870147754429246
0.05788219218468975
0.05715375101882781
0.039535274192862645
0.02771801962883797
0.02922836646492106
0.014210352042569338
0.02942752155751962
0.012273188167133242
0.025529039926007746
0.012856545699731574
0.020819670180028185
0.04810029729776746
0.04300117263524939
0.05528741002000168
0.04663023879275928
0.06352226079168476
0.0850536432628904
0.035645717043494944
0.058710498479685284
0.08698666854578264
0.09027638780855052
0.05447009903638726
0.03636779262519373
0.022573359401662278
0.05013295313600796
0.0220834767324669
0.029729348634009167
0.023150469234272424
0.033161740522335614
0.03505195658627121
0.031336089817463025
0.040289395381313424
0.03398068614114618
0.04629034855539815
0.06198083543432502
0.038337430077320926
0.006965346073188082
0.02579293994138454
0.0866677350272069
0.14962163778490928
0.08299732984904207
0.016449802978454522
0.03653320656183308
0.016092812543515984
0.021664561264692593
0.0168703581503474
0.024165835855822243
0.02817980625814285
0.030095023722401505
0.02430187506911902
0.038442662996339784
0.08981477360368877
0.01807744216413926
0.034855004810675945
0.006332640722117986
0.023450008097184852
0.07879517002603378
0.13603058145150093
0.07545817039188916
0.013587642977536658
0.012096276094556522
0.023458120232721893
0.03820877968463777
0.06580620147885677
0.04152690336409779
0.02562006062249134
0.027361307070038587
0.022094385845223084
0.03495067877450831
0.0816563436754263
0.016435356577762072
0.021374042276820972
0.014767853193523068
0.02881531123859148
0.053773409878521125
0.08352688021377992
0.04001877296403967
0.02105996107575384
0.01874843960310737
0.03635855753850843
0.05922111835296451
0.10199532354353837
0.06436399380601339
0.020029987661825916
0.03724040970303132
0.03573015874319271
0.05145283636164617
0.04359760249829909
0.019695950823955543
0.03312837253124332
0.022889209993389656
0.044661854456561983
0.08334528076903591
0.12946122068334373
0.06202648997441483
0.02568127428638088
0.01611746956951544
0.01959972343147572
0.02347247942984861
0.014423204457480248
0.015698928288812718
0.018464725673762915
0.0343302233009128
0.0329379923049295
0.04743200667893987
0.04019062736114879
0.01815679245481427
0.057659757846520096
0.03050756683551816
0.040961521496361813
0.07144728703851962
0.06552556265330492
0.052157286268301295
0.023674387256584908
0.014857954941405833
0.01806808484128799
0.021638200725466048
0.01329608975004679
0.014472120957790853
0.10576556451704104
0.040303523087568204
0.023048477752078158
0.034058032076356964
0.09269832218631556
0.0883477514891048
0.030465807539849645
0.0161193472611174
0.021642925275012898
0.03775075334089877
0.03462187937121953
0.02755845505769516
0.1884737022879152
0.0868716886975654
0.04648073864160961
0.027726416181405235
0.016313692085522177
0.01615055776657491
0.05588357380023566
0.021295257271668287
0.012178172672011984
0.017995314048772738
0.04897920748319111
0.046680487292542025
0.07876025656870303
0.06818663362921575
0.015771652707691583
0.027003455700226397
0.014722432438645286
0.04236751864130231
0.18137088878625363
0.08359784520691958
0.04472906711405351
0.02668151940898904
0.01569889484325234
0.015541908398672359
0.025055197346583902
0.020629947976578647
0.13102351722459285
0.01775886372659477
0.009502505348963602
0.010368460196212834
0.07579210023198538
0.06561695448514823
0.015177282742885666
0.02598580439179032
0.014167603353032236
0.040770857782072
0.047679773874923566
0.022432532741547315
0.01887360442851705
0.01981825689418228
0.03335924304371365
0.038367299010911134
0.03200973242592712
0.026356172955114013
0.16739152639062715
0.022688165980632616
0.012140102086952346
0.013246418775260602
0.012476789047739143
0.0071968773222771225
0.07613717938793244
0.19765063415894946
0.02430112939641692
0.014848944604753318
0.06091418011014399
0.028659098579827437
0.024112323655355043
0.025319181946796877
0.042618720139769084
0.04901685499644448
0.040601007299894507
0.03137664434507409
0.016996583796325734
0.019829096424692817
0.02436878602007829
0.0297437588814425
0.012210121556940009
0.007043057841176848
0.07450989287164862
0.19342623007033696
0.02378173925726074
0.014531576828187245
0.0038673531439112913
0.005007292940559804
0.010490752293178897
0.18692814944416605
0.10765617931452134
0.007313317849234292
0.03973323846136132
0.030706028613319458
0.01663331434167829
0.01940528743279958
0.02384794985005642
0.02910804295184714
0.07281472621916162
0.01855466520411101
0.01938375317805223
0.01966541066745934
0.01913820049036452
0.04424362985784925
0.004014700221884589
0.005198071996904686
0.01089045245983558
0.19405015656030378
0.11175790544541227
0.00759195700507947
0.008289141915557564
0.01327763293261704
0.012197249364944523
0.0947115775066059
0.06794622330323043
0.008046739606978702
0.07558898466998624
0.0192616023776409
0.020122278801303958
0.02041466750829299
0.01986737049759855
0.04592932271699503
0.01979836534789376
0.009226863846760882
0.00769265380992596
0.11808806568393651
0.08130812192724547
0.02472980176910302
0.010867919769932134
0.01740834587177947
0.015991851612924914
0.1241766441100032
0.08908450489229332
0.010550105348545889
0.009326720255462547
0.030215137519586318
0.10309867482835988
0.029710589118886
0.008028248103246639
0.004193823442380229
0.02595769844076084
0.012097369913100299
0.01008586235774618
0.15482563053128434
0.10660333177438733
0.03242332008437562
0.03322274151032294
0.01791930713905693
0.00984700228011648
0.040438867088711056
0.05652063216337135
0.04740555027269065
0.014039694374935805
0.04548343733406097
0.15519645120730322
0.04472393076056357
0.012085078853922479
0.006313044433703725
0.07312094408265261
0.08588783098495764
0.02152806971177397
0.006674434419263232
0.014986005952000673
0.0241356781147003
0.05001084243190854
0.026974283429978114
0.014822885080225353
0.06087341736894375
0.08508161279814715
0.07136050179208724
0.015264963422117975
0.029304161491616233
0.03716129176855085
0.06233657815632515
0.023007097002220298
0.019627582025326204
0.07002635576254673
0.08225292881103544
0.02061696942552526
0.006391962316963547
0.014351775642669908
0.0231142199192596
0.05018488752210126
0.053934145734755135
0.017457976612215216
0.01822220428327737
0.03272659125687554
0.024080802570620438
0.014618927213127934
0.02806396530678653
0.035588570014069475
0.05969840042082056
0.022033402056731967
0.018796913236109842
0.03711278838687804
0.09738145813538512
0.16596994362266754
0.04518180813423295
0.019771760902565886
0.04242106745501388
0.04383940326853357
0.04711459727330261
0.015250552800750503
0.01591814989451526
0.028588571232381225
0.0210359745144083
0.031558615694976484
0.042609646908685225
0.04207340908320532
0.02910366747031252
0.020404462664860675
0.021516295906936336
0.032420168238806335
0.08506833879412104
0.1449843498349093
0.03946892391311699
0.01727177726870232
0.03705725717573854
0.07238420389540906
0.06519398355137566
0.036895632805043585
0.044350294549825364
0.028782196345140874
0.03710937381714378
0.03472051788237583
0.057186643485380925
0.0847288939955077
0.08793322724966994
0.05305630534349991
0.035423851697100564
0.02198745862832184
0.04883173183839003
0.021510291064114624
0.02895771123411508
0.02254958933925089
0.032301013987501785
0.0354156824951966
0.03601540187564578
0.055901093753189426
0.03661220171431746
0.039374436374808724
0.06835713088968326
0.01042519767161345
0.01051573793592204
0.04851120268858016
0.0426871373668016
0.059557432050926416
0.027439964863755852
0.02648606855684518
0.05882265063389872
0.025911273032162944
0.03488242720366797
0.02716321059491578
0.038909766034833655
0.04537271853342944
0.048456438206307115
0.039128804763413995
0.06189709438844667
0.14461208162800282
0.029106754234012103
0.012558181685142354
0.012667246388261034
0.05843654157146274
0.05142087887029567
0.07174281735036885
0.033054151589975295
0.017952514344466843
0.028269878723181933
0.03726028436977013
0.04649430328506156
0.024107146362519392
0.025286593495478286
0.03409630350918003
0.0364136308658426
0.02940418044781354
0.04651390052923341
0.10867185360845996
0.02187289540076355
0.028445515544516534
0.019653708556151422
0.03834868356400329
0.07156401895208732
0.11116124590446128
0.05325874318380825
0.01349080235055477
0.021244007330156932
0.028000040680260622
0.0349391424515886
0.018115832722500076
0.019002153593681056
0.03938822788143757
0.03025805875472261
0.03234892312775536
0.09523535569537463
0.04726009354851062
0.02131255092531377
0.03581605910371016
0.02474619896245503
0.04828524604970961
0.09010703738083918
0.13996433803864503
0.06705866485968158
0.027764781889968955
0.017425070976837088
0.021189838171979815
0.02537678872625643
0.015593351071708105
0.01697257367311793
0.049594147646373744
0.03809825204351377
0.04073088219729626
0.1199118758459602
0.059505699628869105
0.02683486549566224
0.04518893354811333
0.006509647045265409
0.012761844587270253
0.028360743983011607
0.020260927528037775
0.02194206676357757
0.023117024569379287
0.014508156249563512
0.017642710523859843
0.021128775684305337
0.012983061825307073
0.014131405899818003
0.10327554107465435
0.03935466305210128
0.022505850762130443
0.03325620873566063
0.09051593894685721
0.08626779310856232
0.03762441539197526
0.0054199478778457644
0.010625542676462076
0.023613224049781584
0.016869297274518805
0.0182690178689947
0.1255759221263036
0.026234281502631365
0.027817333304527247
0.020413770400487415
0.029409483547065074
0.17944049634919956
0.061572673757462254
0.023463172438769973
0.013417943805388377
0.019827286011609522
0.05396542415204058
0.05143268798766288
0.08677826511407409
0.07512821857240634
0.01737724989203527
0.029752481008061674
0.01622121614307285
0.04668064738556693
0.07486811692699
0.015640826854204443
0.01658463921408197
0.012170649622841088
0.017533876046312957
0.10698206976809431
0.07247934428917435
0.006703845322899417
0.006335858791416776
0.023361485278081826
0.042496909727773306
0.10922503009279709
0.08954651702789311
0.07752483061081811
0.01793158922121294
0.030701593811632493
0.01673867765919678
0.04816977362349685
0.05633248940336292
0.026503490059931235
0.022298703099174557
0.023414786936978463
0.039413131660268795
0.04533002758439095
0.07479145646700024
0.006917699939843737
0.006537974530904888
0.02410672345777685
0.043852573516749226
0.11270934034253365
0.01851451557901126
0.016598783060974318
0.02407667819695256
0.03629490046550927
0.07396720609128314
0.06772645324656802
0.0708136025678706
0.03331661056778078
0.028030919914390044
0.029433909879146535
0.049544869593120044
0.05698279255452261
0.04719924965896659
0.0364757962521684
0.019758770909962343
0.02305160721131246
0.02832906106865478
0.034577543627715784
0.023273950110049346
0.020865749751864653
0.03026595023673376
0.0456250501979691
0.0929815882571526
0.08513655608565437
0.02010276592330987
0.06783310678694608
0.030298884772284842
0.026325303586709776
0.06760843653797438
0.032167817843235885
0.05610829965015772
0.04336075087808025
0.02348831913526779
0.027402691656653218
0.03367628635481365
0.04110419536429462
0.10282349578985059
0.02620150673580274
0.027372282597012076
0.027770018181281986
0.02702553150613179
0.06247753613360562
0.023897244603925033
0.0806368810797415
0.03601792227953354
0.031294311513358576
0.08036980340916702
0.03823962405506356
0.06290554845961475
0.05332870349898438
0.019441749000964587
0.022628106922376275
0.026576035564410995
0.025853029497747416
0.09875720744775217
0.025165334209603492
0.02628981022271803
0.026671816838067647
0.02595677185291988
0.06000678103165557
0.025866616443185095
0.012054921904097788
0.010050472452400218
0.1542823686647943
0.1062292753291135
0.03230955110874543
0.060417867055770805
0.05121975083528252
0.0186728998512119
0.02173324912090385
0.02552505181050692
0.02483063795535645
0.04130167663060889
0.02681761824395642
0.025564861255383403
0.026995240055722302
0.03689464139809262
0.036385457138050165
0.026588892769441305
0.012391532791158405
0.010331112880807368
0.15859041191776768
0.10919552686394794
0.033211734195933096
0.034030594566802096
0.01835503779776184
0.010086444617729635
0.041422189382207486
0.0578950029519207
0.048558276295314944
0.04245494781049054
0.027566449496266947
0.02627871163892102
0.027749031061077727
0.03792485445692412
0.03740145218976276
0.041875681765852574
0.05474327764656177
0.031851853804100334
0.024692876280642918
0.029326960103485282
0.05747702218830101
0.046933430528110526
0.025314423749812586
0.013910760413326902
0.0571275780643747
0.07984612474621433
0.06696934085583688
0.014325635511170916
0.02750093301115415
0.034874575606855404
0.05850070340733445
0.021591357719626364
0.0184198008396813
0.05775301389803472
0.07549941019286201
0.04392861149609809
0.034055279027870596
0.04044639425607718
0.07926966490526378
0.029208721495668135
0.04566452606487939
0.041291405176188595
0.05766298094696911
0.020298126998332618
0.009607029346595056
0.013305636691618572
0.025542840528199964
0.03239147278578733
0.05433539790504574
0.020054032595768653
0.017108293570198323
0.033778763084973476
0.08863320020404285
0.15106004287294933
0.04112290288747465
0.017995565850197653
0.038610173195211435
0.02712903285477101
0.042413168549516565
0.03835141801090525
0.053557322077461104
0.018852881126952038
0.008922999756055046
0.02393498575520474
0.10056964173693986
0.06190718735300069
0.021359027656511556
0.031976235329611566
0.03708761810810944
0.028128263716090226
0.0738066702758988
0.12579077310218065
0.03424387844753918
0.014985274051666019
0.032151477276619114
0.06280170914141671
0.056563357368408916
0.0320112493515705
0.038479034772266746
0.02497190030480295
0.0321966945198686
0.01993114992605392
0.08374638815202133
0.05155137526516614
0.017786097173844852
0.02662726215689024
0.030883614658187973
0.03448311370384628
0.03624045820586645
0.033832663754709905
0.0511628642014765
0.02285170785232133
0.03477288979115343
0.03220720643176689
0.032752594365202246
0.05083674630623638
0.03329532725211332
0.03580731786348978
0.06216433146377844
0.009480729152887838
0.009563066941616573
0.04411634081755433
0.03881990542862577
0.05416183943003999
0.02495404720683497
0.03301059467125574
0.017368634143302766
0.03378635412672453
0.08008422787013462
0.10911324643826359
0.05716285701085354
0.025354390293460195
0.0673563862219963
0.051491969157220985
0.030222871052305308
0.03632277618156053
0.030566108696125274
0.01041610360673571
0.010506564891339202
0.048468885598924545
0.04264990070147527
0.05950547916062319
0.02741602854824661
0.014890312475301311
0.023447820163240336
0.030904711537270722
0.03856366250164694
0.01999513468353659
0.02097340079272196
0.027855869725152138
0.074001807893638
0.0565721978771097
0.03320467773071398
0.03990640317745638
0.03358177940740006
0.07124456226560506
0.035421459629479006
0.035910667589197524
0.03864293795412677
0.0604992480479196
0.1454202395929238
0.012444999765598439
0.01959717883149497
0.025829486686406073
0.0322306715584155
0.016711499296101016
0.017529112863291015
0.03633486534117601
0.027912463938403315
0.02984124518922496
0.08785274207629934
0.043596506556868274
0.01966040894957798
0.05954465778782636
0.029604486643058217
0.030013356030730527
0.03229692825982225
0.05056395754112646
0.12153907788362811
0.04525185910313567
0.0839573292934319
0.06023859304256161
0.04320149065995885
0.02652505396467395
0.047721908010507845
0.038929258140221266
0.029905477942045143
0.0319719786020645
0.0941256295434462
0.046709397209210725
0.021064207282835243
0.03547135584866609
0.005109791018767416
0.010017495326780866
0.02226195581454082
0.015903950674247942
0.01722357216944201
0.048482945727462375
0.0899520753452113
0.0645397668750991
0.046286176270426846
0.02841900371112455
0.05112936179729418
0.02423452953253281
0.02445678860180394
0.03562082173060783
0.06794843519704197
0.10409623464110365
0.04613966165117969
0.034293003552478475
0.004940044646350985
0.009684715867469476
0.02152241749907274
0.015375624188071086
0.016651408085807794
0.11445694235295886
0.023911396347126777
0.025354278595278643
0.01860625589979812
0.026805453672807542
0.1635521380107361
0.02342946265988434
0.02364433832137874
0.034437504203715774
0.06569119995127391
0.10063817576009693
0.04460691008442412
0.08492710565476232
0.03350693336652469
0.017658673060297007
0.019733791496997895
0.026791011657527175
0.049781090015196684
0.0688948840698672
0.01439294852210735
0.015261460323744888
0.011199633825948838
0.01613496381489288
0.09844667659285321
0.06669669583291622
0.006168989755597497
0.005830362440441537
0.02149762657317665
0.03910636181590769
0.1005106859186708
0.05112003674212214
0.020168774758150848
0.010629256804407364
0.011878329522835228
0.016126270755756216
0.029964651815460087
0.058389469260691655
0.03937754793321975
0.054374675730247735
0.09280676913599284
0.01682590947496401
0.1341969433089028
0.06133718808875466
0.005673271820010334
0.005361855383823693
0.019770154249979917
0.035963914557000085
0.0924340069644151
0.015183931134474672
0.013612820591408543
0.019745513844492312
0.029765794673323884
0.06066121247983075
0.0555431114408355
0.05369750050913442
0.03621330912860374
0.05000532141631612
0.08534914935912989
0.015473839615918215
0.12341335728676105
0.010501197013483746
0.016061598282168087
0.06022999713182
0.10061816003434745
0.015268360419372812
0.018115365351988644
0.01907254424221372
0.017099071425677934
0.024802350791045827
0.03738883104670119
0.07619658233176829
0.0697677328040775
0.01647382118850735
0.05558789651792778
0.024829339995002378
0.021573068386463307
0.055403783668877216
0.026360893878760984
0.013190559339480351
0.02017498242874593
0.07565493249616126
0.12638652611299708
0.019178595913371673
0.02275472037377774
0.0008952107525901033
0.005368762976632154
0.037319246622397814
0.19410390034922603
0.03502233870156113
0.005394220705481332
0.020612113514766568
0.06955180707399929
0.031066573360087207
0.026992312794667028
0.06932144431233445
0.032982859942585575
0.05425798358967562
0.04599765823779754
0.016769110580542087
0.019517442962093144
0.02292265367431276
0.022299038551944764
0.0011200914129685733
0.006717418541936035
0.046693996424039756
0.2428636065594989
0.043820095690536534
0.0067492713580412315
0.003729917039543481
0.02162598772410262
0.044731607200841586
0.10167875932695504
0.03743586041936068
0.010542280914475233
0.07302134207581312
0.06190445192857634
0.022568161936668496
0.02626691566273695
0.030849707720356397
0.030010435595567223
0.04991741689199942
0.03241191010008464
0.0308978216183444
0.032626584727130134
0.04459105164715098
0.04397564895513177
0.005019787504796528
0.029104632034824093
0.060200578328072865
0.13684105039374628
0.05038183486982164
0.014187985803838354
0.0389578577599494
0.05703962823029843
0.08143114038885452
0.03278900535004139
0.008873745030889127
0.006131159029929986
0.05362343272728277
0.034818265628107685
0.033191766764606515
0.035048878330814943
0.047901622462019525
0.04724053046426894
0.052891781049968306
0.06914441349109385
0.04023101729691385
0.031188750861000585
0.03704190802977171
0.07259731531026196
0.04185020369362349
0.0612744179814893
0.08747682773720458
0.03522335753844399
0.009532557959328397
0.006586354307817109
0.07339303169663623
0.036751258099714454
0.0332696426609449
0.020670097379876
0.005710626409803035
0.03334178483332212
0.060485616381085607
0.07907168914138822
0.04600710791990637
0.035666615540919946
0.04236012844785019
0.08302033467174857
0.03059074157563699
0.04782515784649585
0.043245121332237596
0.060391323491896715
0.021258539425203612
0.010061589039247592
0.08393029450178167
0.04202774901532505
0.038046267362874496
0.02363776669758432
0.006530518569467789
0.038128767208345474
0.02365443348464238
0.018991275309880755
0.051905074962764926
0.06768307392054917
0.02628961054530734
0.019191023740184967
0.026824234461171964
0.041936650801517865
0.037920534585589416
0.0529555982407853
0.018641066429650795
0.008822748633713543
0.02366607291750587
0.09943972806068213
0.061211651638239245
0.021119056060273932
0.03161697795342771
0.036670933647506614
0.02074196430542177
0.01665296084337569
0.04551422518095398
0.05934954664007159
0.023052683290353957
0.01682811510416676
0.09852992917120759
0.09055313963037677
0.019662664871017373
0.03847381658308816
0.04886459426205271
0.060950948966511986
0.018482792034250295
0.07766070104214345
0.04780523711078741
0.016493616092637886
0.024692310815641088
0.02863936246082042
0.0319772929131632
0.033606934608894634
0.031374109896469264
0.047444958390301016
0.021191118697561344
0.032246011535925434
0.0769501639063134
0.07072042977602169
0.015356199861167054
0.030047382730030516
0.03816239968209827
0.04760163285075218
0.08287891297404126
0.08354717804884423
0.02075155122901049
0.08417907399736128
0.01973254610637752
0.018457960061760748
0.026259541501929832
0.013816545071665758
0.026876649064494752
0.06370606547227668
0.08679830980902725
0.04547238336643656
0.020169120574704193
0.05358121648613252
0.040961258485825956
0.02404194000771978
0.028894343107231074
0.024314981534013867
0.08367520628181865
0.05146890870951816
0.036406381330102044
0.04405896993407191
0.03109432499720366
0.023262874718686793
0.07734993293654925
0.06421194211406313
0.03200007638774874
0.023233472970376014
0.027817283082223233
0.05052816746804468
0.020497480329914778
0.05445353588469558
0.041628120918409756
0.02443335050608447
0.029364752285188016
0.024710837236045426
0.05242464256407821
0.026064548663384125
0.026424527749677514
0.028435043257314944
0.044517803934053767
0.10700611863990796
0.07860921466628688
0.06525733313724012
0.03252104790013979
0.023611721365936332
0.02827015737734536
0.05135078224887232
0.06560137735204732
0.03148142171007813
0.025146828801700803
0.020778250079279418
0.06648964507053527
0.030921352030919783
0.05182628956438765
0.025767058778560326
0.026122929213739002
0.028110497536120015
0.04400969629190783
0.10578479544261248
0.03938616897527042
0.0730745128222675
0.05243027472085619
0.03760157582119758
0.02308679197355722
0.041536042274867103
0.064852630598563
0.03112210589611289
0.024859813388523475
0.020541095801154183
0.06573075999988005
0.030568428618622336
0.0461598151057787
0.05075257046496944
0.02473306288660563
0.017228042259548555
0.04918401484069032
0.02553092164650375
0.03759783677867614
0.06975655864112959
0.05004967384498879
0.03589427322149692
0.022038534311627476
0.03965009490674697
0.0187935339344709
0.018965892690393255
0.02762344204244809
0.05269304778355826
0.08072515356867195
0.035780653212285636
0.044063924957276734
0.04844814588690468
0.023610056160354102
0.016445801603535985
0.04695081065795796
0.024371688078551616
0.06666228712780294
0.03819372362513302
0.043458450600465645
0.04219354493782591
0.053768647348762785
0.06226412377229198
0.016241452592397194
0.016390405768152125
0.02387229703235072
0.04553755778501354
0.0697630237756814
0.030921793894571337
0.05887201001254798
0.023227219406990404
0.012241104523686553
0.01367958982753403
0.018571699746366962
0.03450856834476227
0.057609834311210535
0.03300717968997473
0.03755697931147879
0.03646384241528618
0.046467095540264056
0.053808922684838396
0.13180272468647947
0.046611482250192265
0.03003687915976198
0.028860859720437892
0.06068650590418394
0.07326088493040668
0.04603779722086795
0.01816364035873271
0.009572519907181953
0.010697412614422856
0.014523033047246937
0.026985633266131268
0.05258451904520742
0.035462720340942416
0.04896886729263481
0.08358012807698494
0.015153115252493393
0.12085538386604663
0.10306947411818813
0.036450088378858846
0.02348878102871126
0.022569136116572852
0.04745672947576173
0.05728986939512564
0.05239603596823239
0.032357082570883405
0.025128096679330674
0.03721855668163396
0.0289882453525939
0.05100306615737598
0.0544288386619979
0.0367065196943857
0.05068637358915855
0.08651157011705991
0.01568458702827657
0.12509419710055142
0.01064421905275707
0.01628035072889916
0.061050305236139774
0.10198853851763505
0.015476309288509814
0.01836208927227087
0.05423374483641074
0.03349195654541353
0.026009425299992863
0.03852393924370613
0.030004962639941558
0.052791918791924984
0.016742824906607473
0.02227610917102462
0.06481416301225645
0.033838639454530445
0.019573503790857375
0.014784843854301876
0.011749620906161965
0.01797106470054985
0.06739037774164533
0.11258004541397695
0.017083523578876655
0.020268991733912424
0.000797417812493465
0.0047822786044909756
0.03324248722374605
0.17289996480169678
0.031196493825618104
0.004804955327699705
0.01848156680878617
0.024589482490594016
0.07154511204341883
0.03735278122334807
0.021606211616654814
0.01632024947850444
0.02874559066358897
0.05521108322747553
0.04517371303879212
0.07707797952199735
0.09224274051881913
0.016886190245088306
0.0008442006370007383
0.005062844823596626
0.03519275397426027
0.1830436417849568
0.03302672645024748
0.005086851942421871
0.002811197643589882
0.016299270221233106
0.03371372269780698
0.07663416788971363
0.028214998210669896
0.007945601725357054
0.03043203395881398
0.05845020126198598
0.04782395969283593
0.08159998233264107
0.09765442793556747
0.01787686748160774
0.026591614363702474
0.03195053150955681
0.08422798891066897
0.054005768597987565
0.02200693058765334
0.01950363337011077
0.0037406305469257686
0.021688104435191667
0.044860090595750135
0.10197081304480517
0.03754338811038251
0.010572561696381632
0.029030502315169758
0.0425046230621653
0.060680618635448935
0.02443361494853731
0.006612511325719967
0.004568799124166411
0.03538328413434272
0.042513956436923586
0.11207528895870736
0.07186105473177049
0.029282820789195477
0.02595188813089389
0.05599198690026855
0.026799742507138718
0.020219267183881316
0.06787642166188655
0.04028651845708829
0.08355140316187641
0.039147950462336906
0.05731794992704796
0.08182847911395576
0.03294899747984467
0.00891704397672987
0.0061610756797609
0.06865406893057514
0.034378242028374945
0.031121433298752797
0.019335436314790462
0.0053418932303534936
0.031188917275919183
0.07550580784522373
0.03613974641853235
0.027265903342145164
0.09153209834029315
0.05432681156309133
0.1126699826454846
0.038762353793970264
0.03190076484252559
0.059696140987015346
0.016542794783868737
0.016294153265648603
0.023021807323955822
0.10223918502941265
0.05119585047871264
0.04634583247541036
0.028794203778530883
0.007955112040595293
0.04644632916752939
0.028814506325257186
0.02313410815340576
0.06322785586044864
0.08244773069127674
0.03202453146206722
0.02337743050615616
0.057724640701555585
0.04750640785199317
0.08889909802848209
0.024635420495205732
0.024265145192033113
0.034283923085251695
0.028050106168653634
0.027624162760710957
0.05656322428289817
0.026644508071647865
0.029988509643782604
0.01781195864425336
0.020618916946705205
0.0165541706412321
0.045244221573287786
0.05899746788573792
0.022915928075252844
0.016728285836058107
0.0979454210040675
0.09001595209640259
0.019546020230129853
0.03824557872477418
0.04857471529156723
0.06058937022829976
0.02007193192585681
0.01976713781787418
0.040475183248399
0.019066122209894232
0.021459003417269296
0.012745777831428103
0.09184296733123286
0.049809266372938914
0.021623896812880298
0.016366125557968833
0.03412044402598189
0.11667593812907205
0.07362227644671844
0.06766196154877624
0.014692085551972984
0.028747914306510827
0.036511978618866646
0.04554299036087875
0.07929462307588102
0.07993398748499041
0.019854102496006554
0.08053855563462975
0.018879166602036982
0.01765970297300361
0.06903526740944996
0.037439949115788254
0.01625395544470705
0.012301865751748084
0.025647189391950254
0.08770137576173198
0.02902595844831627
0.01981828909781491
0.058572528955108664
0.052692804037311816
0.01592230781129631
0.01264904582397911
0.07260722830030636
0.04466095718310297
0.031590796823611704
0.038231153896474905
0.026981382589151108
0.020185822427881157
0.06711861839721242
0.05571843019997281
0.027767327445685223
0.020160309739632277
0.024137805130025593
0.04384465069129549
0.10031033370376319
0.06035713068966608
0.008964279305689651
0.04781171251517739
0.030945780845970473
0.03509095762797903
0.01921892378301239
0.0702543963034486
0.044304207968640895
0.03695377118006134
0.03434948633554189
0.03843444616275726
0.0810623618515489
0.06729380995211386
0.03353592786626944
0.024348569177658323
0.029152380374885257
0.05295327920129193
0.06764859070844158
0.03246385820157568
0.02593158250462279
0.021426674133800786
0.06856457847810443
0.03188631050329692
0.02321161238564162
0.08484959063234822
0.05350830847926696
0.04463083482215842
0.04148551560265989
0.046419116734064084
0.04556616068051196
0.024624100355927422
0.03107439562310794
0.02399087725500608
0.027692524540328185
0.0166789303275007
0.08294114479058294
0.039802596556114886
0.03179364295162586
0.026270360743678375
0.08406419958646844
0.03909448916223197
0.05903458152520588
0.06490833535320875
0.031631539554511236
0.02203323958209893
0.06290228258488356
0.03265193484636562
0.055866788812227335
0.0301905930570105
0.03809903384039657
0.0294142243500168
0.03395266129660137
0.020449348031616212
0.058944978338984044
0.03803970849547475
0.02282501474410757
0.030973052576312277
0.040140481245001254
0.023975633589591372
0.05144260401494115
0.05656098013362648
0.027563653737274367
0.019199716330745853
0.054812910179916935
0.028452823941947755
0.07782515158989627
0.04458941417971336
0.050735740574863276
0.04925902144050284
0.06277242067435577
0.07269049833079726
0.05136452399627753
0.03314771800560631
0.019889667458978806
0.026989849638163053
0.03497832674182863
0.02089231418080031
0.026542348331167337
0.025088665678033875
0.035276871274321685
0.04713757677979469
0.0581295101574146
0.024657575525643922
0.047851689824103344
0.027416314304270835
0.0311954538010784
0.030287476051839964
0.038596345040815466
0.044694589194175044
0.1094775427681069
0.03871627505173832
0.02494913311280451
0.023972311740021953
0.050407224595515526
0.06085171366734806
0.016319868237959438
0.015426054734235367
0.02169039015919908
0.02898308139523661
0.035741598093344304
0.01516099399439779
0.09190525377939708
0.01238827555565716
0.014052752937291864
0.037500917209805675
0.01963599775844157
0.1627786749908504
0.09645986317955746
0.03411262711863451
0.021982498927723283
0.021121828752022898
0.04441343735713745
0.053616000379431074
0.04903599735894059
0.030282096463382285
0.023516688994372238
0.03483181529707145
0.02712929511331638
0.047732355533676316
0.08097704772038196
0.01091521909347664
0.01238177795512406
0.0330417842025184
0.017301134180417115
0.14342310140652237
0.030200273799851962
0.016004094616434823
0.002873596220274056
0.05676556185695036
0.08060271689996754
0.03127912413205668
0.06525427911661617
0.040297668677836296
0.03129465433943354
0.04635217228061756
0.03610210235152124
0.06351946771039158
0.020145040195028198
0.026802712035890016
0.07798468456620689
0.040714799071186664
0.023550925415743103
0.017789188824675898
0.040188783793024235
0.021297326726427063
0.0038240162314558805
0.0755403380604352
0.10726145014748226
0.04162445563604641
0.05313342452063654
0.0148823553003994
0.005265317648054822
0.02393272296991884
0.0853043348818477
0.037937695075820003
0.020192509956097022
0.02686586993103555
0.0781684476318323
0.04081073940017898
0.02360642080277693
0.017831107258937644
0.0314067325391733
0.06032228540427098
0.04935569909884654
0.0842135239396402
0.1007821726141985
0.01844944036251267
0.053258628091458184
0.014917424073825111
0.005277724839516585
0.023989118024488592
0.08550534596724507
0.038027091438563206
0.07350742773190262
0.11163929465030561
0.020316787087868785
0.011142397752869541
0.005828330759799191
0.004585396020417338
0.03355509219408468
0.0644485969870803
0.052731847590309404
0.08997410208969689
0.10767611974189156
0.019711463824554704
0.029320553229244543
0.03522942409646841
0.09287180531688612
0.059548058692705956
0.024265370687247653
0.021505174998799156
0.07853566146741016
0.11927591702833645
0.021706545339306122
0.011904587126163392
0.006227014406504998
0.00489905742405965
0.04110580850588626
0.031008092253052035
0.01773359877443713
0.012618840841235756
0.007241919284433849
0.01690525768942918
0.033643856968427845
0.04042398846006383
0.10656571552560365
0.06832839591194047
0.02784328980100476
0.0246761043723748
0.05323944469084297
0.025482278588881472
0.019225296627586947
0.06453964570532167
0.03830605038187151
0.07944405179623491
0.04716684337880259
0.035580222940165086
0.020348410756027963
0.01447948383001333
0.008309737359913704
0.01939793111237365
0.17746836413701134
0.04393460265056793
0.005495845220518868
0.003579950322737157
0.010032325117061395
0.03248806060284415
0.06457750108330082
0.03090907282625173
0.02331958233231373
0.07828423201356403
0.04646383944079255
0.09636273200677396
0.0331520980379756
0.027283618770084252
0.051056040843376255
0.014148479150980747
0.013935824676173613
0.019689754070969036
0.21526264114622967
0.05329106767992697
0.006666259438704362
0.00434234893296107
0.012168843793866407
0.03940683042352168
0.03300006590673047
0.052966044434331075
0.021783612285840262
0.02027564255275428
0.029640847338650293
0.012012894978904643
0.058644419553208225
0.04826337036798629
0.0903156076733033
0.025027958906838493
0.02465178367273502
0.03483019980559602
0.028497053852120872
0.028064323503040663
0.057464497237470116
0.027069059090747225
0.030466343661070636
0.01809577267355496
0.058375482242510886
0.09369430943171933
0.03853413128821835
0.035866607513423375
0.052433190962732475
0.021250216272421817
0.040248006278185755
0.04225302614030316
0.08259844159202999
0.040880304829169524
0.012456775545423609
0.010018895310267202
0.021769814787618993
0.02143923817428404
0.043898975248989246
0.020678923720980506
0.02327421852796534
0.013823941997177005
0.09961195542770021
0.05402262760014676
0.023453060240632213
0.01775053460244785
0.03700668922457194
0.12654554492432926
0.030746744796631687
0.03227844387227296
0.06309960266543947
0.031229777969703786
0.009516130961539065
0.007653755943084232
0.16663026819478674
0.047521995682746995
0.019057372009843688
0.023851359287055382
0.014391180215389534
0.050747673876487764
0.07500439389177221
0.040677190023951336
0.01765935183887247
0.01336554516368125
0.02786477068251926
0.09528446516284277
0.03153568461800027
0.021531875192679403
0.06363699595642959
0.057248881297669904
0.01729902833085912
0.013742744121056843
0.12546689015702195
0.03578243663029903
0.014349549013780981
0.0179592573917388
0.010836066261403744
0.03821126193317179
0.06318665834971515
0.07986747834336883
0.04070965877927275
0.04174265729734268
0.027044974296044622
0.029992057226047985
