0
0.30798571030242894
0.32433661364324645
0.048590473841839746
0.18521952848555526
0.017303880024410963
0.11656323981883403
0.5002972650155083
0.0
0.12994996614498458
0.0
0.15421650995968814
0.2155360035515267
0.5745799730956291
0.01682908811612261
0.1565461180795898
0.08000456601929201
0.17203983396216985
0.0
0.3539658955949861
0.5898152956623546
0.05621856182780122
0.0
0.0
0.0
0.3916765960818763
0.0
0.24808515055450375
0.15410194175336972
0.18483749980494923
0.02129816610977472
0.1613920378531909
0.0
0.26328576000155063
0.282131038567759
0.2834386825462086
0.009752224037608517
0.079511186570947
0.1633954983457808
0.2032816790662457
0.13431858247922154
0.41949281524178533
0.0
0.10242392327214378
0.0
0.3052710327626047
0.16987043676303767
0.241217389207261
0.18121686701586398
0.3328607947181076
0.019233404713039026
0.0
0.07750434218960492
0.2777145807735744
0.2926865886998269
0.38597856296894223
0.05493510490397177
0.12906641068936944
0.1462407454627254
0.0
0.283778886377199
0.1703422015922894
0.0
0.06830659114999157
0.5624848779413525
0.15796506641199567
0.04090070256817444
0.31748032201667364
0.09056065438475255
0.35104795687944945
0.21012777394684126
0.030782612566195473
0.0
0.7201808871519733
0.13345517810215668
0.0
0.04765474233938742
0.02426876977436584
0.07444022357399867
0.2978043025432744
0.1906282829763079
0.02667587269396259
0.1075338780448798
0.31066736649923987
0.06668967804419797
0.03075800407438157
0.20206891423046858
0.5765489654798414
0.19062387591839625
0.0
0.0
0.2074928733905563
0.17455779096486207
0.15598998616634785
0.2980403662352845
0.10531294388889766
0.05860561064978129
0.2444519145337445
0.0
0.0
0.1284247120547381
0.379591521433473
0.24753149786277198
0.27038197014360715
0.23414418318752805
0.20131069607680582
0.0
0.05787315533722624
0.23628977422965602
0.44539014470897204
0.17434845314860167
0.2619736092962021
0.03251496150547664
0.04645635237050981
0.03931580391510685
0.15649993243782043
0.33281303778284027
0.2101018159737305
0.09017169636904371
0.0
0.21041251423183321
0.4201390245465438
0.16056409588395135
0.21336444498681037
0.08638155227705976
0.0
0.11955038855967332
0.3297439919339924
0.4130379915850347
0.0
0.24829520216996007
0.0
0.00892256491775114
0.10710669004337087
0.0
0.633107942907084
0.2597847973331073
0.0
0.0
0.33332738744619667
0.4044260409370203
0.12980944170022957
0.10515180509003334
0.027284155028001134
0.0
0.10720013512408812
0.0336100501401074
0.19434559606327723
0.6376657140020608
0.027177339451627553
0.0
0.5261418247949788
0.0
0.0
0.03467082244434379
0.20807020460310213
0.23111673587687168
0.2122163048252811
0.14117795760902627
0.44019246883648183
0.16564593477327486
0.02702548732105276
0.013741512961454937
0.07132402557633373
0.5742710550629558
0.35440463632886066
0.0
0.0
0.0
0.369391264700088
0.3320916393881615
0.06385398320731442
0.021230188936100763
0.0
0.2134325202429944
0.23769193390090596
0.41516026311442195
0.3274410744060283
0.0
0.019706397179717283
0.0
0.0
0.0284998222091675
0.04278625393623653
0.5365845703147092
0.39212872863996645
0.0
0.5997746527490068
0.05167885572273307
0.0
0.06480901161052945
0.04288657787460316
0.24085059769157624
0.318631166612121
0.12082756515995309
0.2785834781322199
0.08154649668457487
0.08589661357503893
0.11451431129614273
0.10344134288733284
0.7063571276619153
0.006109993462949178
0.06609497583462351
0.05545707160248209
0.06253880543268689
0.07910029625152343
0.3043815319986273
0.0
0.4342236288150481
0.067118820891609
0.11517176702843852
0.2774675332376129
0.1151041339386565
0.1191953337344396
0.04981439326421889
0.37135081019041843
0.067064682235005
0.17239652581585757
0.617057379064267
0.0
0.0649440347491795
0.06504410363443802
0.08055773132308612
0.0
0.739858727020015
0.1362763358658913
0.08071757982156982
0.0
0.04314703695978312
0.2524961001130507
0.30486165633190015
0.24501084385554078
0.0
0.0
0.19763087812338445
0.09840816594092941
0.0
0.0
0.2554251681490195
0.5283496422513718
0.11781662357861168
0.262064151598332
0.09154376736486419
0.009728550821567383
0.2341876515058933
0.013488074910672034
0.38898762251783153
0.049530182323219714
0.2526913907650019
0.2228333317561358
0.35450968610435646
0.04885169775205432
0.07158339283610807
0.215006892063424
0.09380434381775662
0.07618349009268625
0.03522429143119551
0.14012813591997492
0.43965245525860414
0.2764100583283647
0.46877051804910225
0.20582712844541873
0.0
0.0
0.04899205048481376
0.3878522744533673
0.22670559994051503
0.0
0.04881970743318652
0.017474795479847535
0.31914694041695674
0.1955644965907844
0.1358333393146693
0.13815477543412888
0.07591895726297183
0.12804760155346223
0.32648027263661017
0.038667425772896696
0.0
0.047805958368194006
0.06254528231315688
0.4318236571491984
0.41915741152630814
0.39923964653072075
0.2975354947693351
0.0
0.04301164393970832
0.0
0.26021270271683966
0.25655826191623105
0.1669340474136125
0.13532592029164503
0.2340640940394924
0.0404359295156232
0.16668081224770795
0.5533758182867116
0.33556315864921304
0.0
0.0
0.0
0.11106068226650244
0.503334652701529
0.43312611615640434
0.024577096754056598
0.0
0.038961843121472
0.0
0.27183910723176796
0.1540040391557907
0.05263689187371674
0.1489888574521369
0.25547009409136373
0.11705894086604732
0.08039859962468769
0.0
0.04855604053919364
0.3079508242195983
0.30852882853527824
0.25456186838943107
0.0572940821914796
0.05007686142981498
0.0
0.6764289608783275
0.216195669289195
0.0
0.4405159276169595
0.17902941477322548
0.0622199694356173
0.05565122912740538
0.26257650264299587
0.0
0.34262016612419616
0.00777995160450656
0.0
0.0
0.021533093604313054
0.6280661010098945
0.4058531035710234
0.03741471567614911
0.0
0.07008322093447762
0.4866486659331408
0.0
0.12717044517467901
0.06062971454576218
0.5185092292510156
0.1609309850218726
0.11183564325569421
0.0209234516373098
0.07154389144615475
0.23991270467354223
0.5184071371424103
0.0705631204067169
0.0
0.09957293763394968
0.0
0.24828655866260685
0.22253175983801426
0.39978367390159764
0.04875020684913553
0.0806471378332508
0.0
0.09517330712783582
0.25002070250447006
0.39804702853640833
0.19203131264042525
0.06472740579282066
0.2560580447375288
0.07996760107738309
0.37382713835286796
0.15560333607741053
0.130246797523724
0.004296601856412791
0.018890643917303353
0.4429465965481471
0.17863538876755425
0.3595265836568145
0.0
0.0
0.0028044678482925696
0.011898348750774106
0.0
0.05372097067831491
0.2793167272739495
0.6522587843316912
0.6442508911300447
0.043549886625992684
0.11217458152397088
0.06158884095713561
0.055515432214078994
0.08291651824613121
0.1351941896424207
0.14262933140865092
0.17311470294601217
0.20897766544764523
0.22271418224022024
0.1173663766215918
0.23713517203472112
0.13952152258850112
0.005943336381411723
0.0
0.2129951166908732
0.4044046080348821
0.0314185511934414
0.08303592427004322
0.0
0.14641582253103297
0.6960591774027878
0.04307015877573688
0.3986269659622857
0.22969364668038303
0.043589689696789106
0.027310607051951267
0.14968067002190877
0.1510978372610146
0.4828086633616746
0.20399823574977277
0.028094155586095227
0.06274247801745592
0.022533406930944983
0.19982266399282622
0.1547807187073532
0.21001917958061325
0.19320671978472245
0.05969642924170002
0.0
0.3822966627741042
0.060094984312560815
0.13801898740816526
0.105524932337412
0.22400560264629285
0.2416936986649491
0.23066126997864558
0.06241696895433533
0.12992091784695406
0.1873841940546938
0.06545987922835239
0.23707499658846973
0.31774269874694244
0.09994591955225006
0.06705792566062613
0.10647248483249343
0.23398239195547127
0.14073026272643097
0.3518106305052332
0.18529635985910817
0.12746640466635956
0.09372668837267095
0.11439518018302354
0.2592495548821679
0.21986534203596575
0.16525309314310255
0.13082942930211536
0.1476010426105324
0.21962206272933388
0.07461261582106823
0.2620812880113394
0.160673452027653
0.36753051823126764
0.3173079711865657
0.06551166355630454
0.0
0.08897617584539806
0.032566335730587426
0.06333418056119684
0.0
0.6012000907063072
0.26123307955364006
0.041665996777365655
0.08770404845493047
0.0
0.137371978758894
0.5073552569484178
0.2675683779141009
0.0
0.5143088244035334
0.2637288885462594
0.09272202016151417
0.0
0.0
0.12923994611078093
0.008573434719844543
0.9914260860106028
0.0
0.0
0.0
0.0
0.27260354521255764
0.09494979279635322
0.04666748879430723
0.17331771547028108
0.13669045416821368
0.2757673141695913
0.20952190689842667
0.07407717980468914
0.0
0.15714143017382
0.5592463880035904
0.0
0.24107913695611338
0.17669026207793614
0.0
0.20627491275612161
0.25471115542728806
0.1212389044078165
0.3383447549246303
0.16189350350865733
0.20231119776374748
0.0663069906620203
0.11252668424791185
0.11861355354354905
0.46721925124356833
0.3850334025630939
0.1105007621586013
0.0
0.0
0.037246151757448685
0.04528157672573993
0.6809680715108886
0.2175846421690091
0.039949661371828565
0.016215851576452632
0.0
0.22385192756983596
0.17335462018818518
0.23678874947304
0.23333671118039387
0.0788712204477963
0.053796106940646925
0.3674200420986366
0.11969018612142569
0.0
0.07765979974026394
0.23591602720369348
0.19931308428340702
0.24521190279850907
0.22826451806312992
0.16239261776417346
0.22058096148085488
0.10422064076939806
0.03932862217270374
0.1321761257308816
0.0683195548116454
0.04830922203802979
0.5182996032031791
0.14820593582765149
0.08468824842089509
0.050080433688440174
0.0
0.027790207787854952
0.2775539357716006
0.574545483074366
0.07002924837044426
0.16477075132964736
0.1609589194343223
0.09597735595128677
0.1816935414136757
0.23653386613816765
0.16006422440862494
0.02371664387304234
0.01827734358305138
0.0
0.1696717320942043
0.6642026200349
0.12413123797957769
0.0
0.006091090127274872
0.009630859800850766
0.05778515720060297
0.8879683769050495
0.038523439203403065
0.2968749490215017
0.09616102848116563
0.042835193624708286
0.33660149724417116
0.081274056188461
0.14624848631993553
0.017558903352255344
0.22813021039516143
0.0074912917310366225
0.0
0.5867471317472839
0.1600720439983399
0.8020354519490895
0.10654929392294492
0.038009300509062344
0.0
0.0
0.0534055939506014
0.32016381114826625
0.029316405665812402
0.0
0.029190851635518312
0.07915881133335595
0.5421694426414276
0.3401884570864805
0.1739575228684027
0.07443861505392618
0.01530536283600616
0.10747007506786979
0.2886387570922177
0.011776994665342112
0.03099611871357683
0.1284607125127694
0.1243929495774608
0.7043729729867068
0.0
0.11682361150037102
0.12135869340464725
0.1732233391410465
0.4677637102459702
0.017787941842748598
0.10304241253352629
0.1901075923980074
0.027498680463383822
0.020389028944157363
0.1737241563376381
0.27474337852033176
0.31353688567116866
0.13874897751847412
0.044922843533239706
0.09070103782646516
0.19722378592311066
0.24802724200360407
0.28037582957682283
0.0
0.08208683519205917
0.2647967642354141
0.1491013289894677
0.15217328623913795
0.35184144787790206
0.06383070283412401
0.0844871275697877
0.10715140508606195
0.2788430373266201
0.392073984240882
0.07361345521827366
0.07656096801720293
0.08987084388381676
0.20549372040269887
0.22989285542193505
0.3283051058011802
0.06987621421606466
0.18452498098655495
0.22698088717231124
0.13812376381614244
0.3406966621785758
0.07095724467687872
0.03871620785716031
0.600530594726716
0.08382348111154392
0.05085829741158318
0.08149472247806759
0.0
0.18329259589837132
0.12122861677544373
0.12676666981157128
0.028704871980993744
0.3752728711571829
0.15338726752816467
0.19463929183758816
0.01227163929072723
0.019738866822665676
0.0
0.12688058764076482
0.7818429570237321
0.05926518224463739
0.3162195343850195
0.0
0.3650574421993112
0.10457022090740022
0.1095777389030691
0.10457022090740022
0.0623559587720613
0.2631503956340099
0.18706787112193127
0.3067507444357126
0.11831209965635775
0.0623559587720613
0.17927391908271104
0.10085615718809024
0.06060701110156555
0.1566788297983653
0.453573825871687
0.04900728545432456
0.46250834250935136
0.5156181518795311
0.0
0.013259826020415533
0.008613343296150728
0.0
0.0
0.6045857207486761
0.28941956713969735
0.061969068689368606
0.04402535388202312
0.0
0.08656274598455545
0.1589006408763425
0.2071223827124979
0.2552159519653353
0.1993937856338189
0.09280407599037242
0.03706453140310557
0.29494248346884494
0.038247736202216796
0.10418242815802431
0.36146205952251054
0.16410007998571052
0.11803683360172097
0.3781798354975392
0.36509271294459555
0.09721616115939521
0.0
0.0414741530199694
0.0
0.110462816253746
0.14409218253724654
0.4009607916246526
0.18776098629770627
0.1567228514907336
0.0337703678560951
0.0
0.0
0.3275608961937596
0.5308013410676791
0.10786695597301894
0.06011675187549347
0.30548449490641894
0.23094422531340195
0.3810039104561556
0.0
0.022449997651695905
0.0
0.0
0.2113739295795313
0.2702632833191707
0.2309385540603452
0.28742378456496964
0.11656922962958598
0.011201708978495813
0.14457443318693486
0.24189133186543071
0.14022423962009775
0.34553875987475735
0.04514375014372146
0.055744865659979666
0.1661851545481653
0.6220655768764822
0.11086042429451416
0.0
0.0
0.042806142759324935
0.7010224512555325
0.23131844518327616
0.01079272531555985
0.014060048401092226
0.05671187309024871
0.0
0.4778920312203912
0.3774602592918155
0.08793554922466054
0.0
0.2728056928409286
0.6285348971323091
0.0
0.0
0.0568189591663125
0.04184014789361077
0.0
0.0
0.2305274515185063
0.6370842603239906
0.13238812794460422
0.0
0.0671297605458493
0.31965272704265746
0.1635898257935436
0.03739895846346582
0.2688613790374536
0.14336684055825843
0.06797694498418344
0.8300158690181999
0.053697456497052376
0.034349639101912514
0.01395991412811455
0.0
0.0
0.0
0.23225807627201078
0.5512778094899187
0.21646364836340418
0.0
0.0
0.0
0.04431146386035327
0.2707334596489653
0.2972380185357781
0.3877166371728523
0.510384098745553
0.27699168332841717
0.21262399707515997
0.0
0.0
0.0
0.20818011184422244
0.10216321386970506
0.14342240738595896
0.24238553289714018
0.22508460165581867
0.07876376002385096
0.09536562415247096
0.03327202637130976
0.03793594887865362
0.05991398378767189
0.40587097311097436
0.3676408057369104
0.021148747595790628
0.0
0.0
0.14093948046317042
0.43110422379588564
0.4068072287345234
0.2078519468362826
0.12650531273926338
0.29813516409591084
0.07845711264810142
0.17186700680520126
0.11718304539925539
0.17640987459215726
0.18833434231862006
0.10723228446077479
0.27558751789279456
0.25243527761934487
0.0
0.08114377089099971
0.0341901472591398
0.17170846731329828
0.3569383356522322
0.35601890113298984
0.0
0.0
0.0892587549419318
0.4207504093204795
0.43149888441326106
0.05849164026897473
0.0
0.011002690653390042
0.25530262484971167
0.08361532339496468
0.024230911406859228
0.45176646848913604
0.17408167367139699
0.009812165747259141
0.0025229995444386757
0.5464507665138985
0.44121384519063545
0.0
0.0
0.0
0.4024353563634028
0.21061519604454831
0.10561504795052788
0.08670513310454224
0.19462893920141236
0.07628262422538962
0.4611045109569737
0.462612648732553
0.0
0.0
0.0
0.023867002823075276
0.33774630127930766
0.5498992971269788
0.08848661529791556
0.0
0.0
0.4820290339745319
0.0972235194840645
0.056406426629189314
0.09568403706076577
0.06453111147339208
0.20412416130700434
0.2875742420300364
0.0
0.19212407591087524
0.1819662782798051
0.13498811230174487
0.2033461393961547
0.12176843038094251
0.8134234645882301
0.0
0.0
0.056324949653782756
0.008482979862944787
0.07161876309072836
0.07105829361037747
0.3624140225739681
0.18945028854273302
0.17804838480020208
0.12740986949786115
0.0350804437638856
0.010362941199980892
0.032436661183312426
0.4877401047659161
0.33034686798464913
0.10403267993540684
0.08627648797090273
0.12341573164442651
0.21550600543002407
0.5267106092025517
0.0
0.048090711761558366
0.2888890852226933
0.1066163461678798
0.07371257485979903
0.027295198464159034
0.03538706470262379
0.4680995411059429
0.08488248607750531
0.836110991247575
0.04646400402962755
0.02183833663024088
0.0
0.010703991358100936
0.31087341338172303
0.34080929337237736
0.07741809866068922
0.0
0.07991609411682905
0.19098249944257412
0.28155131115559556
0.18395700921453387
0.0874229817410776
0.09744395020384246
0.12032755273488852
0.2292965737710896
0.10251381742294034
0.05737167145512903
0.12218093020094983
0.2774173662049689
0.2993698644712624
0.14114577652803498
0.05373357471454326
0.0
0.04243995254207635
0.06819423825177584
0.6804210755480731
0.15521090918332078
0.0
0.0
0.18355477752120003
0.5967814905039242
0.18668960047120706
0.03297388452041606
0.04010396567577864
0.1463084942627368
0.20847408938350748
0.4412133441094534
0.1638998997040918
0.0
0.22745456667186853
0.04716648224310213
0.04722823053683933
0.6781503346566375
0.0
0.0
0.10751969348171554
0.1949169321233156
0.3034384675277732
0.3130570614913395
0.05664185269747744
0.024425082409311006
0.07510345475530765
0.4937849377852998
0.21607908073410675
0.047974671954214496
0.07896562069429887
0.08809185945752825
0.13878660119194225
0.2822769184859363
0.1905723317275925
0.31162791242425425
0.03258095408477765
0.04415500188166928
0.0
0.13047200284639132
0.43514262331263376
0.367676894611552
0.06670818524376851
0.0
0.037154468425075526
0.07566706499938558
0.4382274140308368
0.2569914034483884
0.09774529541214087
0.09421407234006274
0.06451335448830789
0.07179149002382708
0.31786756155332385
0.4012853477617071
0.12125694504331724
0.02328466973525338
0.1569937844400456
0.6747520020250559
0.0872256997743408
0.05987282880195278
0.0
0.021155339216650755
0.08021597414979888
0.08648750388697422
0.1756818109033878
0.24014174693413787
0.2240391990558406
0.19343252902940458
0.08029651368940621
0.0
0.11700822747426663
0.26444781118075944
0.19480513956433618
0.34344170464354
0.0
0.0
0.050909086707701806
0.4286562419361478
0.5204343168621777
0.0
0.09744748449685062
0.8177904817734379
0.0
0.0
0.07239893905157338
0.012362857631154293
0.07796042956559926
0.0
0.5174244223462333
0.12003504735471918
0.21559518468769495
0.06898363061170497
0.015549519969588588
0.18105553039581382
0.15139114446033428
0.3329717699874858
0.2792596548465926
0.03977189817003157
0.10573630000472697
0.0
0.04151075539652392
0.43248786439699366
0.20404099094708025
0.21622355780951857
0.0
0.15396847736959937
0.5886597611838675
0.15858374980475234
0.04726203433046042
0.0515250553747707
0.02311614430145041
0.36770084568139766
0.593267491675298
0.0
0.01591516975958431
0.0
0.0559534827643971
0.4079239418536088
0.5151987641344249
0.0
0.0
0.020923647861331624
0.0
0.018787679094503955
0.6725866903734562
0.3086248969964204
0.0
0.0
0.19010751677468674
0.0
0.0
0.09801321442108449
0.5187719953471425
0.1931068104721259
0.0
0.024141957942544305
0.0
0.5366990384360345
0.2833854669694009
0.15577317401457186
0.03048313268018331
0.0
0.46592116447946447
0.5035955137919751
0.0
0.0
0.30544825034465195
0.6131200540047453
0.0
0.04750789038776629
0.0
0.033923613698763726
0.257439424019875
0.09138658301537651
0.06256814245988553
0.2927947575270051
0.1314255706847422
0.16438500233426342
0.2303626360026618
0.1412503649647833
0.05336692493635614
0.0
0.3442865864045313
0.23073272374634357
0.11803656580257994
0.21900741373397054
0.2004306772108432
0.17871148560560257
0.09993852555583826
0.18387457588698983
0.22671625330894274
0.19890699982967722
0.1028880203258379
0.08550660610390783
0.0882257439360142
0.2977551530246318
0.11646549439641864
0.06387434159760444
0.0
0.3095007250612768
0.3457664864993048
0.16439214280598272
0.11351670637243896
0.39651894367869056
0.1783235127103292
0.15088962875720155
0.16075065483066986
0.0
0.09634396790066813
0.3347363935184664
0.22057116073127883
0.175283864396609
0.0
0.17306391120103043
0.08669004346355735
0.03953227568185136
0.1501621081235403
0.5476378318085042
0.17597738359946172
0.0
0.34477825995380285
0.02684323402038032
0.3868040247696472
0.2350996160087742
0.0
0.006474636334443009
0.2711227625614061
0.12183322972061962
0.36001779012905916
0.05476991552815136
0.19225558040372362
0.0
0.1458721389449254
0.23837937583773658
0.2621139777696435
0.10783412981450592
0.10785220342383106
0.1379475353032312
0.0
0.0
0.22935298637643464
0.5833239570413029
0.15885857464973163
0.02846387643385712
0.023520636035788186
0.1878658419487346
0.18812775612755833
0.134097832145902
0.362163505929457
0.10422365570988358
0.3912151613624225
0.00408553233866508
0.09249017646919519
0.08109550478324372
0.01684508159217777
0.41426782122736666
0.45535748719446134
0.027700658298481333
0.0
0.056177237087591134
0.10781172878859877
0.3529521961144203
0.2036745288776645
0.15858319486716685
0.3603848134230957
0.06470709400918885
0.0
0.21264912758358856
0.04053553421967222
0.11895019953571569
0.08340340564124973
0.18639777160047163
0.3192115300172089
0.25150092685137476
0.06460332950877067
0.024376690266961824
0.55641593513432
0.15815314086482551
0.06269458106421702
0.13375599265799104
0.054461407920571865
0.0
0.0
0.4445636090658317
0.1451314071399013
0.3558433791385673
0.02317318545213834
0.07969095203316527
0.1586147148969084
0.6521819976370731
0.0
0.08633838928366235
0.025529354536442058
0.7176684194740715
0.09321950676462074
0.029982830229225724
0.05106010406272957
0.08253912751588928
0.08864935476993843
0.34906716140910254
0.1462532952889171
0.2647672315802726
0.1373541606979677
0.01390845529473231
0.03173091143812015
0.5307913538080119
0.26988860469700876
0.11536793124729368
0.012963327915497999
0.039257571279065394
0.1895224063218671
0.15579848441366695
0.0
0.056547373583652936
0.26038271935203633
0.33774856592493524
0.3224698246131376
0.023934630132740855
0.01438144183658104
0.003763795724462439
0.0
0.6354498868879394
0.733104648268493
0.07633928282039168
0.01228724324102024
0.06044524188976784
0.04291749531578913
0.0749047147090332
0.46023615656587574
0.2729120225743962
0.10039118410212879
0.01612543537393979
0.150334452779131
0.0
0.3500512148099779
0.21345312085673748
0.0
0.368730343444347
0.0
0.06776470515146092
0.39400076969134284
0.19153246717264477
0.0
0.004481967907785243
0.0
0.40998429412900045
0.17325816328206153
0.0
0.0
0.29949703158202096
0.4452432938470509
0.08200122280956976
0.0
0.24413624808730575
0.2872581065552157
0.0
0.3278308851680988
0.1407742449953399
0.19637163940704558
0.20051367383848043
0.3718113560891409
0.2028873722612551
0.0
0.028414235537923663
0.2921059663623227
0.08926934594261617
0.09405540331466887
0.16596318762348872
0.22078381909163816
0.13782130132909146
0.28792512892713934
0.04176290657541628
0.15802676143216657
0.2510990745590417
0.10151085994570039
0.1596744677933242
0.25610165271053514
0.27089426104939773
0.010412753581235673
0.0
0.13379526528299665
0.3287952441754367
0.1294538010733229
0.16168718742997248
0.16394975116570598
0.023289454408595176
0.13823921486526833
0.38338015465252334
0.12189845415671915
0.22658127374835613
0.04950723744200841
0.10082529628977238
0.0
0.5011873738660418
0.1732031823354226
0.0
0.048039490316261604
0.32042410126116344
0.05451047629839655
0.4038225164883523
0.1552397735004972
0.31077149222539213
0.2227733517471182
0.021593863023961556
0.0
0.28962118209891363
0.5561373870458548
0.06698256525158167
0.039960838593035126
0.06771770630220164
0.05056209314769992
0.21863891984929035
0.10960336201255862
0.06789472003237368
0.31200665680485656
0.19284160045756793
0.2815616877846629
0.03609130038631173
0.04200754426709349
0.716868442149034
0.14289109199081107
0.025790138705807902
0.0
0.0724423709693836
0.0
0.5737839484637177
0.3349077038320633
0.059906932457864784
0.0
0.03140094251892909
0.12207700953688572
0.26421361109176256
0.05655665929436974
0.0
0.4141395897108735
0.14301264738143316
0.11463542504536205
0.0
0.8051680680652056
0.03496332438135995
0.04523286648268021
0.0
0.0
0.4860865993677751
0.37418262042674183
0.10885323573075151
0.00468711954244392
0.026190148741098592
0.2700356069899302
0.035314124664908485
0.23743487631133617
0.3277678255304184
0.11036521507872252
0.019082108611249104
0.04945203371983536
0.0
0.14072881481401794
0.33610083799204554
0.2906735978377819
0.1830442662951704
0.08854384911840588
0.04561564555161758
0.16396457797622407
0.4138284113870629
0.2551942465468858
0.03285286673371726
0.014347835383061202
0.042930830380208944
0.21225130347321916
0.6059554603053892
0.08316382413850955
0.041350357259296484
0.06550361845560253
0.39261098951419404
0.3186940729980153
0.1841301037594113
0.03906096747507061
0.0
0.17735473959057715
0.06422586255114048
0.2312720572647055
0.16268935310956767
0.24926851659909907
0.11518924822178465
0.2439170395442952
0.0
0.18048966445294015
0.2077479947486438
0.2472126712870608
0.1206321788433565
0.04276767124340207
0.0
0.0
0.27957760165939854
0.4104652796065873
0.26718912467665407
0.3169332513028923
0.17257783151729308
0.11007149448020342
0.21815004163473128
0.054772281690503244
0.12749460430040663
0.08408134915535005
0.08819392186457789
0.12283939013750018
0.5967709077659955
0.0
0.10811402181239659
0.07398335543827493
0.4680998917334991
0.07005455800006473
0.3022018098090339
0.0
0.08565979227224434
0.47008616684327875
0.16726839166919136
0.0
0.0695305421067544
0.07403225305368928
0.21908192205058977
0.2501873230489171
0.03991432940222214
0.025331542160552434
0.11779439105608075
0.18895042868047604
0.37782080966445347
0.15535971137319837
0.05417177666139429
0.17649971883479165
0.08212207300658445
0.15505577600864484
0.37679060554178734
0.0
0.038089844932219404
0.2781558302584675
0.5528402431430948
0.1309136864602096
0.0
0.0
0.045834361020787376
0.8862706315449166
0.06789471824556052
0.0
0.0
0.0
0.0
0.27324340217115345
0.7267563702340125
0.0
0.0
0.0
0.0
0.02273823018444116
0.22814351928545884
0.6667882438769729
0.0823298172730677
0.10541248908004566
0.119905631637298
0.3236367296891517
0.3834885187621321
0.023800008940200394
0.043755780433825324
0.13547287268776836
0.1943872124152726
0.3150411358999937
0.055999736248362526
0.16326054134255946
0.13583812426708564
0.12788649496776341
0.5569255303445239
0.24054979870994003
0.013403623748462679
0.0
0.0612342952265462
0.0
0.1762972577052637
0.3522835051178112
0.42727378838661817
0.04414511234346007
0.0
0.12936962015378844
0.6078985408623931
0.21858406978832864
0.0066123667974810965
0.03753485136742994
0.0
0.28505640878520266
0.05353555835936317
0.12768975733100835
0.15688032668651697
0.2595704254207883
0.11726663115785006
0.01732677195022396
0.3614327713346241
0.4868432710971766
0.050463975642164205
0.08393287676864604
0.0
0.10764851412185492
0.051657850921129254
0.46509591126426264
0.13111215271054316
0.17329982770103355
0.07118437435085033
0.08015002873717524
0.46982111106793184
0.3020298423292023
0.12957687933576584
0.0
0.01842145200294978
0.14506375982720657
0.19100367596652795
0.1612511988746744
0.3312473502284646
0.0
0.17143367557088332
0.10711245738778198
0.1442697334456323
0.3224741734270304
0.22552570687299545
0.10175766308627322
0.09885994429410955
0.0
0.06095489294276962
0.477094908306543
0.26206426611031713
0.11953231092913602
0.0803532951389278
0.29880174334116133
0.024093585466145633
0.0
0.12121927896761689
0.20393127769409444
0.35195377406851713
0.21550185142007658
0.17505856045018398
0.3868611529400466
0.04114441415063785
0.0
0.1814336403332706
0.07496725664024163
0.25163487805877194
0.40068670635115994
0.16163290631359603
0.08852521580140672
0.022552763020077964
0.2314787999872796
0.3092728685054541
0.0
0.11957622588116278
0.17434455150304248
0.16532715648882637
0.0625160569623429
0.27000177106389706
0.0
0.5744903781381313
0.09299159568491916
0.0
0.3846854786059209
0.07079561575853056
0.0
0.0582479016211979
0.032159239755990957
0.4541115764205352
0.0
0.05058929635492866
0.07514398425312002
0.12290647144996934
0.2862368320605206
0.4651227917641517
0.04470003691924779
0.0
0.04101485470597727
0.11843850031995266
0.4609577051961345
0.33488867699719926
0.032512655332755956
0.0
0.29563686196275424
0.2117147676911266
0.37496706016052406
0.08516838525866118
0.02143789056169598
0.16630365211166168
0.2721522079009116
0.2807888310885776
0.19429241825797988
0.06502467630160222
0.15037562956704328
0.40001331051606104
0.0938377233580639
0.13765364333907512
0.08371751598922358
0.13440188290493113
0.020838071001501132
0.4764121800536867
0.22877153175200335
0.2739778288982855
0.0
0.0
0.0
0.0
0.19686476750543933
0.803135017932566
0.0
0.0
0.072433284715515
0.10842731316717548
0.0
0.048632446205406216
0.40715553114732855
0.36335099054630693
0.042070231608715286
0.12609697083402546
0.4710354432883991
0.14826532006774185
0.1181859443213907
0.09434553936556636
0.12438341752692592
0.1439505707889028
0.2542669116855705
0.2396542770660764
0.23774396048866173
0.0
0.052296568580309385
0.11828409084340134
0.3441082244876813
0.4643629805450293
0.0209474650315838
0.0
0.26311624142517315
0.2924019430556223
0.31972211291931
0.04704143256811179
0.07771789998223874
0.0
0.01851819661682332
0.0
0.13817898876974719
0.7719722414462599
0.07133034168971532
0.0
0.0
0.2476997776216508
0.15261079195029917
0.3090267095036573
0.18992348331706568
0.1007390193964872
0.04892223581219061
0.6030818181412329
0.10342820712449992
0.0
0.0720112154866297
0.17255604371344657
0.30436812252583634
0.3612226443594156
0.05956430273877207
0.05956430273877207
0.024526477489734536
0.19075353076036955
0.17661206813035477
0.41692632254814005
0.16733349755107055
0.06472344095295143
0.11095630276443384
0.06344770828385508
0.46329663464085136
0.09402526029240454
0.1495761765991618
0.24079379006674073
0.05230777874216223
0.0
0.7394687851540671
0.0913874314257805
0.08401108835030005
0.02790789668607048
0.018219278671623054
0.03900487556341363
0.0
0.16029771439675766
0.6926975383416244
0.09745422934848734
0.0
0.049550180559672884
0.2813567905274842
0.19577472037370702
0.18432719739794093
0.04454209764483511
0.29399873047807695
0.0
0.0
0.16783905158047382
0.29716640819450174
0.2338758516890987
0.22390663910015526
0.07721158535861908
0.017981841196382853
0.04241008813307763
0.440833394718802
0.3834178229918521
0.11535658038255739
0.0
0.004449635956942328
0.08948997101100065
0.09441995749693592
0.22997892930886024
0.49071829824600816
0.0909430014110934
0.30263877625127406
0.03154043231885722
0.12403787113335754
0.1675153389412882
0.32241485464435604
0.05185214698623279
0.12358586116504358
0.26461045636087166
0.30998567695647206
0.10287238379156807
0.15202460458598394
0.04692037816105329
0.3137234996153677
0.031910305525969934
0.04592156869636713
0.11024771604511034
0.11093183140711145
0.3872647653212793
0.10193949541227904
0.10937640373824928
0.42631275764088483
0.15631892859925142
0.08813521562452724
0.11791688793914602
0.33408224313223533
0.38126046559282645
0.05395597535775641
0.06810443240844125
0.0
0.1625963865325748
0.3291504846168952
0.09136245817573262
0.18109176371346453
0.06747010552158372
0.1678263531565773
0.16309830061583386
0.09363499602064672
0.03307318541487784
0.09263679941793233
0.36669265874130447
0.31194413221127887
0.10201750301642079
0.2640924184925204
0.14466791425213613
0.28430366363470977
0.13864463315132122
0.04317306069265361
0.12511769276671836
0.09345428936829954
0.10492943753611282
0.2713697665013459
0.19705057804817896
0.20523951796845413
0.12795582763627353
0.0
0.05022119841204304
0.0
0.06497630326451831
0.5555359707236541
0.3292662004199261
0.0041507577135101795
0.08929436247699511
0.14807711818651387
0.29877912199739354
0.15754440925415567
0.302153766302629
0.043579908643152705
0.2308970688328298
0.18130582655249886
0.48492693295211087
0.05928984904226435
0.0
0.02735772192877188
0.4452709956295945
0.29499728308326806
0.0
0.17026079679597522
0.062112508123429964
0.0
0.0
0.027315592561633607
0.04583362440741222
0.7902491387780674
0.1366014853533772
0.2899048682485494
0.0
0.07287132440738169
0.0
0.3027531326677286
0.3344702227475389
0.3671422785268754
0.27781818575812117
0.13366623085764331
0.13664867003908696
0.08472324727126722
0.0
0.26178744635597206
0.28945985488577314
0.08258341475501743
0.01045071315497277
0.022305739063182554
0.33341196089229974
0.02630667753016959
0.0658628639411126
0.1625922149724664
0.4275755529006503
0.054813059095820606
0.26284890528819227
0.10361922433516534
0.1686978784646491
0.42038579217959926
0.28642680397233605
0.0208698434466761
0.0
0.005887935521487751
0.12222236654932725
0.48452246742197486
0.13567876742407117
0.2104726738824638
0.041215547208025664
0.03811123222146695
0.02454061745987165
0.09787377738859834
0.26892276576229934
0.314403958846502
0.2561465961509478
0.04519493570262648
0.29057891410366593
0.13356357248611211
0.21762500511226193
0.31303652353424627
0.0
0.20163849376147994
0.27366564480655403
0.4964257246550389
0.0
0.02826938763964493
0.0
0.22880963317070335
0.34408846566454
0.023534007257462488
0.07662117229407135
0.2702268355289094
0.056718025557797334
0.09437707840679141
0.7077034383207177
0.09357787418933282
0.013493677696939571
0.0
0.09084762965840885
0.1154743053845276
0.3412939823369795
0.1798909101373942
0.2737769227050154
0.0
0.0895632201267477
0.0
0.15078226136939618
0.5402818158798087
0.017316881264336958
0.1466218688313638
0.1449960903499912
0.07708055863979389
0.45370603644820273
0.19183147279773077
0.0
0.08715882701592441
0.1902223933395176
0.3068851567493254
0.0
0.2577939554846056
0.3008253979146992
0.05391709861692962
0.08057773429475884
0.7317090429028117
0.09348596475406669
0.06685530580213893
0.0
0.03595318682834922
0.07199620010275505
0.018521205063895107
0.0
0.2408709377039132
0.6126355351313
0.06940267478791469
0.058569193274573265
0.016853873896046652
0.0
0.2855455044115945
0.19057164795006679
0.30813971090759434
0.19888891292519387
0.11093487954130626
0.0
0.03992174920818726
0.19224445028615444
0.40760215396207583
0.24929633790977265
0.05283854735639323
0.040985288495645665
0.03102704176372336
0.020871780199588564
0.5017786042001545
0.35249827127729577
0.1176531592815214
0.06956186139791619
0.20395057201097977
0.49502646445569615
0.11380761995409984
0.0
0.017519809780095343
0.30726508724144386
0.23931169259468613
0.07142691555996021
0.36447615790438326
0.0
0.2729208916935894
0.05320409381303633
0.05156118302644387
0.42033641816058054
0.13271738982100073
0.06925954508080566
0.009528085386439688
0.15189423110109698
0.062294157532529044
0.38569465389183694
0.1194025410069542
0.2711857533560868
0.4600604139570835
0.06796287488277498
0.0
0.03543099123348378
0.08633709914190228
0.35020816029238394
0.18343235104086777
0.5480725832831495
0.1808751673689971
0.087619169432569
0.0
0.0
0.5248504831921271
0.21795839446564283
0.05308072199447844
0.06659779252047729
0.04887633143526478
0.08863575250314377
0.0
0.0
0.0
0.31804287686922456
0.4695237127405201
0.2124331943551713
0.18258404148935073
0.17311367926410823
0.2274143537905119
0.2161512334272135
0.09843870224452093
0.10229659876330198
0.10014841432799451
0.06988254376429126
0.03257649666012331
0.153370803915244
0.15887344961824926
0.4851477438810298
0.4239133629757249
0.049175948698625675
0.029900920336436026
0.0
0.31043415138865244
0.18657538480351224
0.3711828308988084
0.13424779821435553
0.06369212708408677
0.11635620868191145
0.15290257248580472
0.16161783026434529
0.5504483019477744
0.3423794559237716
0.0
0.06789539853588025
0.009565685275845512
0.029710748191347433
0.36298225083539365
0.0
0.0
0.09887520231338684
0.20157213820080272
0.33656974293428643
0.011532387757174857
0.061561784608125385
0.3015616603766131
0.4412024392104229
0.18414147017563093
0.0
0.024950971851524097
0.0
0.6199004868100975
0.30053707516854355
0.03428119049463644
0.020330074771019727
0.025532107272639288
0.0
0.0
0.2488816070976717
0.28646446378248225
0.4391214857949241
0.23082638050988008
0.06444195269474016
0.10464239675183076
0.14806926069137938
0.3547300538341012
0.09728947652154536
0.09733908647067438
0.2656457383795988
0.4855293244818372
0.11708727185889434
0.024862990609321862
0.009534522207724456
0.07082339479869616
0.42090802794793314
0.4242801114088593
0.0
0.08398807186517065
0.0
0.2400340365668249
0.13482075914858627
0.26695778986927227
0.25411772774881985
0.07520873114358272
0.028860581936829423
0.15625742019018493
0.0
0.022170494100097363
0.11667120149482894
0.42964999162201784
0.2752505619476568
0.08203042656332658
0.06394425862009162
0.3350969676767678
0.15622336956863234
0.22356971956405408
0.13913437125977018
0.4500818323574535
0.1813596517021208
0.0
0.06592737319858978
0.1072567989495067
0.195373374322962
0.16054494565149735
0.11454124239942691
0.025554284081836205
0.16703214685721549
0.42607767166280486
0.10624907366060929
0.27343335806843094
0.00829918989315078
0.02019280104630211
0.0
0.09763932147989203
0.6004349145527357
0.2682138528877772
0.3122059054848104
0.09617816533711764
0.1892325608780348
0.05669060530721687
0.07747834856416837
0.17459015096250607
0.20473496532796737
0.27313702818721447
0.2696802882495236
0.07785697427742051
0.0
0.14492389463562091
0.15004488593934828
0.03530130140358655
0.20393014401529652
0.276615405321254
0.18918396628472461
0.0
0.044338000393417676
0.3006118129232428
0.3546085704473138
0.09451170890331757
0.2059295948141608
0.13392404257795396
0.13581387551115032
0.11736301477257605
0.3074672116695529
0.3054314439487565
0.0
0.05458492487610061
0.006298259839440935
0.11124908964549034
0.5262631956410457
0.14655973014440182
0.15504442872497193
0.0
0.0274192015922811
0.16096160087897088
0.5495227758090465
0.15028200920646634
0.11181393721834405
0.061084005698194395
0.06316833173089413
0.19967009031074207
0.1579994815389227
0.2281219584416859
0.28995558478759154
0.16377254580256026
0.4078919511277003
0.10819592471974851
0.16992170382555769
0.06457218498788592
0.08564523619462293
0.3770804135601127
0.0
0.029572309304966665
0.08289943856597419
0.23530039535104766
0.27514705887011826
0.4130783122078956
0.143712874043963
0.025487260953194202
0.15628225326502362
0.1044977626571944
0.1569410863173736
0.1669968211359622
0.0
0.12703517030318615
0.1646605435463469
0.2211849593781884
0.3201218312994707
0.05124295182459685
0.03129130507741797
0.04425259135931025
0.649127269417545
0.1877191290035411
0.036366560674521896
0.054013327010161476
0.037750435479461664
0.5495676819077718
0.32113623182286544
0.03753198494317357
0.0
0.10850298501777361
0.04357212986584373
0.13555216558779815
0.10687067330188868
0.2548318724770935
0.35066993490407294
0.21709811126103004
0.2583097380055014
0.02597212106554974
0.08179284110185396
0.1502972801538615
0.26652937104520236
0.01679827572614789
0.10804888890515141
0.1846993893316223
0.15808437674056067
0.2993908743219182
0.23297753096449134
0.3162027530162725
0.2786759586144113
0.2654371460040725
0.014019505327782414
0.05069737628847505
0.07496682602257365
0.289218133086449
0.3852470005536108
0.06879022345323811
0.15971032860464685
0.0
0.09703354604517916
0.015879531808733863
0.13706235397925212
0.5036370231235134
0.3267045775387634
0.016715860905026726
0.0
0.2409822454410352
0.105674102350079
0.11944687768745321
0.0
0.20965478714659364
0.3242416659038772
0.027828604302785852
0.0325365349921303
0.011920464999122915
0.3212579407082048
0.5384986863718243
0.06795710225170569
0.0
0.04658324779255596
0.273791263458572
0.6796250437852559
0.0
0.0
0.08420006814682797
0.2848079447526676
0.15828614145483538
0.23421241485567243
0.14660087457267434
0.09189186512520842
0.10623009229690851
0.24603863292532463
0.3458294222538177
0.008020053608711738
0.19382225400759398
0.10005864823842493
0.04331110593779163
0.07208350472529652
0.1379928320115389
0.15214127745414668
0.2519704657700967
0.34249980293468435
0.1622722216648786
0.0
0.0
0.25688177299879217
0.17110486322252846
0.4097404573898523
0.19997715795487897
0.5529247790463471
0.03118312749654274
0.15898096700425515
0.020634417412342655
0.03629895141008262
0.16072790026620817
0.3446971369934884
0.1810061632048328
0.1534402539886539
0.0
0.16012801975298221
0.3489372172712145
0.5022791948081512
0.0923580138805627
0.014337927479194696
0.0
0.042087227028980906
0.042966707800163914
0.40004561453099907
0.39615188822989655
0.1608352007986455
0.0
0.0
0.20917015323571947
0.1162440324747049
0.10385497029745706
0.34335145981248877
0.16495228960662894
0.062426263919319984
0.0
0.40662018299473435
0.5198330550733394
0.052973263038379334
0.0
0.020572896924645454
0.053745976096816535
0.03893283040507051
0.1715938597726104
0.5397680900817994
0.13623816990802678
0.05972023911999369
0.028408725835248772
0.0
0.5098279606292492
0.29060150865737616
0.0393958129564567
0.13176536901916894
0.10355461865535545
0.05289635977725338
0.006611415660296632
0.3955066030063582
0.3363190374875332
0.10511144273493542
0.0
0.042124028656285825
0.07926241875723522
0.1263385375519641
0.6652426682343585
0.08703196328350564
0.29812146195638173
0.0415573092168361
0.3126927376155395
0.14980077445758322
0.197827197287302
0.0
0.08426346154001206
0.28065924379053075
0.30453260128628434
0.17599487909337702
0.13522692836250552
0.019322286768602828
0.15621651415084897
0.6606324376865139
0.04343467434493933
0.0
0.0
0.1397160382591446
0.0
0.44808282332473554
0.2512138935174325
0.13614034270564465
0.09126219148305155
0.07329985926312663
0.24337236984834862
0.052154426558044455
0.05736883531245488
0.1591153840394316
0.10430885311608891
0.3836795284158675
0.16104516611778993
0.0679242058964832
0.30892860348686246
0.26367856305657345
0.09964270311788401
0.098780407584024
0.20144111364276943
0.2438200646803789
0.08616849917707309
0.32433702399738173
0.051372396814866376
0.09286054562097695
0.3301730282373115
0.0
0.10110332851912086
0.15017187803697857
0.27592234439398844
0.14262886502045705
0.2754159897073127
0.07618909135233894
0.09989378696790382
0.20636628307856075
0.21201382022151322
0.13012057387493672
0.13962936802865888
0.03511269309637229
0.150741002039207
0.29420742714988257
0.2086594147146617
0.17164975013200753
0.0359729035186045
0.11443918168065002
0.5747295940760391
0.2118061409307342
0.06305173537075583
0.0
0.10809629297611373
0.44343417219616266
0.133078669112642
0.18256169557636356
0.07377767263910547
0.05905095407568937
0.06241927945369575
0.19506713893784405
0.4025639650007766
0.10704437835952843
0.1386371091398104
0.09426701791439747
0.09413487971679611
0.2714202290452914
0.1867111116938634
0.14947438417883968
0.22749890238332762
0.07075998081973948
0.01748427182697528
0.044189767032783746
0.0
0.2038053499447347
0.34855142775595516
0.3859685590012743
0.0
0.0
0.0
0.2581795604897755
0.5984605037229295
0.14335927647120217
0.25686253705949896
0.2239852670566355
0.12703442387735203
0.10432312243324435
0.0
0.28779381645331453
0.002443032418340085
0.215918712014118
0.6735372305030293
0.058632778040162044
0.049467636266232365
0.0
0.02644433195079145
0.18914853657709882
0.30780789063628483
0.29499296207604625
0.1816055396182585
0.0
0.1797024739742533
0.052348328484379474
0.24324621795238616
0.23065385092697727
0.0
0.2940484908366179
0.35046598650857413
0.0786770607930086
0.33259856220533757
0.08031995169842569
0.04708009164089232
0.11085776587375024
0.30047839848025626
0.06907309355595655
0.09416066920239959
0.04873831300398226
0.0
0.4875490394718746
0.6613323634746286
0.3057726514323641
0.015740853695189985
0.0
0.0
0.017153704683441545
0.2157418237172543
0.1972246242809253
0.3336327439864202
0.04498376870088377
0.13954369804263048
0.06887233540422696
0.1482778889890644
0.035142066500211046
0.4231636343217508
0.1317074072079245
0.22902437187606525
0.03268400987517446
0.17612978244851846
0.0
0.11420449923589977
0.14032969386460645
0.1201169791003227
0.4492177962987995
0.3356741000630485
0.5540663047320107
0.04745604549844638
0.003489037527635631
0.0
0.05931363991945742
0.19764121674299956
0.7033253230055007
0.0615397071439655
0.0
0.03749273644296569
0.0
0.08270588302934062
0.12854557666888927
0.24900544518614628
0.07986599089138578
0.03063051725067793
0.42924478205288324
0.07021356947846304
0.07689503692636587
0.060821479782022216
0.04017172999535934
0.45667170960403264
0.2952259171320707
0.09963448228980967
0.21707050792241817
0.18170961099534194
0.3552258784352646
0.14635905735922902
0.0
0.11697223806926339
0.09362781279560115
0.22815162762136262
0.21222289849278458
0.26734949647646394
0.08167514638276646
0.16618716415805226
0.7123495153326064
0.05599384306681498
0.05008241467330406
0.015386615604807502
0.0
0.1707247642397763
0.06518630533986501
0.15122415608384696
0.1607568065294363
0.040290329385033394
0.411815910988387
0.2341217788557268
0.08012665138800028
0.11453348180187665
0.41568474262205574
0.0
0.15553254406582667
0.15822035360301007
0.03403912819908889
0.07629311096174361
0.26287495050586646
0.2626758020370185
0.20589623995185263
0.16898334427464015
0.16833600202607318
0.35466364254551447
0.06601850479902772
0.05473285180351623
0.1872653021905837
0.19383065649953976
0.33031251203489614
0.07459737129481647
0.09441807990245493
0.21432035489221113
0.09252076481106142
0.3658181359413001
0.2178389026599893
0.08812227950508732
0.09205834564348757
0.05356115077184387
0.18260039917354223
0.581310917658399
0.058966541778326095
0.05319473382739426
0.12973857059818825
0.10933238879846811
0.06745650488071754
0.09829227237351122
0.0
0.057584356344679795
0.2449548796753143
0.28012794156607446
0.3190399647561693
0.09266208878961738
0.2089975689545839
0.36810714998986244
0.26932436088450595
0.0
0.060908351481069975
0.04983517702820908
0.6775726489600788
0.12424708853947551
0.0
0.1483445817234244
0.0
0.23551669484078874
0.2712577774428274
0.12669500834045433
0.04090026564197678
0.0
0.3256299076678913
0.03195137137795891
0.25297166785632885
0.1336538046851512
0.12191528980225234
0.36660090501089443
0.09290667778948718
0.0
0.12865526371988847
0.3096352125048285
0.4939572104595134
0.007900837992768835
0.05985092749845226
0.04603552949833954
0.3028738135196413
0.40645260062795063
0.21649898979577895
0.028138637647571674
0.0
0.034109397678283
0.0
0.28251574419773823
0.35800493122003424
0.3253692999607914
0.0
0.22106987074639708
0.11128262304819822
0.02806505306547147
0.2537867306061988
0.3582913279797394
0.027503696409668904
0.22316415685887925
0.0
0.08706991231284378
0.551849006747835
0.13791640830501214
0.0
0.21183891752754014
0.1529723214478558
0.15041701970789767
0.08687147870888329
0.0
0.3978998412362525
0.43408779721783947
0.215464232834694
0.20707173512907331
0.06619705265457065
0.0
0.07717877852325408
0.33442635520329655
0.0
0.0
0.09561611083846097
0.4398551037124123
0.13010073997589902
0.44742407304671367
0.0
0.0
0.0
0.08193825191011556
0.4706366813959328
0.06903478398911848
0.07674435931798304
0.0
0.26096309042472865
0.1778876121670428
0.4153694643048868
0.2995045559179302
0.44162934945530435
0.1331475185082628
0.0
0.08066234652990958
0.04505483249752281
0.5569553439867823
0.13515960659253787
0.17856551935466178
0.0
0.02461952771459402
0.10469904112037356
0.07868722536761534
0.03518999792229662
0.42430682947746573
0.0070379993222734125
0.2261334821800043
0.22864270623047475
0.1521114491154108
0.25339420818235875
0.28398269134772086
0.0
0.23822941367532285
0.07228084766283462
0.3366828395557478
0.3028752579598594
0.04205619503750001
0.10341778485915976
0.02708086131236913
0.1878859001929912
0.3341855452842114
0.3767983485196285
0.11089375913775157
0.07626385850620872
0.0333235765830751
0.06853454124918792
0.1710141622008776
0.0
0.3423229026257823
0.21486919640665814
0.15363827215758288
0.11815497975015694
0.12770485942249563
0.37399813210075894
0.274591675634634
0.0642293997964906
0.08425527215648847
0.07522009518057361
0.0
0.04172056360123218
0.1233218476764963
0.5536728191211752
0.2812842683605483
0.0
0.357058163077405
0.15041327621697853
0.0
0.20180204249030131
0.0
0.29072600477641986
0.051517261782821865
0.03462921674603226
0.08117592445932632
0.11123818257690807
0.32957485694326366
0.39186412134299137
0.03764594748417875
0.0828255507152857
0.17309989770896417
0.287816911132967
0.18079042054508046
0.23782067113569927
0.24800338898184304
0.09454369929977365
0.0
0.06516165421028516
0.03221840257249835
0.5600723131245356
0.05104351944000438
0.022655837294300187
0.06758886334175625
0.3556779086472585
0.1964312477393002
0.30660205714145655
0.50355339467121
0.22834518732383155
0.13640551226568312
0.01664850316567087
0.03839148801934075
0.07665546310833328
0.0
0.17910162819870729
0.2529076842299503
0.27273865739731723
0.2952513505068099
0.0
0.0137502752509336
0.09941939520825024
0.27343138988444676
0.12154689162626818
0.0972688048756623
0.39458275207318205
0.22031679667419607
0.1689984504308101
0.1964168860066548
0.24645461714672579
0.03567948405580854
0.1321334166242722
0.09975111603662079
0.16725197861576757
0.23888692398237935
0.08789208043196953
0.21204874602089507
0.19416855114693035
0.0
0.1848959492723771
0.6613313610427347
0.12806926286500359
0.0
0.025703028311341275
0.3965471385698962
0.3889573332233157
0.15444660885598901
0.029685340089058872
0.0
0.030362658758405558
0.031032550513359472
0.010971663336811155
0.10085578772335252
0.291666018178892
0.3733940598340217
0.19207798087911282
0.1424869140242913
0.0
0.03328241998422528
0.15045785867636122
0.4761282961501729
0.19764368323376322
0.07391842320372802
0.5865776505349544
0.1770018178040168
0.07371394803046678
0.026577942687781367
0.06220960345617684
0.1442766871226465
0.1159848567483791
0.03004749006808026
0.22314401470438047
0.44729696144928377
0.03924880217597357
0.18598601633418985
0.03635181935832526
0.21341912522414272
0.3287780877483531
0.09760418248993458
0.13786001413149995
0.0
0.10286815981755225
0.0
0.16790091606779084
0.5296366862052035
0.19959361085103872
0.033316744101618126
0.33988913627420764
0.1212840477139756
0.37693538554438566
0.059970137276619075
0.06860337116446423
0.007140690314149298
0.0
0.0
0.23560237322927105
0.6393654660812516
0.11789090585422779
0.24229722896798855
0.10851482693562163
0.12345813547633093
0.3539881327753968
0.1078402892027127
0.06389825377224162
0.17633690363660146
0.0
0.0
0.3821671241714555
0.44149207939199214
0.0
0.050352952190177984
0.22164164105557096
0.5052790891558862
0.19336397553592924
0.0
0.029360561816820455
0.3399461227961508
0.3592758286725074
0.07874779745120587
0.10726170991102361
0.11476488539446697
0.0
0.2437224727937679
0.19831330730496333
0.21199737154799636
0.06556589238297622
0.09602165568835087
0.18437794392500909
0.05793530379864337
0.5472779720902509
0.32927826084111556
0.03719811208084567
0.0
0.028309888520308156
0.26122796144840105
0.26146099673999146
0.035975609706081005
0.011828706861043668
0.2736063286922591
0.15589891796383312
0.26052185118132953
0.1455041137866547
0.10692087220657973
0.09853003584180194
0.12517361685555342
0.26334904645310997
0.24087261710104527
0.06007732485155567
0.0
0.0
0.037323822938509686
0.6617259156230386
0.11544159384305985
0.3398084689360756
0.21178829925219209
0.2628238680721617
0.0
0.07013694967944872
0.015270439580693563
0.029276563991794395
0.0
0.1280326773376711
0.7835766605378512
0.043843030940814584
0.14897823029995833
0.08705935860543446
0.05919575829315319
0.02475411215582948
0.34951354315668665
0.3304983055904954
0.017950968008727416
0.2174729168744024
0.6081330180252942
0.15644246242904486
0.0
0.0
0.2438187953471398
0.04885168109924802
0.07847639332972069
0.15881104373255311
0.2516176924169766
0.21842376507699468
0.0
0.5109572371412882
0.3368546010267033
0.07653850569701891
0.0
0.07564908284102191
0.6849240487965219
0.061243089565665126
0.09843918063487887
0.05840750307475416
0.0
0.09698554545071736
0.05566457149084088
0.27220657859978553
0.4778492360128815
0.16870817638193522
0.025570619019013693
0.0
0.10076355897479038
0.03017110309088556
0.13619628578151402
0.33588233108029875
0.34243364569067375
0.05455241383666094
0.22629308844845966
0.40343131400295645
0.26484982095790177
0.02070096759494976
0.037655418673350025
0.04706876273209606
0.20859613417963405
0.6785047408123749
0.11289842997410987
0.0
0.0
0.0
0.0
0.0
0.48226253278322695
0.36980519375074666
0.11114606450113293
0.03678542326717748
0.0
0.09794332231623878
0.3588362938711113
0.5142630816934087
0.028956060638359066
0.0
0.05116143491241139
0.07300504019104831
0.29500017145473306
0.13940078074090193
0.19091615084855565
0.25051581347703894
0.24003963292287797
0.1796568428339461
0.16174280671225097
0.052021253784256614
0.26961544705012064
0.09692275704781272
0.06409666705536399
0.3670869317020708
0.15787333515994892
0.12819333411072797
0.13830784452144917
0.14443988442954903
0.11648018415177802
0.2827812246450147
0.2001439081666189
0.038826728050592674
0.05659919602541969
0.3051663322900187
0.11112525030731829
0.5877778447425405
0.16079190603452487
0.09054819333846797
0.04975615880432788
0.0
0.0
0.012314046532371161
0.02628279369938309
0.03245036398401696
0.6596817078847318
0.26927036228729073
0.12650099303891296
0.0
0.0
0.04406760797720331
0.7640288612005806
0.06540164711956176
0.15381967238887606
0.08033245017392365
0.07601705807890195
0.059671519364186014
0.12275276172303677
0.5074057960787736
0.0
0.018996265821721918
0.18182206963049402
0.2532672265318062
0.21950317709250117
0.3264104464652828
0.20683881246038135
0.1695106987148659
0.10183182857738154
0.07305771479288999
0.30761959225201746
0.1411398971737535
0.67710278909063
0.18907651962568278
0.087038056117512
0.0
0.04678155392720124
0.0
0.03595210168500999
0.0
0.4783385711618105
0.3121592458896201
0.11504418542869413
0.05850521248795143
0.0
0.7150873140816594
0.27627547300299315
0.0
0.008636875702010209
0.0
0.42623259656517476
0.2763832325938623
0.22363633067510208
0.06330127489508101
0.01044594973724131
0.0
0.19386240333427432
0.13189053711024873
0.09015303960356509
0.09258810950456854
0.1748948201660737
0.3166103913994871
0.0
0.16872216195785636
0.5637083074657583
0.21219622174245498
0.03065649043543704
0.024716051986243923
0.05174549220186604
0.009362113290938681
0.022535518721356135
0.06965370629998163
0.76975164892271
0.0769511191658438
0.23334175370550578
0.46902057084129006
0.19252533464779037
0.10511195904027174
0.0
0.0
0.10277000758440165
0.21134389250159058
0.0
0.40963485848296
0.027451735984067235
0.24879855372927126
0.3369146309891111
0.33256897097103855
0.0
0.032283623536843234
0.0
0.29823244528388443
0.16144073122064065
0.24514644710271588
0.3687702606227476
0.03329891463950605
0.14469710439288733
0.0466453985320686
0.32553701944379176
0.0
0.0
0.09671217326501115
0.3010133159476309
0.2767367465844897
0.10526735915933345
0.06762474450655107
0.21579514791361712
0.2518675940070162
0.22616710179521018
0.1332774397695523
0.0
0.09046822670086359
0.1954128477181802
0.38405411098974285
0.129992034462374
0.20007189953691015
0.0727745823001396
0.1110827065906435
0.47049239047448654
0.17550489327815672
0.12556024531372179
0.044584731485111426
0.1779085710674181
0.30111006025476966
0.0
0.2126269187193765
0.2546072227479856
0.05374689337236581
0.0
0.18703797352561444
0.7647793951516494
0.004354608227193852
0.03408973384435843
0.009737200599102786
0.3682279419247712
0.43647365634797003
0.0
0.0
0.036519811935901925
0.15877742082070012
0.06152743029266732
0.24156485645812412
0.5376684103573522
0.09229114543900098
0.027730038693992518
0.03921619602662326
0.0
0.019999317555750455
0.0
0.0
0.6166162435764548
0.3633826711611037
0.25041927970972605
0.3107858863875874
0.2660882297830713
0.08718196880506826
0.08552319708636918
0.0
0.08472163921068207
0.07199402246353347
0.04267438063937981
0.157307191557864
0.49864535652112213
0.14465531732372525
0.0
0.17059399917403195
0.15676279883017177
0.285126688966628
0.1803669622922319
0.20714783540655965
0.4988033932013386
0.34958307060660804
0.0
0.10642759765858967
0.009397949554873164
0.03578632764007106
0.0
0.030047908886830385
0.48874426711260216
0.16086203786516134
0.023689085317003648
0.296656284128861
0.09161839216231106
0.28762945129323036
0.2769511180559465
0.12378421231156068
0.1444407291486439
0.075574970043591
0.22589684039517638
0.35651878861121145
0.0
0.0
0.0
0.4175835073507699
0.2729180116813081
0.18398081718182024
0.02764556115855891
0.16586618365842487
0.120441101534615
0.22914734736712977
0.07138423985716216
0.19694982711681144
0.11435419323418232
0.0724615744514991
0.44701004820885376
0.09783934748218537
0.047504536269379775
0.033583927874794306
0.3865599796416893
0.49318546439483263
0.03916525222111965
0.0
0.017668531629538888
0.20694520360926721
0.6131250483074507
0.16226078742387307
0.0
0.0
0.03462942741038062
0.48127248496165753
0.355869790613264
0.10436672833416832
0.0
0.023861097084220594
0.0
0.6925421075726328
0.13303140223752294
0.1744259548446366
0.0
0.0
0.0
0.25045312836276845
0.5682494686262175
0.18129616882340954
0.0
0.0
0.09722160437411559
0.16335382770557264
0.259133160967135
0.380784631412556
0.060236390593680564
0.03926932010798283
0.44802993078424574
0.17214285351250197
0.05645156693706255
0.12313277615863578
0.10056637009533567
0.0996757371331957
0.7647531313453356
0.23524648684060093
0.0
0.0
0.0
0.0
0.10929902867218379
0.47229546146917906
0.2997623758808711
0.06314600502168904
0.055496393705404004
0.0
0.36272794047229473
0.460956277188887
0.06650266919262145
0.10981254120586531
0.0
0.0
0.0
0.2517444580877529
0.4983239096068079
0.028371937277265172
0.11388111688057023
0.1076780494677725
0.0
0.0
0.37459035806402513
0.3257092748350361
0.04433870823074595
0.25536103629267537
0.1076899200013734
0.07875103059743198
0.2557882381560976
0.1528013937995626
0.2781448486860245
0.12682413893267305
0.16826279469128658
0.10766752489797472
0.5866210020102196
0.0
0.060096685255200066
0.07735149915360516
0.10935537102865517
0.026953549390928273
0.18453881560207439
0.3509930687760185
0.15128476113277942
0.17687400789650592
0.644036368093539
0.0
0.0
0.0
0.0
0.3559628104965144
0.0283408723536811
0.18988394982341417
0.3094335652406469
0.25958841848036385
0.19316794312289967
0.0195830615262386
0.1501699897984186
0.1043971527319825
0.20798282122542422
0.21819380437472954
0.2825727598945529
0.03668142142117505
0.6713213788601172
0.0
0.07228155374315033
0.07216387851848916
0.0
0.18423170591973514
0.09862225962188843
0.17434118332144732
0.1102630449598392
0.3872946424040939
0.17434118332144732
0.0551315224799196
0.06365256189169412
0.018003662400461157
0.5957312056861753
0.09068077792534338
0.12602563917447077
0.10590297029380805
0.01725803183083606
0.0
0.0
0.8918870747397475
0.07359549723145482
0.01725803183083606
0.11962480421519255
0.43591030767643835
0.4444635521891735
0.0
0.0
0.0
0.013074581766849556
0.0
0.5633909592930642
0.3850520439138512
0.009245125330818546
0.029235655372659194
0.12553940567395552
0.15774469694949372
0.0
0.14924015317771724
0.3484119635478654
0.2190621039617019
0.06644406766893289
0.5039705427533715
0.024425324985244565
0.0
0.19766741985543337
0.20748991390276944
0.3595052736970239
0.34184326149267785
0.03755504309889225
0.013947592261955409
0.1539571346769199
0.0931899513234591
0.16111016732641165
0.3616231450313109
0.14966779123514445
0.08334215161782689
0.03271045004529836
0.21154579239723806
0.4745762888027921
0.12272141191390519
0.1874036707494158
0.06343292458663269
0.03576224428629327
0.11610267552190769
0.03709221314474182
0.4181468764682563
0.15732273998782312
0.11060458382014754
0.2768326450431094
0.0
0.34759906599962087
0.23850395140591027
0.05318907451395509
0.032292955914790485
0.19552100800816452
0.13289314084021264
0.38133791486161406
0.6161154350691954
0.0
0.0
0.0025461999603611832
0.0
0.3705979773370759
0.09270285187582497
0.011832153319432177
0.10133577314504506
0.23796290448631097
0.18556740442251796
0.05001305135633671
0.21776756089375862
0.16899022873852657
0.2324758436687728
0.13890747129931272
0.19184405786289468
0.0
0.02329340257849709
0.13246044202923554
0.36756702188448825
0.39258769630706947
0.08408982209383578
0.2410599494875137
0.14007331145042015
0.15370720792885167
0.3078283526315288
0.05268132985367503
0.10464831762802287
0.3006954075312162
0.22094574303647527
0.3260272448807623
0.10267619847804917
0.0
0.04965481760745645
0.05922447601250542
0.10046173818783637
0.3035943076089884
0.2846037286794695
0.23925199744649658
0.01286273517626637
0.04257200948920517
0.0679229690997709
0.24203062197350522
0.16811383027131507
0.4793595338658362
0.0
0.18836960220075977
0.3136097588039798
0.0430939445968042
0.23052871090217425
0.0
0.22439721591718245
0.025206765072607742
0.1504317254312851
0.12603648280424098
0.35812968237995196
0.2858581292968036
0.054335954676875776
0.180050396506877
0.1533664537659775
0.10316130607940545
0.3406445378422808
0.09948673973350762
0.12329013712225691
0.0776954758738097
0.320961705459115
0.3430927371987086
0.17396120182756034
0.0
0.08428856557545812
0.011833560692075478
0.19979937710909224
0.6618353670151997
0.0774857791865568
0.049045474986311566
0.0
0.41374332003713604
0.008417697376681587
0.271184057132317
0.11911452460518993
0.0
0.18754007219281385
0.5158197288462879
0.16982698886874223
0.013544686649309228
0.0
0.11024691666403126
0.19056092180065617
0.0
0.26343195935847535
0.20821081518659726
0.2785503898241718
0.12268682777114724
0.12711737778238424
0.11981907096750945
0.1745612418606097
0.12384858744747813
0.246104373548785
0.1357323250361946
0.1999321397556346
0.13621318227285334
0.48622953044159684
0.24679413738268186
0.07459949297479013
0.05616213401838468
0.0
0.565322516847627
0.22827799688876918
0.15823712128479334
0.048158351782738806
0.0
0.0
0.1849110118431149
0.06959559908045207
0.0
0.20522540959684535
0.14902209798182983
0.39124414160780685
0.11138865738487466
0.11864729638289599
0.1365665817834301
0.37792604318192535
0.25547090873272316
0.0
0.0
0.0
0.0
0.6731956475253065
0.22781972337203998
0.09898356770609615
0.0749258143322964
0.07976078342682263
0.28790040142930956
0.5574116046514681
0.0
0.0
0.4986815866314075
0.37131792652269247
0.0
0.03373168381717901
0.05098103540540381
0.04528683063213738
0.0399858346808446
0.20541150417058768
0.07422914028376833
0.39811806424775936
0.19628362204904454
0.08597086362610748
0.616176509319714
0.12504224058347635
0.22499418406984323
0.03378629815654967
0.0
0.0
0.04049162403981221
0.2618612330307915
0.37477113516425403
0.21516071577095905
0.027777024989878208
0.07993703942159389
0.010975723754328962
0.46783847000643686
0.5211848915955676
0.0
0.0
0.0
0.4553034101068636
0.3663861731581732
0.023709560780537157
0.08500365540414659
0.0
0.06959650680168841
0.4334946063723395
0.1253860983743966
0.0
0.12377470352736906
0.0
0.3173434914923178
0.0
0.05208284500715098
0.10442937972654051
0.29720151916805626
0.3603397789894414
0.18594601675717098
0.038507081587115306
0.12644721863990782
0.19701526996221896
0.1633916672153994
0.1654318942342055
0.3092059056841277
0.27652872464514455
0.13128153404028325
0.258134742900227
0.0836742810794667
0.08891431249152498
0.16146563896006363
0.12579595055331252
0.14124358127468875
0.19327362594271158
0.15141053085233527
0.23366141629506434
0.15461347436151107
0.0
0.09527365848475453
0.450207515453715
0.31994668015133576
0.06383628052345934
0.07073512142446374
0.07945044356120107
0.3351198756593764
0.044724841520736205
0.3516990836187633
0.11456717792737585
0.07443824899555791
0.16343788334575576
0.502338589431631
0.18278451816567026
0.031385605861045954
0.07018034451284166
0.04987250385871262
0.08271743396722818
0.42791193062175786
0.37515291680826507
0.04382890132889879
0.0
0.0703878211624509
0.043273346978102235
0.5134554764164865
0.014766537577424146
0.3979041518966359
0.0
0.030599591778464663
0.12498557312202895
0.20603959158649085
0.1635563801495415
0.16809152833052263
0.20956446716920105
0.12776114702515295
0.6451022579139065
0.033599669576958466
0.08064629764248314
0.0
0.04232734473874891
0.19832414116196523
0.059495495430332855
0.3116609189666002
0.2597950289920398
0.280035497706045
0.06407553368848445
0.02493675196063243
0.21294882615233995
0.35022978648479475
0.11559927147741395
0.18764282878282332
0.07112887930786242
0.06244988269055969
0.18219086003528884
0.5370050974225682
0.05716732208703631
0.049489681862120063
0.06655955681055774
0.10758714188590916
0.14545975831311186
0.10189347973850328
0.041514646997570355
0.40421809085058097
0.13135300584276083
0.17556031532579955
0.12265145125835686
0.0
0.0746688071886855
0.1768345847601419
0.2418665851079804
0.38397764314636446
0.06895675943603481
0.34914611235445697
0.33801768010014144
0.07381870421049717
0.08992792027249472
0.0801313507829609
0.22827452642540655
0.2015053001906872
0.18797587746863448
0.029136541625091373
0.0
0.3531053262449908
0.03356037268208374
0.1526446737750567
0.046124319883912863
0.3020705777083363
0.4405828328538828
0.025014426398941608
0.19299641750321028
0.25442324891060675
0.2065846858803488
0.26592753910125655
0.08006594755826585
0.0
0.29674501757083704
0.0
0.0
0.1403748766929967
0.04950454141034883
0.5133749639950843
0.4373298080294086
0.33757487318830165
0.037597374516148585
0.03992092982232657
0.07678466133682348
0.07079196449196606
0.0
0.0
0.15064471521223302
0.6833582798803753
0.16599552928665665
0.0
0.2581073920795163
0.016440713720605522
0.18241558438037905
0.13145753513822564
0.14494562581981352
0.26663232682578625
0.09338387516573728
0.5089259957073407
0.08747161430227207
0.15817326087453623
0.15204462541570646
0.0
0.0
0.39552416487342634
0.42831009588696817
0.08360341246933835
0.0
0.0925617163959417
0.15074254516512414
0.0
0.045327043005566704
0.0
0.21136693597281653
0.5925623752186026
0.06898432860020873
0.3524668819021098
0.184213766929679
0.2282977295430425
0.11845353141232196
0.04758189101237438
0.4401324621793581
0.2446275973624286
0.21163874111352807
0.0
0.030171651014523043
0.07342837032511938
0.18617973062151774
0.1356554579112138
0.2561991448348998
0.01873454296465196
0.06285538781222154
0.34037526030432996
0.40745242233791407
0.1388987601915376
0.08271431152817019
0.03275959738502655
0.15712895640514182
0.1810455639137368
0.0
0.11671103123156469
0.12381083726226848
0.3175023376940035
0.30413070718059715
0.1378446400832418
0.2507363465036317
0.6446936044594822
0.08107746742595738
0.0
0.023491574417965035
0.0
0.1124738693207791
0.39530879051368173
0.14469787522989996
0.026565178989744156
0.16074507915676348
0.16020821676337416
0.1689507339115565
0.3460653841250057
0.34787103844088774
0.11766137499302591
0.019450119906357026
0.0
0.40214123972262306
0.26968700364261455
0.04008288901676346
0.02730105499637643
0.0
0.26078735760405736
0.5202354790259819
0.1151978118552725
0.07713757246219201
0.0
0.10847437255670701
0.17895367584146213
0.17546316096533454
0.05898750159639638
0.13437444245245367
0.09159607890283177
0.0
0.5395775226964924
0.0
0.11034502341104226
0.4409214232093229
0.4487329986497503
0.0
0.0
0.05397344363645057
0.1500762341595807
0.5167079050277904
0.27924196764717485
0.0
0.0
0.22231247361453896
0.4444256199540095
0.055369538375809796
0.10501679345128984
0.11912721872665753
0.053748038811861944
0.0
0.17402723944677095
0.6642926187574475
0.14261213878572385
0.019067659879997274
0.0
0.14032236479291374
0.2048228045497747
0.5266333579646039
0.05668907763471221
0.04454557024246817
0.026986319137982353
0.0
0.15641149167990237
0.30275176086872524
0.32262077939006867
0.18200656899111645
0.03620879015349494
0.4138557657801579
0.1906718761191592
0.055257261530086886
0.0
0.0
0.34021471706217776
0.17247859066170473
0.21457726776158884
0.6129431878251741
0.0
0.0
0.0
0.06800865124645734
0.0
0.059419070815667996
0.21534237630126418
0.41979670735516017
0.2374326832619157
0.0
0.24041249038361454
0.2269822784498114
0.09760656330259672
0.4349979539553181
0.0
0.0
0.5570980466759093
0.3411576739305751
0.10174376726424193
0.0
0.0
0.2692508134546586
0.20962473794867095
0.25945591610028995
0.06369402097964118
0.17896743928340622
0.019006140380615023
0.17901123797527493
0.2878021711731892
0.0
0.2088998585415648
0.16902316970338693
0.15526175130351616
0.13789633163495582
0.43423439646909895
0.05017019737096908
0.1295490920596279
0.12048290583464305
0.12766560863625087
0.1926605418484881
0.30567418549444453
0.12934377793242433
0.2860223111958178
0.08629409859990989
0.0
0.024993095954370017
0.005890929148474065
0.0
0.0
0.09361593826280831
0.875499515944837
0.46381335996738104
0.16614645124777438
0.02564260567818768
0.0382991822697654
0.057949452921453586
0.24814831929933492
0.7339554625200334
0.0631265378670363
0.03485580065234176
0.04436419112634233
0.0
0.12369677549565282
0.13377830350737205
0.12625847448829045
0.0
0.3112593262341233
0.34726576319982144
0.08143719006990548
0.16869554165430753
0.38610858185733454
0.17194632854806258
0.23647777090434377
0.0367706057277797
0.0
0.08123912377822907
0.4949448056102763
0.18949995269910114
0.18987330390482557
0.0
0.04444233275477725
0.09654625403030118
0.2046358765271396
0.050586750087313066
0.1675127097663342
0.28120397213134535
0.19951383591599814
0.10404503812069578
0.7538554992532871
0.12714632735914327
0.0038701835923987803
0.011082518974811639
0.0
0.03947993258649261
0.07143202956949987
0.20933837659005397
0.3274273079820204
0.29289949863853837
0.059422224063318325
0.05870405607009609
0.0
0.0
0.27543538492861736
0.5698597058058545
0.09600043683439331
0.0899271966651499
0.21063508564743635
0.03736016301806794
0.24125613916160082
0.30534203493631
0.11547843223396616
0.4509116970194815
0.2314018442595329
0.07177664450912953
0.16471298440973636
0.08119635824006509
0.0
0.23039434902404138
0.10188889972608864
0.145264878817105
0.0
0.3586998891282595
0.16375156523513426
0.3910342271487997
0.20082897773140546
0.15049422907655832
0.17528420047403975
0.028491507675734072
0.05386594590255495
0.22697737681779404
0.26526194225786137
0.018318844077849714
0.34631256612333616
0.09642375452545644
0.04670406796601027
0.1609399604274078
0.10238376212417521
0.1097828946685087
0.4180653975493112
0.12163587269309592
0.08719131392680704
0.20100716552563336
0.09791729164300017
0.38941779511358604
0.2161176736473942
0.020993038336305666
0.07454636376331979
0.17318186353433507
0.0
0.07992678270110379
0.0
0.22902981294524136
0.5178608203055499
0.019521612273211843
0.08928522144474715
0.3131626286609332
0.44560508605065596
0.06122674140423033
0.07119801296578618
0.11057332422408245
0.11369341460764007
0.06740915604258818
0.2750418646709362
0.3947597169434936
0.03852108791508846
0.11951803395549296
0.0
0.09330912408791918
0.053639396553884916
0.03332468757269283
0.7002082899047574
0.09562591191878499
0.04955785201591927
0.023460286396620404
0.19239251647101427
0.28124626247757756
0.3577168348870538
0.0
0.026311687719124437
0.008279193249534264
0.13920715917148327
0.6864013432222216
0.13980015381668137
0.35230393265533894
0.27280508618962773
0.15924878654310667
0.0
0.009102412093532854
0.2065393922556873
0.1343714036425856
0.2364813194860007
0.3119786731223374
0.20597107175722848
0.1111970241140643
0.0
0.23247571613780862
0.5446273405873465
0.17951038901922628
0.04338619984348674
0.0
0.0
0.5347620008160503
0.32395559036289634
0.0
0.07464566769251195
0.06663562052933134
0.0
0.21232085070298773
0.5307569577886437
0.05749990875511315
0.10364227668586312
0.0851013471088287
0.010677465181710281
0.0
0.0
0.053359971976406434
0.04302018387041599
0.35789388192163624
0.5457251349202827
0.0
0.06231036612659058
0.2458194891759723
0.6283885823865356
0.0
0.06348052528100943
0.07759683787825439
0.9168107113643119
0.0
0.00559198475869341
0.0
0.0
0.6204592102529559
0.1312717362417493
0.05424527450964625
0.0
0.04220900032490875
0.1518140688495954
0.8100978053194661
0.0
0.0
0.07813332172676049
0.02143038772585968
0.09033764851185869
0.07178126668294427
0.2269029053695227
0.4058268210695707
0.08321331571198295
0.15380167043229495
0.05847292505090413
0.43066871640956833
0.056563089257281034
0.06944493933648968
0.2244482174833923
0.13416793961964216
0.08470588533238027
0.0
0.33784577483642386
0.3335209268689301
0.2683568502880004
0.017876655305463115
0.042398212613106646
0.23697479681232425
0.07367819551515235
0.17706001760851287
0.29370477661635724
0.04260100356668732
0.17598020798962574
0.0
0.0
0.04828548249583037
0.8815934304338173
0.04852630887262719
0.021593924622961835
0.16783698999991964
0.49236686890194353
0.04123545298201301
0.08163077136297049
0.12221135301768377
0.09471686896886075
0.4607190154995355
0.29887827640832976
0.03517371504948087
0.11533876887401552
0.08988929725981074
0.0
0.0
0.08231463566509278
0.387149328115212
0.26831417018260634
0.15639311361716304
0.10582817086099816
0.11092762117856543
0.5118978689484354
0.371692869932649
0.005481307587248146
0.0
0.0
0.34923373762118964
0.05786182853586054
0.2465102957389973
0.27354912533247927
0.0
0.07284439357558217
0.1935931448393833
0.0
0.12296089441089493
0.5771745197328815
0.0
0.10627072771669481
0.03764987896099988
0.24538276025871453
0.2712639552525017
0.3872273774621198
0.0
0.058475007139970676
0.5678231483714422
0.10974863018715741
0.17109181070542612
0.12524187012205798
0.026093705374787387
0.0
0.19835459049480103
0.04501569127563576
0.03696799878741592
0.09317109584982056
0.392676648274674
0.23381314868806005
0.08871418829281032
0.01187943460079794
0.05639724625399983
0.2054367952773877
0.42092180883739116
0.21664970304702444
0.07160288274462057
0.0
0.09211488206873607
0.2512643607268199
0.49026665020981675
0.09475055640009628
0.09009233526377215
0.14071438708106235
0.13305871412578402
0.31106073201695544
0.22209336916064704
0.1029798175177519
0.051495544194392354
0.22685948135745046
0.46820308939453925
0.18119177459456662
0.07224953494364794
0.0
0.05194482237172541
0.0471017334983366
0.06834758755332039
0.15628459255811203
0.3925340356197485
0.2837868689168656
0.10818441787020663
0.060672874320888026
0.43983533436696737
0.08019281575921326
0.13330871901136176
0.17780537010719522
0.04750853848896333
0.15098450577444192
0.379407790705852
0.1564755583516043
0.18665976710742754
0.07896335979719607
0.22189719134514302
0.3112928891135644
0.2551672704585306
0.047825564318029826
0.0922946955615789
0.07152187131435522
0.39999031759647086
0.09754680915895028
0.0
0.0
0.04327736433128463
0.4591850855197526
0.21927251540556722
0.23881944389515436
0.287103601657774
0.03726297219009227
0.0
0.21753991422753624
0.05325648930217832
0.1112047230617507
0.4451903028813702
0.26856153383751363
0.05849128378811251
0.06329461455535215
0.05879195813101321
0.6729843657531901
0.0
0.05509178192475722
0.12301712537332296
0.09011379754723887
0.05556782602933953
0.09478893882841975
0.4645264973955172
0.12548510971365415
0.1653809565592883
0.09424934180221928
0.33947431597093897
0.5300183085822483
0.0
0.0
0.09248844497088729
0.03801837534146966
0.08341227842750219
0.4259383554426103
0.3382841202507248
0.11599672663337611
0.01940153619782077
0.01696615121394759
0.4636520360314004
0.008686268333337981
0.12557996806143196
0.048749663058270006
0.13119573218205696
0.22213556456857222
0.10589141496577521
0.17011173186262543
0.4015954388819581
0.13065430440586795
0.05099977338012214
0.14074643942080062
0.0804843905910216
0.22482561752890032
0.5706187970122696
0.09513563203446902
0.0
0.028934373637956853
0.2930853178920963
0.029765018344669818
0.0
0.09034858395782142
0.15399103450597612
0.4328079814667452
0.017005683876676274
0.0
0.22055843725310886
0.0
0.07816142823867514
0.6842733877762737
0.023672663307097372
0.4473343078195222
0.3286262237591483
0.15462984303655153
0.04573641258978944
0.0
0.10044231265334992
0.0
0.18209051175467186
0.06596754367244069
0.08116319061798058
0.5703357110197428
0.026163426654310984
0.10452736949289122
0.042311887116354634
0.6597381694789637
0.057778673055808125
0.10947966290823803
0.14918807398845743
0.3754825526515688
0.15358172651529634
0.06838484604382195
0.12758789315887123
0.12577426431879674
0.05871966790085369
0.2612959173859145
0.03948940332201044
0.3367808267226724
0.11293105832859303
0.190781970868618
0.06289568581436858
0.6830332983745334
0.11565919420234837
0.040931969388787834
0.05888805659509158
0.03859103290266132
0.034170772372363524
0.6253742550488832
0.1904122337943879
0.09045474468886133
0.05958677371078166
0.0
0.05864171462251161
0.35490426768977984
0.5864536048407395
0.0
0.0
0.0
0.17012859672307198
0.05624091796634598
0.10171223353766193
0.2495500083570035
0.2287054110786782
0.19366188796282519
0.109727982506878
0.17378488366124
0.26692865816770883
0.15800273571387008
0.19196908545458127
0.09958598884142432
0.1464624230486667
0.23772421672751978
0.26277635129447213
0.15072059499936397
0.0
0.20231566297056758
0.0965835792551152
0.06360618210364488
0.05961288248723542
0.20835142265899803
0.35391150089666135
0.21793350833982303
0.18104036213985325
0.17797085765714266
0.08616827050464258
0.03241600921278678
0.3242121705339349
0.19819195373278536
0.11340778493745231
0.19345693507836942
0.4605645226048348
0.03992829364133963
0.17603389526324353
0.016607981293977652
0.05256003629321171
0.2334663651935306
0.2799084465309624
0.3842011691592726
0.04986283036802667
0.0
0.0
0.0
0.022812891601349874
0.5687248134507354
0.40846192757102234
0.0
0.14385084141577184
0.2075578947638045
0.4293159247016619
0.21927503660413986
0.0
0.0
0.06976929616579654
0.13582723822951873
0.1102947647731864
0.3044267923320779
0.278483159058555
0.10119837168539669
0.23691166617028964
0.0
0.16836651162805583
0.31046405610301125
0.28425733085113536
0.0
0.021728535088075762
0.14951062186392886
0.4375975860616513
0.39116224826444684
0.0
0.0
0.0
0.11464294982084655
0.8247511123467217
0.060605055133403064
0.0
0.0
0.0
0.3617490808507797
0.4841167776334647
0.15413338736512083
0.0
0.0
0.007518363847837706
0.508691528553218
0.48378951322013136
0.0
0.0
0.0
0.0
0.9677924318244527
0.03220712154311245
0.0
0.0
0.0
0.1468368829245561
0.46274780066643934
0.23412549163188817
0.1317053515884123
0.02458396968936771
0.0
0.02188650093024831
0.0
0.0
0.17868639344585807
0.5315621329281818
0.2678645803034121
0.38270800594060683
0.05296918082990849
0.02713570604445121
0.0
0.1286135534517478
0.40857266296012673
0.2775163294516555
0.0
0.02984716108577783
0.16193213606036602
0.22570774701543425
0.3049954465742079
0.0839862491745379
0.11441651187759594
0.2969148360800989
0.03643764201190922
0.40619240573259835
0.06205106685813132
0.31248968856642034
0.13305135326689027
0.08931835472187949
0.2889052064020336
0.09651710395354526
0.07971748015325907
0.01988034519224969
0.1050932533970078
0.051815301562109665
0.29506247062464885
0.10210703430317764
0.4260406719989693
0.3981246565428406
0.22263355318137173
0.13749256222883402
0.0
0.17300022553780411
0.06874832487017958
0.0
0.13845689374741155
0.22259373257649082
0.38351653562942006
0.19479503131531675
0.06063703514541622
0.15880175503189944
0.1338488865892909
0.33650227551520934
0.0944368998732517
0.042725603654321195
0.2336835745143396
0.0
0.0
0.5311647205940452
0.4243161740309101
0.044518645612973
0.0
0.01954470207532809
0.22336091242840592
0.15075325651264465
0.24547557064590042
0.20569731342135233
0.155167855094909
0.38259115466923976
0.25941187449192205
0.28433284784570256
0.07366373402190551
0.0
0.0
0.22665998164935047
0.13212979074595427
0.5338904283620365
0.10731931283772883
0.0
0.0
0.5284737062446415
0.15317777486610115
0.0
0.16671642167200865
0.0
0.15163119576255257
0.39772119908015463
0.2569476917003583
0.13245314116126833
0.017787183670095307
0.01925961635189425
0.17583034228697428
0.10286809265498995
0.09423491616327899
0.2253710301597576
0.11018248029700238
0.4673424715799551
0.0
0.23831619612446064
0.05036161620197484
0.09679546797784473
0.15423534558395038
0.39635327046430735
0.06393673802639338
0.16880898996928867
0.49920946920170856
0.22527600520572463
0.04516994660775459
0.0
0.06153515372212877
0.06922277810016929
0.43215114631392315
0.2192925011264954
0.06660442443036826
0.1049969527736692
0.10773129757517563
0.0882192770041303
0.4430490467264857
0.4153417402620358
0.00588128476845046
0.021205274255564874
0.0263019066621079
0.07672662758888947
0.053598920117885876
0.11688551139409077
0.3614680158949455
0.13157167297723044
0.2597483941971729
0.13960703497890944
0.22125078486597827
0.4485995742497292
0.06582021956224063
0.0
0.1247219310115762
0.0
0.16506919834180725
0.06908051787617007
0.2049411630375648
0.37665016194277223
0.18425819331661333
0.0
0.0717560828259705
0.5216362094900497
0.06219136071868381
0.3002289501503197
0.044186880071189726
0.03565466083520563
0.0
0.3916198433488178
0.4206924236634853
0.15203232934704064
0.0
0.030234328012652103
0.308187498640198
0.5842297661617505
0.07734787271296502
0.0
0.0
0.016828130927318274
0.19215388386753876
0.46585459746153496
0.3251628775659336
0.0
0.0
0.02567639454573505
0.3715519770068767
0.3737846588519265
0.19946873886925415
0.029517834004083532
0.0
0.054117273351687534
0.3875918778461634
0.32617297247103266
0.0
0.13172554659282906
0.10039165072124279
0.2108805153927499
0.5508900428217843
0.06980041310271927
0.15874774196676025
0.009679575592544822
0.0
0.3200867147391611
0.39549835052806576
0.0
0.0
0.0
0.2844143840087242
0.19012631345725609
0.2017404377592468
0.04962024300377865
0.0
0.35675710167419933
0.20175528151334718
0.42287558272908027
0.3627295693776436
0.040958978031576096
0.01658380656611383
0.0
0.15685147696950918
0.1744938933171311
0.5482015070765145
0.22541949459051341
0.0
0.0
0.05188438550884014
0.1844084754389317
0.3150212308211439
0.3953583879578453
0.052605421279006526
0.0
0.052605421279006526
0.11901086995771348
0.07183465023628492
0.5098435640310438
0.0655275862184535
0.050596395762480324
0.18318615676601194
0.037978803045123806
0.09665963979834419
0.30671385434284115
0.3925792702380581
0.05320414294510757
0.11286366894250648
0.12920672202867625
0.0
0.5796066513530546
0.11130729671241145
0.11972888804852312
0.060150075197613416
0.10636369175392635
0.5820874187705513
0.2672013563681977
0.04434727862424881
0.0
0.0
0.0
0.19684045618401938
0.43941652226026406
0.23941106794744274
0.11245299818942488
0.01187863331417589
0.09957307372773243
0.6613100090150515
0.17059584578264475
0.05318486707081342
0.0
0.015335889253187839
0.04332666576068237
0.038506864369812294
0.1464650203253344
0.10134676260913594
0.35250379686210337
0.31785069936748067
0.0
0.0
0.46807474982241065
0.3656356215266595
0.09871197059051874
0.06757737200308782
0.342912425180229
0.2517659605602814
0.029786203440469543
0.2807583222916378
0.0
0.09477562813857733
0.46701798975200665
0.2586026980691089
0.08601688432545411
0.015180601011270287
0.10529116235588665
0.06788971569868903
0.05194347390809384
0.439619206592706
0.08739259413133396
0.044918030400761595
0.3761259106642679
0.0
0.19737013028293351
0.45943596981660245
0.15901173870735927
0.15302185308215055
0.03115961957410971
0.0
0.19263723857638965
0.02252721604240503
0.07591656531095989
0.11400195383172985
0.3442220050424642
0.25069445801565876
0.26873039202769006
0.24565090137103626
0.3137839666493403
0.06576937055866657
0.0730158498564444
0.0330486974197028
0.14921393583156986
0.0
0.26776084827366664
0.12767331667990484
0.19763460348679707
0.2577160798702016
0.3697874164662608
0.3461365129534747
0.12489385409128814
0.0
0.09192383919154054
0.06725755019456392
0.13770180046876807
0.09177631414898603
0.14708309066142766
0.34445047182766786
0.24703082074349234
0.031956840957923165
0.25666852050325684
0.28113386583797517
0.0
0.06613501157828167
0.218886256230388
0.17717544981272706
0.09644139529824317
0.10159202946351746
0.34644287646141847
0.16350080906753742
0.1686928520035765
0.12332935135529066
0.10940155850234032
0.19358524653947226
0.20620256024075045
0.13389718804165007
0.2970907835418184
0.05982195319771253
0.04858089000855759
0.26893613381287856
0.3777592191280272
0.1479819362038562
0.12941795794840696
0.02732316933638419
0.23012725439793116
0.23484873826502753
0.2221888706421394
0.06621742953701812
0.05446412986396805
0.1921528076703199
0.0863958491360452
0.0561256579729767
0.03640343237546714
0.4055112022249896
0.24281317900081917
0.17274985533669132
0.2928631043289834
0.32953189830568747
0.03305441679429464
0.08003039020721209
0.2370684563256772
0.027450199525400204
0.0
0.8441920860918254
0.1460494698562965
0.009757672640172368
0.0
0.0
0.43657447031589114
0.23920260270015592
0.20151157618400048
0.0425668464925856
0.025216137237790866
0.05492763619381434
0.1917474437760826
0.4857738130747689
0.21061379695382726
0.03448391901768603
0.039740753614653776
0.03763973475173475
0.5146295270227681
0.4273899766492167
0.021441110132638646
0.0
0.0
0.03653875882230615
0.08303227330149554
0.15782686683652788
0.3052656875038982
0.1427847813129972
0.03946722814953939
0.27162271347478184
0.04429945989647211
0.16290378890024482
0.6387751435428183
0.04748453954551865
0.03187404249062814
0.07466265727980931
0.032908868964016104
0.18415893722538199
0.3891935483904685
0.1795212660809213
0.08296556327869804
0.13125141651152855
0.07790134051636728
0.2541596212326651
0.41240590071382766
0.15704059778665297
0.0
0.09849218838967981
0.0508101190890451
0.1050565227129157
0.14408668779441994
0.5456934392244017
0.15435296909026344
0.0
0.27796928355015427
0.2726572205762439
0.06732371321120355
0.2311967835924428
0.0976628171911194
0.053189886670882675
0.27103798156316306
0.1238315614441808
0.3018601102989766
0.10165983989903754
0.05751421215827271
0.1440957869120406
0.25249959596292404
0.22617745269148792
0.06535153437873342
0.11465569440443481
0.21374811736766727
0.12756670988420998
0.0698408154959546
0.29818449382934725
0.4966707346163293
0.0
0.05272507179373489
0.08257831170691528
0.2680428505007971
0.13068468633509647
0.15720952455383208
0.11775123069629168
0.1477710277697131
0.178540293056936
0.06375432464241225
0.0
0.4026092595368419
0.5336357768531421
0.0
0.0
0.11106993944671478
0.23756480453633996
0.15756537357227987
0.19157623013717984
0.0
0.3022227830045566
0.31582098591073404
0.5593727357741867
0.07095157038869661
0.018480563465594024
0.0
0.0353737154914871
0.23598888093450626
0.0
0.20898505699337416
0.11941149066360732
0.166945079540019
0.26866865812050184
0.07879902804470712
0.0
0.5976756126561172
0.1957232678263862
0.03789748993609902
0.08990359725520503
0.25765547601873384
0.05557036234602243
0.05598149028078953
0.23963203286416682
0.23637029944833354
0.1547893615627269
0.19534114673047545
0.14948939324545815
0.28924577518816774
0.11564920176230666
0.07055665779417473
0.1797171697250141
0.10460211399580217
0.4562289450560807
0.19592315833705345
0.05530131128456673
0.058505248841072874
0.12943863929916333
0.12848351920220574
0.3798239450847272
0.28518878409038667
0.05333121968636031
0.022698434461557483
0.13047352425272132
0.06228314445540226
0.2806770687971532
0.17764575912392452
0.27876262363029025
0.09715068726601785
0.10348008158158917
0.17513089045764754
0.5939821523956333
0.1670046829979161
0.0
0.050737499704142396
0.013144254872399532
0.0
0.4004909513442375
0.3453404386971153
0.0860090651229656
0.13217182342439138
0.03598739441529165
0.0
0.07662568696041859
0.7314144094660741
0.07208338661701275
0.0723491397409547
0.04752707686810747
0.09029046730772038
0.0
0.0
0.44181931848583805
0.32461913302030365
0.1432703753577298
0.0
0.1338492230028103
0.08753790090886629
0.4665303032735018
0.2507297575789617
0.061351941310890716
0.0
0.0
0.5669763324895741
0.400156707098099
0.032866482830968546
0.0
0.10703992511362682
0.2533059467782874
0.46850353506954606
0.0827572150207202
0.0
0.08839265800718671
0.11636846737842399
0.06938228187242738
0.1202960768781865
0.2688220890300808
0.21255215046490203
0.2125774130688604
0.16710078637059056
0.470138343879757
0.2730957644212662
0.0798320463621337
0.009832377213555786
0.0
0.13654762374141236
0.2618178221681559
0.31757197242421237
0.13168881674513375
0.03277208725034853
0.11960133747403036
0.10203968351580443
0.3529723397515529
0.37999873049785776
0.13811243720067298
0.02687647307820348
0.0
0.0
0.32111186528565744
0.0
0.5051553166932543
0.11582888461774933
0.05790360545931699
0.08015817031015084
0.07544465357029435
0.43469009569013306
0.3058595169275189
0.10384725665037761
0.0
0.3808988415401895
0.43365448334091383
0.1399490267607408
0.03362009374630627
0.0
0.01187722263339734
0.1673520434366228
0.17114083296551827
0.10104009532806364
0.0
0.07749424678159637
0.48297197900900024
0.08329828355582092
0.26576493333012896
0.3089488247898626
0.21659370674924766
0.0
0.1253937420240989
0.34582497195415607
0.06409650577983089
0.19698710803054884
0.209729586008496
0.053854747991057314
0.12950650351495932
0.11096996283871556
0.719259122647175
0.022777561559791843
0.07836057783054835
0.06863251439554172
0.0
0.06196645941659123
0.04153501975517342
0.5595356920782254
0.113468824777598
0.1281447941531804
0.0953489777465181
0.1771178465803525
0.13399595849823834
0.3027466865339201
0.3637395018532203
0.022399603444569705
0.0
0.18648894610471142
0.0
0.07683444319774459
0.2756756990213987
0.13280532658050334
0.32819462104307034
0.49419699229819636
0.17739609258590622
0.050398573194315684
0.0
0.0
0.27800794546322555
0.37391418271297217
0.304644371686078
0.07809340379198336
0.08447735409115445
0.15886899638909663
0.0
0.5042376824193343
0.3089615446876131
0.0
0.047136925521981496
0.0
0.1396623857170359
0.0889898184835329
0.20062203962979028
0.057367450498429146
0.02777927977636614
0.2646463710484092
0.3605941983803199
0.1894053268520611
0.29626361196350404
0.1640621231259689
0.058853582593891805
0.0
0.2914143591462651
0.1417014550759904
0.6965697849364628
0.028762801654981674
0.0859470598961968
0.04701836247320938
0.0
0.04794184448926821
0.7527068894055039
0.16912976976975969
0.0
0.0188969212357997
0.011324223950384777
0.0
0.5697378132776829
0.34397929183215215
0.08628235307973771
0.0
0.0
0.01790628770275824
0.21787670664778971
0.5467004020791584
0.12616151652343174
0.07634398297574226
0.015010368127258433
0.5562826928399826
0.2018782989680148
0.047751693496401224
0.08836175143126315
0.029807735592413988
0.0759174771624332
0.19236491899414315
0.0
0.0943124491707717
0.12385172705522979
0.20961047867719476
0.3798595090204113
0.12531835245732317
0.25244830192885703
0.2880881576840038
0.29746518046964193
0.0366791969567444
0.0
0.1544403101070322
0.14487568023107533
0.16624923829504698
0.3209558109841687
0.21347830271456944
0.0
0.06326148566788477
0.1543738782247029
0.20613170201726672
0.5433440317314597
0.03288808015669428
0.0
0.024584712402882854
0.41034064213786875
0.29060673077016413
0.20355160321471363
0.07091571450478706
0.0
0.03408532059659864
0.09915383152125903
0.10932949507138214
0.6134030894920559
0.08836153904742251
0.055666160807014246
0.5039148418614671
0.18496166498867903
0.2052513994205157
0.0913841579345887
0.014487542946080777
0.0
0.0
0.04596271979790446
0.1845292678186246
0.4841536436992976
0.11075195681146115
0.17460195224551422
0.1468831053176636
0.4243388424706039
0.03396811944471669
0.0
0.23102270858300417
0.16378639147195653
0.02964215853204842
0.05193812829050383
0.3030327408456803
0.45037589350281987
0.10669697209357444
0.05831377024009715
0.08920346023173245
0.056045184195873475
0.12387122226903914
0.6738791255515096
0.0
0.05700052846804289
0.1476722764172697
0.366787625207033
0.057316374954182805
0.0
0.28629771316065156
0.14192565303681381
0.06926878057567674
0.4817927913359656
0.29718900182573404
0.09440761599301456
0.025023932852353433
0.032317609440393656
0.0
0.09844352812430436
0.12398882193526936
0.40853876376563414
0.36902861371909657
0.0
0.04215373935172155
0.1905684916142214
0.6757268440539574
0.07747323053752439
0.0
0.01407750011761034
0.009387707469108511
0.15742937591818143
0.5657952048654363
0.23047729733722871
0.03691018961521753
0.0
0.017271933841209727
0.49593559571887674
0.46980980392893423
0.0
0.0
0.01698243924868902
0.034193072143792205
0.3364935279313277
0.45445681517911757
0.10161876429953048
0.055196029589466004
0.01804138743907403
0.10434398703536026
0.37373547259860745
0.21751436348294567
0.1665454530788346
0.048981817299550826
0.08887810444215305
0.1173411465522635
0.11564387236936541
0.08110237633775756
0.5327696906045445
0.0
0.15314180965400895
0.1936137056296231
0.27155185421713646
0.2511279789251504
0.12262980605773087
0.07027314764293122
0.09080315510041012
0.3196883604597221
0.012925586177150715
0.2542667996399482
0.2155777764020989
0.1180752395686856
0.07946586211019169
0.14916213150425384
0.48662047834183747
0.3213371359338456
0.04287980755539109
0.0
0.0
0.0
0.7560851368223431
0.17627718878611134
0.0
0.024469274590620448
0.043168008179741
0.02378942920952499
0.44869585534618234
0.17175186574773216
0.09671359734549266
0.18531354169063383
0.07373513300203331
0.0
0.23354685479720827
0.4116748238015195
0.2783402090606882
0.03328206372643452
0.04315558128739515
0.3025267298070599
0.08649046125414314
0.14461005918856512
0.3392359236864757
0.1271363016629899
0.0
0.04231179890211455
0.05810604350131833
0.31880196562216967
0.4938599216111562
0.08691977644707802
0.0
0.015850115017795145
0.7334516592224698
0.2423440633929207
0.008353744679586682
0.0
0.0
0.0803136085731076
0.16901599417542795
0.04430097007245598
0.11443726200538469
0.29724127687690854
0.2946903741414995
0.06802925759906721
0.19870458248274703
0.10473224071682152
0.08437025074137108
0.22119437077570608
0.32296882814839734
0.0
0.3048229004551102
0.6570536366435905
0.0
0.03812318924915144
0.0
0.028267638442154658
0.3376162910308861
0.12197566095424704
0.44787812880660527
0.01174345427034482
0.0525183229993042
0.05132859920878378
0.2219361331858042
0.15316881331066373
0.25443306186930725
0.29287335172797146
0.026259403062802382
0.22090767748464032
0.12440940804554722
0.10709183208149156
0.28358381698310975
0.024511039721897207
0.23949574718566094
0.22946376838006985
0.25106197494464466
0.2584116391050506
0.1408747028493519
0.12018746529536038
0.0
0.13216133975625202
0.45428658929327675
0.30202227847882485
0.030861019362475796
0.08066822342002807
0.0
0.1505841012725133
0.0
0.16317212789999025
0.3164872842509973
0.2386221986196098
0.1311338876523247
0.03953166729966482
0.4432596553667051
0.1773134591855649
0.22980567652183678
0.06970895094707007
0.040380283779962056
0.1229690068893972
0.30631993637193655
0.4308945816569883
0.042333714679376286
0.06413379466901802
0.033348503272731464
0.05348047614370235
0.1800168572954422
0.3665834687115176
0.225350046962408
0.12754094596942522
0.04702771029981711
0.07544891882427361
0.0
0.519402852180588
0.22183203191059137
0.14455891311516125
0.03875696063526769
0.0
0.025015174139486618
0.1683150492117874
0.2714476435240698
0.3085702608517585
0.22665158005231506
0.12711091178471046
0.023799227882692158
0.22421751636633808
0.07166161759908293
0.4341062349774953
0.11910396549605685
0.05674329111397102
0.15160173169145008
0.4123130377893573
0.3793415322040617
0.0
0.0
0.01700417474387125
0.9193836006244478
0.0
0.025399622695867027
0.0
0.0382121266546991
0.07773567308760301
0.4921540371728465
0.09592937504202935
0.03898885451303836
0.19979815843619395
0.0953934586931215
0.10990516628410042
0.15665956758801772
0.6369571919535653
0.03777742888572104
0.0
0.05869968635939424
0.3292111768523207
0.15912832581631284
0.28011625421579806
0.017354391908334894
0.05922052824317673
0.15496872701178643
