0
0.0821998683814341
0.08838875617511653
0.2808742455395945
0.17396737690743078
0.31185739051111994
0.06271107811233206
0.0
0.0
0.716076431007295
0.0
0.09259314409688386
0.0
0.03833197301433757
0.0
0.0
0.15299751219166424
0.9090616967156203
0.09093516155180578
0.0
0.0
0.0
0.0
0.0
0.0
0.6144111500695028
0.0
0.0
0.0
0.09252089709314944
0.0
0.29306063841866614
0.0
0.07337472464430206
0.1563004668681024
0.05139127520633216
0.0
0.4165211146765424
0.08286593813090112
0.0
0.21954360761430872
0.6029746273194506
0.0
0.0
0.0
0.16444762284796316
0.0
0.23256404586370927
0.0
0.9999687509758335
0.0
0.0
0.0
0.0
0.0
0.0
0.0
0.0
0.0
0.0
0.0
0.0
0.0
0.0
0.0
0.2928878585411463
0.0
0.20710298871306973
0.0
0.2928878585411463
0.0
0.20710298871306973
0.0
0.5540928464632162
0.0
0.17413456918860595
0.0
0.18469760402020194
0.0
0.08706728459430298
0.0
0.1327034999551698
0.0
0.187671087427746
0.0
0.3981104998655094
0.0
0.28150661878264216
0.0
0.16908300023369174
0.0
0.0
0.0
0.5917904955688938
0.0
0.23911945907224713
0.0
0.2913829497525373
0.1705565998775589
0.0
0.09300840968461999
0.08612452502092652
0.04593357819125366
0.07406566646274503
0.23892570324537404
0.43502396899200746
0.0
0.10123638577117934
0.0
0.07158493264782184
0.12315937816443823
0.2689917551779741
0.0
0.9998750156202539
0.0
0.0
0.0
0.0
0.0
0.0
0.0
0.4019647155774125
0.0
0.08120913303304884
0.0
0.5168117955069007
0.0
0.0
0.0
0.43109013175254834
0.0
0.0
0.0
0.0
0.0
0.4174282572794691
0.15146963624257645
0.2939092688281337
0.0
0.06927507828191327
0.0
0.6368034066701449
0.0
0.0
0.0
0.24407471384593002
0.0
0.0
0.0
0.34170459574730544
0.0
0.41420848667125415
0.0
0.34128455122085893
0.0
0.2491569383434118
0.0
0.4095414462084226
0.0
0.0
0.0
0.3587313080676549
0.10026845486408548
0.06341533446949206
0.0
0.3138899029115624
0.10026845486408548
0.06341533446949206
0.0
0.38470252721188336
0.0
0.026536691167999275
0.029668925549106447
0.17300950117805747
0.0
0.21614948394501216
0.16993052541357978
0.2286140443634674
0.057668516039256545
0.0
0.03755538438643628
0.09154316372719283
0.10095738357392219
0.17071509516523523
0.312946041617785
0.4193920516328527
0.3968634921903102
0.05776752214841647
0.0
0.022280620602698708
0.015754778926825516
0.08794094735295822
0.0
0.4273970485749344
0.0820298783876603
0.05512276339856279
0.07850995529490738
0.19539063849077026
0.0
0.16154914265198592
0.0
0.3380405803030978
0.5937654596378389
0.06819338601138297
0.0
0.0
0.0
0.0
0.0
0.8427803130387723
0.0
0.0
0.0
0.0
0.0
0.005633614455469232
0.15158507661397969
0.5662464597292772
0.05755298322528496
0.0
0.0
0.0
0.0
0.29480191088182667
0.08139221154471571
0.5857757170822926
0.0
0.0
0.0
0.0
0.0
0.41420597742613946
0.0
0.4285561229952652
0.0
0.0
0.0
0.5714081639936869
0.0
0.0
0.0
0.5471800945643565
0.0
0.11827694565017277
0.0
0.2299946897250153
0.10454304290838792
0.0
0.0
0.0360675254684096
0.06932389073879905
0.04432351385763655
0.03751079218956416
0.025762518465929307
0.0416203116088827
0.1998029769005066
0.545587182644368
0.15728282606543004
0.09451521772644024
0.07414383446651102
0.0
0.10990353051144923
0.0
0.2323581432929473
0.3317931712116059
0.46185980838821095
0.0
0.10886139967253766
0.24342151337623233
0.0769766347313685
0.0
0.10886139967253766
0.0
0.06801950763047397
0.0850243877054977
0.18493246321507079
0.0
0.39596508027536187
0.10888434353086934
0.15716996642340436
0.0
0.31881534004694384
0.0
0.4332944608166257
0.0
0.07659636368294076
0.0
0.171274686362141
0.0
0.9999687509758335
0.0
0.0
0.0
0.0
0.0
0.0
0.0
0.4179629204276458
0.0
0.036918239244557005
0.26936984895945304
0.1337175612330143
0.14202730255085871
0.0
0.0
0.5156219394744594
0.0
0.09722659825084647
0.0
0.06874958766139164
0.0
0.31839328091465263
0.0
0.22653771292402086
0.0
0.0
0.0
0.4530754258480417
0.0
0.3203727026205632
0.0
0.3639555132574933
0.0
0.171570272503317
0.0
0.12131850441916443
0.0
0.343140545006634
0.0
0.1336845578240497
0.0
0.0
0.0
0.6831149824594253
0.0
0.18319711760262924
0.0
0.28694610051652275
0.0
0.11036389050672062
0.0
0.27337497708950975
0.0
0.3293095136928037
0.0
0.0
0.0
0.0
0.0
0.0
0.0
0.9999646459125264
0.0
0.0
0.0
0.0
0.0
0.0
0.0
0.9998232545433627
0.0
0.9999687509758335
0.0
0.0
0.0
0.0
0.0
0.0
0.0
0.9999687509758335
0.0
0.0
0.0
0.0
0.0
0.0
0.0
0.3130306899710157
0.0
0.498028794697494
0.0
0.07825767249275392
0.0
0.11067306062945609
0.0
0.1374338896930278
0.0
0.12957391245309358
0.0
0.7329807450294816
0.0
0.0
0.0
0.3950389771317178
0.0
0.0
0.0
0.15801558496614773
0.0
0.4469355619278533
0.0
0.6990388949104339
0.0
0.06817864011801673
0.0
0.09641915853797255
0.0
0.13635728023603347
0.0
0.2423249778996975
0.0
0.2771394028222042
0.0
0.17928370016570527
0.0
0.15951197853214757
0.14173620550307514
0.5816303223674432
0.14347410097374624
0.0
0.0
0.01186717943245402
0.0
0.03815269139231279
0.22487543723304684
0.08263280145156497
0.5967474736740765
0.15852351244282237
0.0
0.12188462933753733
0.0
0.0
0.04021104498200908
0.0
0.054289822150484376
0.3478766587788566
0.256439068512022
0.2701072965407673
0.07128602688681067
0.0
0.0
0.32123137709989596
0.19928628931348463
0.17015125438110867
0.06846803350458
0.09633736392866887
0.0
0.030110076770865205
0.11441442940042414
0.2720643907916949
0.0
0.0
0.0
0.0
0.0077311083099168305
0.032617580103853516
0.6875860564303815
0.09779876868838595
0.04373693999114599
0.0
0.0
0.03911950601803919
0.07052369393033998
0.43012535568007915
0.31869084575364814
0.9001581097444729
0.0998307288411548
0.0
0.0
0.0
0.0
0.0
0.0
0.0
0.0
0.0
0.0
0.999937503904609
0.0
0.0
0.0
0.03759785331852526
0.0
0.03362853907338381
0.0
0.34479503772177006
0.16186613810059555
0.2715258729615785
0.15058358645304643
0.17059392829651499
0.5765919416989836
0.0
0.04550364599433887
0.12996236457440735
0.050622374355375845
0.02672489377304152
0.0
0.4730770348286737
0.12068039545709022
0.0
0.0
0.04490568218555174
0.06694144266904506
0.21378353283169996
0.08060816988767354
0.40281800380850125
0.0
0.036752945872229964
0.0
0.09596378059738625
0.058111513960156264
0.20440345291802875
0.20194705431143373
0.5078955517753159
0.13210000074815756
0.0768855334334812
0.05681170991773548
0.0481379589695476
0.015377107455244258
0.09266002248396607
0.07013039600373897
0.22616465740635722
0.0869864111815938
0.049206942620968336
0.12665412341048637
0.1632763718605541
0.0
0.25401991165385496
0.09368723254569093
0.21373199558783718
0.1194798249868298
0.07556567091979885
0.0
0.32059799338175576
0.0
0.27061115687375564
0.0
0.29805586073240026
0.0
0.3612982340710562
0.0
0.3406352603444199
0.0
0.0
0.0
0.1907390304578991
0.0
0.8092371271627607
0.0
0.0
0.0
0.0
0.0
0.19525975847655774
0.0
0.34517377190887005
0.0
0.3905195169531155
0.0
0.06903474892627925
0.0
0.5999700014992545
0.0
0.0
0.0
0.399980000999503
0.0
0.0
0.0
0.08068032114618624
0.0
0.0
0.21723842230047397
0.04034016057309312
0.1804066934183647
0.4813293600416976
0.0
0.18469476765069887
0.0
0.2611978425507322
0.0
0.5540843029520965
0.0
0.0
0.0
0.0
0.0
0.0
0.0
0.999937503904609
0.0
0.0
0.0
0.0
0.0
0.0
0.0
0.12389549802576409
0.0
0.8760735280990372
0.0
0.31267909882137207
0.0
0.0
0.0
0.21887536684531966
0.0
0.20117706245187664
0.2672606549040775
0.14132346220458702
0.2384505729949734
0.038533170978396605
0.08616279167624347
0.054494135967216244
0.3158853378796046
0.12514825770992938
0.0
0.0
0.0
0.6795955312534943
0.0
0.32036442319271147
0.0
0.0
0.0
0.9999687509758335
0.0
0.0
0.0
0.0
0.0
0.0
0.0
0.2155370312964809
0.0
0.4229087448886001
0.0
0.17961419943821766
0.08032591378954614
0.10160512987731704
0.0
0.11418296689292609
0.07861609365749891
0.1359723665890435
0.19785427189723442
0.30690971735198386
0.04875563307246462
0.04875563307246462
0.06895087968476678
0.4227973482115863
0.2626667396476836
0.0
0.0
0.0
0.02848983996719425
0.07207422246412033
0.21396866444859475
0.5313455502986971
0.3355749833879206
0.057713410810629265
0.0
0.006410623172022126
0.0
0.06895517892861651
0.0
0.07917213494398381
0.0
0.5782232884239877
0.036696085371089614
0.2894965363316567
0.0
0.01641098790247186
0.0
0.23977332278483582
0.19716395910185208
0.14573008170631468
0.09979983316376541
0.09902916593864673
0.04463184290730489
0.04463184290730489
0.12923685682847072
0.0
0.05359320712482636
0.1317180586360095
0.1346681852899465
0.10785424902361532
0.0
0.17772726471011516
0.39443753723986585
0.3232871962693404
0.037269980172713206
0.006391749367957545
0.0
0.0
0.0
0.0
0.633050359570712
0.07981260212664287
0.07138656317591724
0.1805952943651001
0.0
0.0
0.1289402422057352
0.32543341494979056
0.21382789254676715
0.34517200859698977
0.0
0.48814695114197254
0.0
0.06903439914766611
0.0
0.09762938251319901
0.0
0.18469050372939436
0.0
0.26119181245545814
0.0
0.5540715111881831
0.0
0.0
0.0
0.09005907733544255
0.0
0.040275639880689565
0.0
0.5980627406169478
0.1910441426107875
0.08055127976137913
0.0
0.14552746490249616
0.14377340196127458
0.06412143654940014
0.0
0.013778983692844162
0.13162355508099624
0.20122894967696572
0.29994448576302296
0.19537770734906715
0.14428135757484703
0.1515655902090642
0.0
0.12563937678203335
0.0
0.187276226084148
0.1958569831612654
0.1991705846722625
0.08109479285957974
0.04587414016621739
0.0
0.06487583187085066
0.2937468867985593
0.3152337088929478
0.0
0.1391020177783506
0.06912034822702372
0.10928886741590484
0.0
0.3148236591616547
0.1546918796256098
0.2129693638466716
0.0
0.4509505892063704
0.0
0.10269209699518132
0.0
0.27900252914224644
0.0
0.1673514975623833
0.0
0.053336541159924464
0.11926413891684574
0.18067455537554755
0.21991219012372668
0.24001445012171788
0.0
0.18679479076834066
0.0
0.15500920580734717
0.0
0.3580146275835544
0.0
0.4303627552625736
0.0
0.05660708248254338
0.0
0.5125584504122487
0.0
0.4142097629335372
0.0
0.07322263382478143
0.0
0.0
0.0
0.1440027443745066
0.10733331493439315
0.310983964777403
0.0
0.3840073183320176
0.0
0.05366665746719657
0.0
0.0
0.0976324331442747
0.129851279927024
0.0
0.49997085825327425
0.05733173893947943
0.09359151182111923
0.12161897297331174
0.7499882814328407
0.0
0.0
0.0
0.24999609381094692
0.0
0.0
0.0
0.4753790184994667
0.0
0.16807186203127322
0.0
0.3565342638746
0.0
0.0
0.0
0.3118014406646813
0.0
0.0
0.0
0.46770216099702194
0.0
0.22047691074781975
0.0
0.29787560196655183
0.0
0.0
0.0
0.0
0.0
0.7020995750660628
0.0
0.12491630517856919
0.0
0.08832916553910743
0.0
0.3848844838101552
0.0
0.4018544309336719
0.0
0.011205129069919044
0.08751486043024732
0.08759427944352752
0.24006657112711793
0.1456666758218296
0.0
0.4279496828250285
0.0
0.17972061576531217
0.08923583691143806
0.10701613771612162
0.0
0.27587610747785524
0.042301845697430895
0.19077363003430814
0.11507346165256001
0.37533648904088335
0.0
0.1327014869114435
0.0
0.09383412226022084
0.0
0.39810444325636285
0.0
0.037482639991565266
0.0
0.5916951442311885
0.0
0.07496527998313053
0.08381373605611754
0.21203382907779078
0.0
0.1425077819447998
0.0
0.0
0.0
0.35626946813407123
0.20811905161905972
0.1804324880303029
0.11266230353519566
0.4854381182926687
0.035824799876732816
0.0
0.06270385837399614
0.09931940957148418
0.027476368822978835
0.08297368783309725
0.20626222125338897
0.6693937618811966
0.12107190856436244
0.0
0.05639221645934386
0.013438706312820115
0.08212379300816962
0.024822586339632614
0.032756212593187485
0.15070536054399394
0.15137749615627924
0.1682818068552122
0.1303742987919176
0.0
0.11966029905315725
0.1083377054299119
0.17126135460978564
0.33308587482962243
0.059838578518792936
0.2512909081513707
0.0
0.1327328510477193
0.03426347059851847
0.06501035711507502
0.12377604435273891
0.1563905061189548
0.0
0.02483462677231071
0.017560733454716284
0.005553191030693036
0.10412120876645703
0.26781691214839665
0.4237214334106828
0.4631703676782512
0.0
0.007471569963466591
0.0
0.0
0.0
0.0
0.5293574019585371
0.47634592359248334
0.06760914123972361
0.1890940176223391
0.0
0.22501681862106726
0.0
0.04192941107389395
0.0
0.5168306358985465
0.0
0.0
0.0
0.06460382948731831
0.14445856305967214
0.27409082059673034
0.0
0.0
0.0
0.0
0.0
0.0
0.0
0.0
0.0
0.15665350987433302
0.0
0.0
0.0
0.33451892231557323
0.19732571657701645
0.11671878930584517
0.19478149539213344
0.14516367104025868
0.0
0.19557773953800536
0.07077453957479245
0.1627720525225244
0.29358180648418025
0.1321269052147904
0.0
0.0
0.19426795967470498
0.14331261857009836
0.16420827005086794
0.13695667757839686
0.043718042446576545
0.015267003011958272
0.30226857521601586
0.4054524700750296
0.0
0.10131550268008212
0.030127782862618274
0.1797173251462676
0.0
0.0408477117500388
0.2425382941033507
0.05535643859237362
0.0
0.4788488164453982
0.0
0.38749508045755576
0.0
0.07828582539471507
0.0
0.18766824452044167
0.0
0.1327014869114435
0.0
0.28150236678066254
0.0
0.39810444325636285
0.0
0.0738905112016345
0.0
0.0268121987841565
0.14438810685646367
0.5329338588431856
0.0
0.060727241039309224
0.16124508558040904
0.12173294937286037
0.0
0.1269598687646627
0.14366743325317013
0.5449333454805995
0.06270205552339106
0.0
0.0
0.04232516684204271
0.0
0.12457037204464966
0.0
0.4901736310966888
0.15260556258263358
0.12339800622807318
0.06692197055993851
0.013998574919244671
0.08177435034755189
0.059390920279017795
0.2416790315248832
0.23052752057444337
0.13206229320352061
0.13857882267583427
0.10198498683169611
0.13200165620495558
0.0
0.29301177331676453
0.0
0.11092566868402474
0.2989670821465349
0.07848919119907272
0.08660250543002146
0.2054443080009068
0.13229443054821968
0.24879261313033646
0.16741662536420157
0.14124296414231
0.06420134864196995
0.0
0.04060450010467129
0.29733485254544817
0.255288923393216
0.055405081875095484
0.0
0.1734453352667559
0.0
0.14016499219745182
0.0783546202457994
0.35924092348047015
0.0
0.43546572424583124
0.0
0.20528052224077184
0.0
0.0
0.0
0.26114883211047685
0.0
0.15100123793541606
0.0
0.24725163720442422
0.04245135633408152
0.1665079265201376
0.13163606642350034
0.3333240743310616
0.0
0.0
0.0
0.6666481486621232
0.0
0.0
0.0
0.40088560612387164
0.17928149744114463
0.17928149744114463
0.0
0.24053135471383155
0.0
0.0
0.0
0.31869986361726454
0.0
0.3863225424947572
0.0
0.0
0.10180494050266177
0.1931612712473786
0.0
0.052749104797486436
0.0
0.14919699723863616
0.0
0.2637455338127188
0.23590118239739213
0.29839399447727233
0.0
0.0
0.0
0.5433261492432202
0.1421033845036253
0.3145592319949168
0.0
0.0
0.0
0.4368284200296548
0.1292933602229686
0.07580708642472347
0.0
0.07147161039032125
0.06442364038992751
0.03995384723506704
0.18221756833158806
0.908693149528965
0.006721992831894468
0.04287100167941435
0.0
0.005895578100655052
0.0
0.014561003308257353
0.0212568084644706
0.6635638086126396
0.28814478059708476
0.048290699401033206
0.0
0.0
0.0
0.0
0.0
0.23032962034222879
0.026859527307319418
0.23816447451672232
0.17736299830166108
0.12829609787712104
0.0
0.0850300981562267
0.11395532112558576
0.23749177349178888
0.40911045729930073
0.12892564791483058
0.07910718229060794
0.07963184422089306
0.0
0.018392044944095288
0.04733942419596757
0.2134555743866681
0.03269109892197591
0.06756325486083169
0.0925825461939048
0.0
0.0
0.0
0.5937056981487028
0.6690359186875761
0.0
0.0
0.0
0.0
0.0
0.0
0.33096338480100507
0.5598041151407253
0.0
0.05249487791517858
0.058691063430433336
0.05567922681546973
0.0
0.0787423134157464
0.19458376334677494
0.2692727367723692
0.0
0.415627179192838
0.0
0.0
0.0657164335780775
0.24937630313635858
0.0
0.36764289989983234
0.0
0.3421702286042331
0.0
0.0
0.0
0.290177680423574
0.0
0.31709702753237023
0.0711401934074394
0.011502687853177773
0.04147353136855632
0.18707346695759428
0.0
0.10987984112845693
0.26183223504879877
0.17267299479547016
0.08529700849011697
0.1166847173156336
0.0
0.0
0.04978407311789431
0.04969316252388407
0.525865913180193
0.16052322201396704
0.0
0.04507910886724727
0.07353386843722956
0.08010907371975735
0.1531387354959496
0.0
0.4876137662138899
0.13404295112515643
0.8417008229701275
0.0
0.0
0.024255013154076507
0.0
0.0
0.0
0.13503392011931245
0.0
0.023509086360024647
0.0
0.2493515338869307
0.12028830474173732
0.19570270667284334
0.2761102923604185
0.6314510941577357
0.20412529621728176
0.07978829242528372
0.0
0.08462826484413749
0.0
0.0
0.0
0.03959344988758388
0.0
0.11564493010104579
0.1692113700748883
0.2681950058561303
0.0885336507560788
0.11198718644088569
0.20682945770204061
0.0522557066027112
0.11684731922861173
0.03695036410399515
0.0
0.10875138236912892
0.18841063365492725
0.3064266305742242
0.1903514315029302
0.4550664349992354
0.0
0.16760112873288566
0.0
0.21919250884293268
0.0
0.15813650254191905
0.0
0.14531430516947516
0.06332978398151186
0.13524691976976572
0.24296144155396002
0.0
0.03356471923989111
0.19664698734186864
0.18293416470759055
0.11806528111743321
0.11806528111743321
0.1904869770651706
0.13487275013907346
0.10625875564465453
0.08513808364863602
0.026400200046098252
0.22070971958951674
0.37787846911438755
0.0
0.07725906378815377
0.15909266443994463
0.38576775529639656
0.0
0.0
0.0
0.38488318247639713
0.0
0.0
0.0
0.39737477714140346
0.0
0.21772279622336244
0.0
0.47404208722331875
0.0
0.11173279030039733
0.0
0.0790070145372198
0.0
0.3351983561849884
0.0
0.26473972497347203
0.0
0.19327490534308037
0.0
0.4235835441778382
0.11839520701258366
0.0
0.0
0.4142028419097499
0.0
0.0
0.0
0.0
0.0
0.5857712704120521
0.0
0.7795036080646478
0.0
0.22047690434544104
0.0
0.0
0.0
0.0
0.0
0.09234844904833728
0.0
0.19590063299160007
0.0
0.6464391605396004
0.0
0.06530021386407327
0.0
0.2548479104694716
0.0
0.3100888845495491
0.0
0.2548479104694716
0.0
0.18020467584833427
0.0
0.227139892976708
0.0
0.15679460896959746
0.0
0.38632943253201335
0.07231758769502358
0.15741346350414298
0.0
0.204655956099162
0.08111937062156341
0.21226564131456752
0.2554548984656046
0.19519747507794574
0.0
0.051304391065905466
0.0
0.5269299411739945
0.40585334152724406
0.0
0.01838317025310564
0.004586842651817415
0.034932354945853686
0.009314062770312482
0.0
0.34079380345045324
0.12013076720268107
0.0
0.12025334389404056
0.03636501401463723
0.08416892352332601
0.06211343919066843
0.23617395460038434
0.23052625362060566
0.09867320944909837
0.06778719228899223
0.12682577658571192
0.08899997365552663
0.14045146869113548
0.14545374811127196
0.10128100035766868
0.08786966329154038
0.0
0.0
0.0
0.02755874551383712
0.23033887256729574
0.45280280399970907
0.2014277359176251
0.0
0.05779284780610075
0.18433224324086783
0.2435588353325258
0.03610290446596134
0.09762816376403288
0.23228532269637842
0.1482974262625535
0.17028705285351436
0.0
0.0
0.0
0.0
0.0
0.011467725855438505
0.8182445455487688
0.21491404347483462
0.2616166347256575
0.49697353557831814
0.0
0.026492474661782985
0.0
0.0
0.0
0.7266071575481748
0.0
0.04436427649117167
0.0
0.0
0.0
0.2290207233902079
0.0
0.5399527417662918
0.0
0.101814457995449
0.148418801382482
0.10799054164832293
0.0
0.101814457995449
0.0
0.17755597522415115
0.036230706467114175
0.0
0.03311644125051237
0.18002303639268455
0.07466695810775098
0.38509353378788735
0.11331288952746858
0.1957377710638125
0.0
0.07969041054143738
0.06995248421512348
0.0
0.10448477782018592
0.13927956048452667
0.41085393550178434
0.6729149299035153
0.10527995585223102
0.12035923038739631
0.0
0.022936078266889284
0.07850837208504441
0.0
0.0
0.0779803744927647
0.0
0.0
0.13649183661361897
0.32153567918112036
0.1618554860649588
0.30213193989137177
0.0
0.5324634929459696
0.09921871980231937
0.161970143571916
0.0
0.04437195774549747
0.04960935990115969
0.11236077953829562
0.0
0.1836053112829144
0.0
0.028850789163827148
0.0
0.04080117775182151
0.0
0.40382943391517423
0.3429081877389297
0.18788990435425687
0.0688419899474215
0.31319919647820343
0.11768458709009305
0.17052386734705213
0.06157414911419047
0.08028286356933642
0.0
0.0
0.18399968369620914
0.2730896779269588
0.0
0.47247095279373497
0.07043181106753003
0.0
0.0
0.09570688149797381
0.04280141957772622
0.19712412772839805
0.0
0.5359585306840787
0.12840425516781956
0.0
0.0
0.020322431917411062
0.440573232668975
0.17244154363505054
0.10943964982608062
0.14225702720722544
0.0
0.11496103413716438
0.0
0.09849794787886827
0.06457080059100452
0.050653501791069144
0.12674361768885248
0.4028628280144559
0.0400451121210208
0.0
0.21662395332499235
0.21373199133342843
0.0
0.3145253245853956
0.0
0.32059798700014264
0.0
0.15113133883127644
0.0
0.999937503904609
0.0
0.0
0.0
0.0
0.0
0.0
0.0
0.9997500624787937
0.0
0.0
0.0
0.0
0.0
0.0
0.0
0.4141921194374497
0.0
0.5857561065464633
0.0
0.0
0.0
0.0
0.0
0.9997500624787937
0.0
0.0
0.0
0.0
0.0
0.0
0.0
0.4973167679487286
0.0
0.0
0.0
0.08288612799145477
0.0
0.4197763825273556
0.0
0.14525972941878554
0.0
0.081202662244634
0.0
0.5084090664941162
0.162405324489268
0.10271413861990458
0.0
0.5438269442759976
0.11054855165483413
0.06991703809350575
0.0
0.20577806817881075
0.0
0.06991703809350575
0.0
0.38705446695829665
0.0
0.051445003015147116
0.0
0.2568789022205622
0.06557977067007782
0.2390373099969552
0.0
0.2417230269296805
0.7421361706872622
0.002915759658596742
0.0
0.0
0.010308767627490063
0.002915759658596742
0.0
0.05888173924465865
0.21846823597936402
0.550015560973945
0.08761858095210452
0.03095084233170232
0.0231137183140762
0.03095084233170232
0.0
0.48209203980117227
0.0
0.07861258484203744
0.06056419415193022
0.0
0.03584091813279654
0.27751570528136477
0.06537331523042776
0.09221629112335326
0.318664994584944
0.06241943173724768
0.2076682367954587
0.045872733849529584
0.1914601340902341
0.01092970785425174
0.0707677121260939
0.09427559363261516
0.0
0.38730245969244015
0.07312994853131459
0.08036136671257822
0.058572908094510705
0.09349176963174193
0.21286344241203334
0.45122049919934376
0.031242461045101397
0.0
0.037620904289191674
0.0
0.11628299854368052
0.2686111515165389
0.09502023889954316
0.0
0.0
0.0
0.0
0.0
0.042578755264735486
0.596228563771251
0.3611920558863776
0.21760463068194433
0.060078730274750324
0.2500643433990401
0.0
0.34928429864351657
0.0
0.03799712262485795
0.08496415736990119
0.13525338703539308
0.10081192861754411
0.20162385723508822
0.0
0.3606756987610482
0.10081192861754411
0.10081192861754411
0.0
0.2237155804243162
0.0
0.0
0.0
0.25396194546767265
0.06197981095573802
0.46033573359901
0.0
0.0
0.0
0.0
0.0
0.08132405745785681
0.09912377939482925
0.4860277083621175
0.33352409173137004
0.0
0.022739557743583327
0.1687601379101301
0.16947800113063122
0.07331345874489846
0.28821862057601866
0.13771054942221336
0.13977907187544344
0.520798509268013
0.21638563308548792
0.0
0.0
0.0
0.0
0.014893862891871517
0.24792116216241245
0.5262101419291491
0.0
0.11650600209994572
0.0
0.05492145908080679
0.09901107055483857
0.11650600209994572
0.08683845905277555
0.1490138706736282
0.0
0.04214748536215717
0.0
0.1788166381469148
0.0
0.5357699036429989
0.09424465148087818
0.3508458354771479
0.0
0.1417631201108136
0.0
0.507378514203682
0.0
0.0
0.0
0.21473195166340503
0.0
0.025099294085464262
0.0
0.11224746639924228
0.22254342616333445
0.2790206486172288
0.1463527761009164
0.0
0.05698742395664011
0.18519740780398697
0.14612218476304298
0.22127654787379195
0.03534210139791451
0.3050891024207837
0.04998128041693025
0.05247072635842894
0.0
0.3422052151044961
0.10638899611713287
0.31482437769744287
0.11199219739849617
0.0
0.07211411476337538
0.1036798477906066
0.07727840051657522
0.07727840051657522
0.10928816492555006
0.38015944833618315
0.15455680103315045
0.09775029689385019
0.0
0.4886847283672882
0.0
0.0
0.0
0.1545356875195695
0.2185464594885822
0.13822090750653301
0.0
0.4285561229952652
0.0
0.0
0.0
0.5714081639936869
0.0
0.0
0.0
0.10826971543613498
0.0
0.0
0.0
0.6496182926168098
0.2420984582323232
0.0
0.0
0.06906573905441378
0.0
0.19534740766779338
0.0
0.4834601862453931
0.1544356967633536
0.09767370383389669
0.0
0.0
0.0
0.0
0.0
0.6796035165327018
0.0
0.32036816665347634
0.0
0.0
0.0
0.16806936154048568
0.0
0.8319009277122225
0.0
0.0
0.0
0.13065587886632501
0.0
0.42324071747189984
0.0
0.26131175773265003
0.0
0.18477531394390187
0.0
0.24188357226434073
0.0
0.35595283889734586
0.0
0.18141267919825554
0.0
0.2207357919164535
0.0
0.09897159082299051
0.08921178830556822
0.0
0.0
0.5236160781195914
0.0
0.20995043761115084
0.0782439194161342
0.18577888510328877
0.17418890603461099
0.07165390913336082
0.2460855025563431
0.21955685734937153
0.0
0.0
0.1027317175756132
0.43063955566469786
0.4702366099817505
0.0
0.0
0.0
0.07071291907374515
0.028410549475387594
0.0
0.07289545506079022
0.05378133403491297
0.5154822666618111
0.18536211764103214
0.04258819599618252
0.03506113819692848
0.05102144748707988
0.04380654168733459
0.41114463631454445
0.3983608204761166
0.07060955544739278
0.0
0.01704298167833316
0.0
0.028119485370165807
0.07472181058919472
0.2040390229428435
0.0
0.28541365186145357
0.10654137067795212
0.1363927620624026
0.1730067822115058
0.0
0.09460379843355717
0.14334800077404844
0.08235036491262791
0.0
0.0
0.0
0.02697475801584601
0.050895870330021735
0.6964296572295753
0.08011348858078766
0.082815234953167
0.0
0.09778427162261377
0.16104033631029405
0.3832978480300621
0.12533005298354802
0.06961590632351883
0.12415919787201606
0.0
0.007747788765119902
0.0
0.0
0.007747788765119902
0.0
0.8603443583686594
0.16802023107308472
0.03921294482408215
0.06200111020550104
0.0
0.0
0.0
0.3278073370694401
0.40295618475771977
0.40953316087314356
0.0
0.06127190863115489
0.0866515624561778
0.05098130851173472
0.0
0.18110013323278631
0.21045767785253172
0.8191865488201023
0.0
0.057925233602736166
0.0
0.12287797774545386
0.0
0.0
0.0
0.0
0.05086251167388399
0.037072108472271256
0.0
0.03489139506230902
0.2925718801994472
0.35820448144117745
0.22639707797285108
0.22845797701921736
0.009595874647256001
0.007127636259889564
0.0
0.0
0.19481689764710347
0.25864724000303135
0.3013540594234961
0.2980969934242961
0.012479651185515668
0.159841374991532
0.10061415640523876
0.17301315475010898
0.23099397160491095
0.024959302371031337
0.0
0.06059732215997142
0.045166579927545754
0.05713170262433733
0.3779042547623364
0.3049867393363717
0.045166579927545754
0.045166579927545754
0.06387519155738625
0.13838775282663823
0.13695356444752696
0.08477276110304859
0.06990540615155137
0.4784497403082264
0.0379115321693012
0.0
0.05361500435571522
0.4061612204438898
0.0
0.1806692196341035
0.30134826224284433
0.0
0.0
0.08346143300359833
0.02835762280877992
0.038025262607165045
0.21116552957089532
0.015364525740753388
0.09250670011222843
0.3058592231729563
0.012146724988779754
0.29188801133093617
0.03304266443119831
0.10114971459977967
0.06227775674778173
0.27584260589858495
0.0
0.3494885784595047
0.0
0.09394119134059362
0.11729810858630767
0.18299722208046743
0.1737231614028795
0.0
0.0
0.2741323953871556
0.2005025843121712
0.08723384313558867
0.08140826931842715
0.0429059540632366
0.0
0.04797031785783031
0.0
0.30298267546553287
0.10726488915401995
0.41041791104936637
0.08845288916563608
0.4792768719850846
0.05848413601177557
0.14795445093367812
0.0
0.0
0.0
0.2064385918171834
0.10783941052734038
0.6375329116533893
0.0
0.0
0.0
0.0
0.2032368412099271
0.04920216132334142
0.11001938801757556
0.4412699870225904
0.0
0.4026899351723948
0.0
0.0
0.0
0.1560124984302094
0.0
0.24263700061390528
0.0
0.08578513334388567
0.0
0.24263700061390528
0.0
0.4289257006154265
0.0
0.8172393015749402
0.18274026744282482
0.0
0.0
0.0
0.0
0.0
0.0
0.31458838946873036
0.0
0.0
0.0
0.0
0.0
0.6853919487564885
0.0
0.5193279552890488
0.16589323569044204
0.1049200871978712
0.0
0.0
0.0
0.2098401743957424
0.0
0.3467508945840003
0.0
0.12259495317589
0.0
0.3467508945840003
0.0
0.18389242169041142
0.0
0.6601817624699706
0.04987268748130874
0.04987268748130874
0.0
0.10217653573918999
0.0
0.13789353886034209
0.0
0.2981804714006232
0.42023049972995347
0.025065016591479635
0.04915654411599402
0.0
0.015544664005000432
0.07865046437021048
0.11317060184053473
0.24219708380883606
0.03232699608995102
0.3166042874716467
0.0
0.020445388514160164
0.07892025099623665
0.21764632135024115
0.09185805541914788
0.2288664499304797
0.05035888444017426
0.0
0.0
0.2288664499304797
0.10071776888034852
0.22710940931151255
0.16407540721277528
0.8589455104477182
0.08101266527187484
0.0
0.0
0.0
0.02880157504083671
0.0
0.031239696994556063
0.6086463257089724
0.2151661870360214
0.023286943271856386
0.05207119318870699
0.03293271134929184
0.0
0.0
0.0678925228561403
0.31883999329083
0.4614414241723268
0.0
0.0
0.022452915537622693
0.015323246547937512
0.09853435007157252
0.08340741340092185
0.6060819543621382
0.04981800631381103
0.1998333198299175
0.0
0.006378541747172354
0.060259169896774684
0.04510310432272721
0.03252430889198665
0.14220379433176386
0.0
0.09612346397918077
0.03436269618918247
0.10934090165436572
0.15557730105057194
0.2545867024277329
0.207803782062458
0.0
0.0
0.0
0.0
0.0
0.48937088539929474
0.5106285997102411
0.0
0.0
0.023174475258830093
0.023174475258830093
0.0346128405023205
0.6458988661281622
0.27313773599110924
0.0
0.0
0.0
0.08213014765933824
0.0
0.18670058197876904
0.43509098243664196
0.14609664867447147
0.1499790103288993
0.0
0.2992258933910003
0.10517885427779311
0.09322149552661566
0.0
0.07083424792039479
0.1065427951236991
0.3249960813118576
0.0
0.16924817279556312
0.17470155922947886
0.021264215840523456
0.0
0.0
0.0
0.32253876586677954
0.31224703340875953
0.055853655270369874
0.02456327709148544
0.12146801851771569
0.5880434966036038
0.1890390092067296
0.009387781752420317
0.011644110632127329
0.0
0.020990569248155615
0.0
0.1974317547348105
0.05273815088237528
0.2727392084055917
0.32205380697529
0.13404519784316962
0.0
0.058714948160533006
0.04032559292716418
0.16999622625424476
0.29630658003286287
0.33620732294446903
0.0
0.09844731340110989
0.0
0.06736639611462103
0.17144150175188047
0.04012454989748341
0.0
0.36908986454994924
0.11458462758639117
0.030278607176621855
0.20711327074207353
0.04818144453239946
0.1070788639293332
0.2903707374324892
0.36662822322888233
0.15313325003879663
0.03460656504625714
0.0
0.0
0.03524417067660012
0.0
0.21798662979701672
0.4258695771041788
0.25015473836532715
0.07074421480578863
0.0
0.0
0.0363969398527553
0.05209836000740371
0.16033439323150833
0.0
0.1787636431422479
0.18620973708298383
0.3485274924123799
0.037668827655080894
0.2503019494046087
0.008727225728469049
0.0
0.20813591801668538
0.216357330571504
0.0
0.08727225292282201
0.22920434762244882
0.0
0.12634154819195098
0.19560489715204962
0.0
0.21643465231893386
0.25776338113817954
0.20385269611595078
0.0
0.28470408255818486
0.08752297629413773
0.1253138284469045
0.1672797021842698
0.0
0.17504595258827546
0.09824047359181604
0.06188809165348288
0.2296256000114395
0.0
0.17115282733035253
0.0
0.38270934760943315
0.0
0.21649308958167962
0.0
0.1908586575066475
0.0
0.3483439285641131
0.0
0.1908586575066475
0.0
0.2699148990898703
0.0
0.1527500973392819
0.3282429886807801
0.5189977393098387
0.0
0.0
0.0
0.0
0.0
0.29194838626913533
0.10880274617030307
0.1376257876705428
0.0
0.0
0.0
0.0
0.4616109153736524
0.8622644588712612
0.1377201435491817
0.0
0.0
0.0
0.0
0.0
0.0
0.8860721800999206
0.0
0.1139177508979783
0.0
0.0
0.0
0.0
0.0
0.4679961480047626
0.08720593860913033
0.0551538743877145
0.0
0.15599871600158752
0.0
0.110307748775429
0.12332782430140803
0.1537655626312305
0.030123812258120743
0.059642103654225495
0.048573186246715264
0.06193522394277605
0.048573186246715264
0.4070544508313224
0.19033096799830385
0.42395733852196427
0.14642734011623865
0.04205148056651413
0.0
0.15108709217225091
0.05360533171855904
0.07463107477109335
0.10823662527237382
0.018518821990470044
0.10817991447049076
0.10900826705731925
0.09972691270734245
0.25926351476537957
0.26816757380109785
0.07856870337460559
0.058561662127693384
0.17551972126765036
0.0827575650616825
0.1502051337412689
0.0
0.0
0.0
0.05505161169407524
0.5364653169037573
0.24171247732328538
0.05725263353366778
0.20401675041690584
0.0
0.10139018070507964
0.035506577401780585
0.36011741086339566
0.0
0.3703404319474986
0.41613573934350917
0.10688419840912998
0.0
0.0
0.0
0.009560014117244291
0.09707933835036232
0.1410440717917182
0.0
0.26099905902482995
0.07126604141563922
0.20714012896115178
0.08076938022429976
0.21149754667797865
0.027282117682958407
0.18689079522460117
0.2530997982313882
0.0
0.0
0.0
0.04989255947922085
0.16909580914823064
0.34102024103690454
0.020195732503809127
0.10115964332836665
0.0
0.020195732503809127
0.05410221698089158
0.32202716836010353
0.16579361027421402
0.31652467150261165
0.0
0.043688825420372265
0.14514997562321239
0.16002429990652178
0.41024806330684477
0.24088803272652462
0.0
0.0
0.07379002322029923
0.03235187560316782
0.02490223443070398
0.07130284940796355
0.23845345467163395
0.13221125521158622
0.14520387949800836
0.28178399314475994
0.17530710299868607
0.0
0.035557343224345686
0.0
0.33788360884636587
0.2725253011614603
0.17872574119382803
0.0
0.020339545051885576
0.20390144304111565
0.1022141050291368
0.20497529857033897
0.17834540199883667
0.10814262174781536
0.054372979232163235
0.1277082501848437
0.1386977018985174
0.34049677502054
0.1371065563630865
0.20608857554820623
0.0
0.07600494900683022
0.0497779629577526
0.05182705110157919
0.0
0.01309402443981339
0.014639564034985298
0.0
0.042583575533185244
0.04846558178125945
0.6857762978419751
0.19544022439059064
0.06187076893214786
0.00917965851030727
0.08486508745417082
0.0
0.7388305108033747
0.10525294798301642
0.0
0.0
0.0055248410342733255
0.0
0.10923590314982833
0.8244646221995205
0.06077325240608844
0.0
0.0
0.0
0.06691980374780912
0.03940529622866105
0.015456028304023857
0.23117691165342702
0.44854616570000916
0.10324871459389243
0.09524434750648143
0.0
0.010861670871937238
0.4274717258199412
0.3786049561969626
0.0458619909055147
0.06527051748673299
0.0
0.021111293506998904
0.050816940072652875
0.0
0.02711196920197299
0.18501638606492518
0.5208859783338728
0.18719571448122294
0.04887679491896474
0.0
0.030912399196493388
0.027517864862152863
0.07760184818407549
0.0
0.14803961147037303
0.13320139159270078
0.2761021119598016
0.056033433293196246
0.2815029789277976
0.07801008914945408
0.11487280438825943
0.027440514149260582
0.0
0.11317202096930877
0.023568588532556223
0.28219574982041296
0.3607393546413221
0.2632337923380511
0.056057970894377716
0.0
0.0
0.22838094332428985
0.15302503955800503
0.17146728606010783
0.12783183408944757
0.2991619948592123
0.0
0.24227294332863725
0.0
0.1121857480722046
0.1348304919246175
0.21153947300278
0.0
0.514696551408631
0.0
0.2426302786055631
0.0
0.0
0.0
0.2426302786055631
0.0
0.5410146374542638
0.0
0.0
0.0
0.0
0.0
0.3367729441423833
0.12220275742772518
0.29938327513142315
0.0
0.10584797089107481
0.0
0.29938327513142315
0.0
0.29537612311852185
0.0
0.46548575022879735
0.17347630714885448
0.1645740563018026
0.0
0.0
0.0
0.19645418870053233
0.0
0.21693159134103462
0.05294249497453244
0.0
0.0
0.3314724382654111
0.10588498994906488
0.29276256631929876
0.0
0.05937529587797889
0.055128577938854006
0.1298024361521729
0.06706681137658686
0.3573452963370955
0.0493085002489445
0.08653193165080032
0.19543839398871113
0.050586121067151595
0.0
0.2888208699699355
0.1095783134065788
0.2218565783544568
0.15688114273039402
0.17227449428279332
0.0
0.07902073270339416
0.02549055912037179
0.09244608631995829
0.00806082296061489
0.04849909877109292
0.17323921581707405
0.32861630868323505
0.24462653836029036
0.35295242864774673
0.15860223424766923
0.0
0.3362618415356232
0.030844419762546645
0.0
0.08882362944646109
0.03251287599158204
0.6187869898717742
0.0
0.0
0.00941329541779348
0.013698357100237006
0.01021015316832955
0.08276266749638166
0.26512796618059226
0.2611080445504678
0.6201792958374026
0.0
0.0
0.0
0.0
0.11871119461911475
0.0
0.059847001931555434
0.05462672811508065
0.018854080708089475
0.0
0.06227016565453155
0.541676241433539
0.1794392311088634
0.0832862045034698
0.2605107035865642
0.13348806946098202
0.0
0.043256342996009216
0.16793220089269212
0.0
0.3948120832061785
0.0
0.13693176432780457
0.05088470956062954
0.0
0.10682634333768246
0.0729980305877576
0.07760488370199106
0.0
0.5547537957052866
0.3904360641757023
0.0
0.0
0.028027942753356464
0.032685914529903104
0.0
0.16957500336954515
0.3792740842341195
0.03465210868946526
0.1455767282453322
0.304928819701709
0.32352760825140564
0.06457039283123724
0.0
0.032670321037065415
0.09407257740589098
0.0
0.0
0.08128838771615095
0.2528286141380049
0.2284163379186555
0.14302651494665633
0.2119850675567736
0.08245451710697058
0.7252359373313112
0.13752785488966193
0.0
0.0
0.03982611798380822
0.0
0.0
0.09740866743386821
0.06300206272042759
0.05989795636145956
0.2179696710604915
0.4620020871746912
0.07236060457188492
0.01962022730814048
0.0
0.10514640979155397
0.13849320068272877
0.17841090218583078
0.0
0.16031304455915063
0.24244620661294708
0.08446341549942105
0.06787352274053746
0.1279970886200108
0.08472403052311946
0.015758278892717328
0.006180905307124414
0.0
0.0
0.0
0.27359943352085314
0.6197362591161356
0.0
0.0
0.07688457974927096
0.2760201479747313
0.49588116958510775
0.15121316450353195
0.0
0.0
0.4204890367016341
0.02408993231078439
0.20181754448741232
0.0
0.2995631844066449
0.028093446319293846
0.0
0.0259456512776328
0.0
0.2609121263071287
0.23351420365791473
0.18595790594798525
0.2684716706176255
0.0
0.044872477684875095
0.006271120008934755
0.09537157668653617
0.2565774803745921
0.24720093112926778
0.2197665761483267
0.13295519052771312
0.0
0.0
0.04812761099657544
0.051820376820886006
0.054309332142864444
0.13847519140649703
0.3328988104842137
0.24048788933734955
0.09491861432113885
0.05412195904487359
0.03296737136256572
0.12801591294623774
0.13975719834481368
0.0
0.09446683673566506
0.09845521296964614
0.3626122700671076
0.0938682907101786
0.08282402983573181
0.030281548661401026
0.5281757067082881
0.022107235518812392
0.11080383383023111
0.15480059530596488
0.08611796644677835
0.0
0.06771159945111373
0.3876725047587687
0.06435812343841493
0.024635145074987038
0.03483935718031024
0.06701484002301918
0.07390543317285303
0.11038946879396923
0.23718237326483116
0.8318476322300262
0.0
0.07144348345928078
0.0
0.02525908607975105
0.0
0.07144348345928078
0.0
0.44888258459664787
0.0
0.0
0.0
0.0
0.0
0.5511072135263743
0.0
0.8313883682486385
0.0
0.0
0.0
0.0
0.0
0.1686000846911503
0.0
0.35083774474573076
0.08342833062346013
0.5425892847321061
0.0
0.023138855184777454
0.0
0.0
0.0
0.4090684420822575
0.14072383265561636
0.0
0.0
0.1573340243009208
0.07036191632780818
0.2225039179322993
0.0
0.22775464199573384
0.0461929936722714
0.0
0.11124745846795174
0.32561531991385656
0.12045658323179385
0.0
0.16873042045164235
0.043985932993407806
0.42926333595314253
0.3151781749476287
0.0
0.05508176530339452
0.08527288673630933
0.0
0.07121764589557303
0.1596154370308389
0.16433414967994964
0.051101873672687266
0.0
0.09835946190267245
0.0
0.3065212650713385
0.2200658174495802
0.2230502568128167
0.0
0.0
0.1255611088837788
0.40562297930949404
0.2170866940045569
0.028676426327330553
0.0
0.16209853488910728
0.03107337368848364
0.0
0.06693409573260156
0.2249952925660084
0.1430725480471382
0.3718246014079997
0.0
0.0
0.13538211872768108
0.4420432407472163
0.3672857743485076
0.041466131563277935
0.01382204351115182
0.0
0.0
0.14635745441586653
0.16099521237128023
0.08954873030341308
0.17067208453826943
0.2712156418023466
0.16120978032274697
0.0
0.0
0.16526064884210284
0.08705943429935581
0.051235773629244245
0.33409295673366757
0.15728048743702555
0.0
0.02262154057876769
0.18244662931480793
0.016309150520307427
0.0
0.1623252160973046
0.05938770644094074
0.31452415177643106
0.2578783842034622
0.1351765697377546
0.054397801901869075
0.0
0.0
0.004365173707175571
0.0
0.03683337458215864
0.2426457661294039
0.6577865697557475
0.058368897566832285
0.31720054382329704
0.03074209160647954
0.0
0.0
0.08304095706002973
0.06804107313380166
0.307428123568951
0.1935466215196533
0.0
0.58996221059274
0.22839828767249232
0.13933709031063082
0.0
0.04230189843827786
0.0
0.0
0.02687280211674348
0.08198702959751135
0.8373795670599811
0.04208687823189112
0.0
0.0
0.0
0.011672800178051222
0.17106708449796038
0.1046423914181032
0.038251763848822916
0.13791868845819807
0.18046739379395468
0.0
0.2113386039716917
0.15631193567274473
0.22931204704927863
0.11214232422777108
0.07022962553574297
0.07396056285312096
0.05348528795937483
0.28306281357458174
0.1778060973040757
0.0
0.11907823768727144
0.12452386605087391
0.22002175846464614
0.0
0.39439459372952024
0.0
0.14197668222760884
0.0
0.1984484612988549
0.228528110062685
0.03827075647956715
0.02075523354646798
0.04151046709293596
0.2395174942015378
0.06563380815561395
0.16733402831715785
0.0
0.09748131879365607
0.0
0.22720593221089716
0.1777975720376499
0.16342247718075456
0.0645464203595799
0.26954571869827104
0.0
0.4160043954314152
0.43934603434628006
0.1446491118850882
0.0
0.0
0.0
0.0
0.0
0.05005124920608961
0.06982007369024226
0.29803580680759784
0.10054698919901357
0.11137219594227364
0.14729577398812477
0.22287726065653596
0.06294800840650978
0.04451096221747341
0.025954127050761926
0.2650143808440447
0.45347890572107874
0.14179770264289038
0.006294800343202218
0.0
0.2409155253022968
0.057300837211781315
0.06948747244463285
0.056502176990358845
0.24587389677884666
0.0505595637229368
0.17011545087614127
0.10924423401364358
0.08418729138091648
0.02662235906058638
0.0
0.2135246847208548
0.3371478681864266
0.17311350276461107
0.052333935052393483
0.11306936667747837
0.032793283652999425
0.16889071672277473
0.31816794673270166
0.15969006812092823
0.13446684845848708
0.0
0.04637670600672932
0.13961238072510554
0.07406979756886424
0.20045929261095857
0.34901187629728414
0.2373929857260416
0.031195578421050918
0.0
0.07498483999368889
0.03288302975051847
0.035584169697838716
0.15469690373563855
0.0
0.14430004517010508
0.16866356916438235
0.4101575188641446
0.0865948280203496
0.0
0.26045297248631655
0.1135620957007842
0.1325261706496758
0.0
0.15235954388670686
0.16035224223572642
0.18074274283140587
0.0
0.21855845848000094
0.05548788865419036
0.14037447860470767
0.1535936575296149
0.22333444411209327
0.05548788865419036
0.0898941587757344
0.06326592332231204
0.049068332486255244
0.13211954717512003
0.3065730386702686
0.05172256834529651
0.11449277884782535
0.2280740503833572
0.11794559506407848
0.0
0.054061705329166744
0.0
0.0649740849356715
0.05698604592960983
0.17205033942719095
0.11538794286103447
0.3699344917482956
0.16660088462681935
0.39147886234425794
0.4568373784116327
0.0
0.09815394167402078
0.013354587452136229
0.0
0.0
0.040174896253271
0.19969250402624886
0.670319292331176
0.11862571590112268
0.0
0.0
0.0
0.011362114761776053
0.0
0.02613909567076862
0.03512335465036109
0.07793173109074515
0.3836835837951425
0.18877469036608724
0.12365966212325205
0.16468679317463278
0.0
0.072151001200212
0.3233220941302698
0.2343818411561642
0.2218372519050289
0.14830495958976683
0.0
0.0
0.0
0.017772291197774442
0.15896021453109221
0.11399527759029929
0.12947795716564936
0.18060695934963725
0.039740053632773054
0.2513381696694091
0.1081046337904665
0.05966350062386952
0.0
0.16217453231356688
0.11556713713306911
0.4300301994992237
0.0
0.1419027184443498
0.09065832840106754
0.4669507955081649
0.0
0.19422593278512554
0.0
0.13733846986901987
0.0
0.061419632329690714
0.14005830258460783
0.28882149804600615
0.2602940457408265
0.054073779187043314
0.12233774655915132
0.11114993981043404
0.04604216380834248
0.07904337850024458
0.038235936939933345
0.3920210451929105
0.1613180600103319
0.07579576636634767
0.19717345005492143
0.0
0.11959355119653323
0.05409655502982298
0.0
0.007414265927494813
0.012229244078720005
0.0
0.010052375869324831
0.0
0.04866014564695029
0.7743824707169268
0.1472612729826227
0.08475715912029677
0.04971089105083082
0.10221017705706607
0.4970619773410665
0.16703919203127784
0.06977809137206527
0.0
0.029442164661998674
0.10135199751806903
0.21964478705712143
0.34667214584278455
0.0
0.06453032067188559
0.0
0.058840460857130704
0.20895970170445552
0.10219104321643584
0.0
0.43743681889114605
0.0
0.04464800402973396
0.03698320204100959
0.2522372584801561
0.1265025985390848
0.08187883372947102
0.14588146028975388
0.1401715344250843
0.0
0.25903922085331765
0.16949953306685417
0.09051238446939436
0.1130159355422587
0.1845693564248828
0.3251997809620996
0.0
0.0
0.03205657221306145
0.026713811172718205
0.2522146948561593
0.17924444868053996
0.23084942386378796
0.08603250591376119
0.26276353890314336
0.0
0.1731370786476052
0.06936162105019826
0.0
0.17785102225839935
0.20193887128057703
0.0
0.07788672822095519
0.0
0.41435592157977114
0.23962289319118077
0.06619099620768916
0.0
0.0
0.0
0.100873627449237
0.3031848215413763
0.516101569326392
0.02316850666066839
0.03634974269766311
0.020320125877763166
0.3461528704440004
0.05492676666731401
0.20620685215981016
0.34983854498844175
0.024563996009904658
0.0
0.018308922730815882
0.0
0.2557090434917988
0.08548064852297219
0.0
0.0
0.07029787568845312
0.46626402193305183
0.09327775378708725
0.028969962871829295
0.07768561922740154
0.024276756912942635
0.2876518265775869
0.0
0.2572758699540744
0.16938479657955824
0.06134997589640455
0.12237394101420415
0.11212972001083059
0.242237483843251
0.5797940837954138
0.019659642769087493
0.034633616659079554
0.0
0.0
0.011544540246353046
0.32084047323387394
0.16285183428527955
0.03530700272544446
0.08079108631054611
0.0
0.0
0.039474428175873405
0.3607332015476032
0.07206987328720829
0.0
0.17589227859026335
0.0
0.3619312080112367
0.16623010949354883
0.2238736067851172
0.0
0.1537586055106982
0.0
0.08219664439110226
0.03413029983446227
0.08701552545536723
0.08701552545536723
0.30873435319798914
0.2471463479180687
0.06124137061071844
0.07350917869916805
0.026232922316923486
0.11206708494000682
0.3868289285753902
0.11293361406283862
0.03318231132802205
0.19400312300204942
0.10034754173095782
0.0
0.0
0.0
0.49077060714482706
0.1998962114871245
0.16364965459432557
0.0453324012020042
0.3348836392937728
0.08274732182595743
0.08274732182595743
0.09434645730338767
0.11254852605130715
0.0
0.19837565068049168
0.09434645730338767
0.4871568753075905
0.12538396323309556
0.26342147766194346
0.0
0.03104452055183608
0.0
0.04390358153782147
0.0490857011425572
0.013335496050378126
0.1670948689473546
0.03385337269899312
0.41399295626458293
0.035561322801008335
0.11681370553492708
0.1272898879419337
0.09205727846945978
0.1224966349561225
0.2746704423903207
0.10777082668064548
0.07669619806548841
0.0
0.0
0.0871759402298684
0.331189574381984
0.2758729985920944
0.2438641227911922
0.17065196809660133
0.0
0.05317080062279585
0.0
0.0
0.256439771625636
0.20311957669642577
0.2481276413263235
0.05053464414512596
0.12333009655650011
0.07096264832803917
0.04759391125811783
0.064019130948241
0.1923120074047745
0.2884922718972692
0.02551762550711228
0.28811323156677904
0.0
0.08101279658317088
0.0
0.31686122148851403
0.0
0.2877566813442134
0.32703872157318475
0.16425175012053028
0.0
0.03558486468846399
0.0
0.12909891798686834
0.05626461617855373
0.44127606754789794
0.12334041792968611
0.0
0.0
0.0
0.0
0.43536972464499696
0.0
0.5042457030907562
0.0
0.0
0.0
0.05602729686478485
0.0
0.43971299321992974
0.0
0.08941923179404153
0.2363987604728746
0.09513022732501891
0.16722829056080563
0.18833708919437017
0.05213992210334698
0.17134424306878074
0.0
0.2332336013168726
0.17596331550291797
0.42060322490113233
0.09743650942043669
0.007869318618548024
0.0
0.0
0.06489206291039387
0.0
0.5708336186428551
0.3735055066689861
0.029259353096721674
0.0
0.0
0.0
0.02640132265406972
0.21322147561609017
0.2573251451683219
0.09843652568280303
0.11805775231922531
0.0
0.0
0.2507020615694945
0.06225672364858301
0.0
0.0
0.024301537001786944
0.11330863652985386
0.6357257829285468
0.07992003816269765
0.12118884948951475
0.02555487916142135
0.0
0.0
0.0
0.01874430488866142
0.7172213864113035
0.264033977344423
0.0
0.0
0.23860298354176063
0.2043357170545714
0.0
0.0
0.10069860276246777
0.061909060703569954
0.2178150317702377
0.17663832752288736
0.0965680994725767
0.06805351941865798
0.17014736674118042
0.08756817970604286
0.08033320938629412
0.2874337746714997
0.20989367226374395
0.0
0.01210064743427677
0.0
0.0
0.0
0.20571101314446893
0.27221054415914797
0.4363694006544076
0.0736053694457725
0.17863674899350754
0.10268641567656876
0.06337988275004125
0.0
0.3633555078589188
0.11791960532805307
0.17401744478873235
0.0
0.22548186366898568
0.3980760808899876
0.07518651225585529
0.0
0.03868314131776133
0.0
0.16862867169306767
0.09394050657916057
0.031350597136989615
0.3172378359780523
0.5739312910313882
0.013314957996369487
0.01913576501934017
0.008421118775390627
0.0
0.03660796330763685
0.08317550871146567
0.36129469633376937
0.28428965681899954
0.12456419679238757
0.0988107267816052
0.0
0.0
0.04786501657626735
0.49809553581285226
0.1256577426681483
0.021682248880941172
0.0
0.015568330846009929
0.0
0.1163591500267387
0.22263663039450934
0.16492741312496545
0.03766643230111169
0.27898147110530747
0.0
0.24322347918536968
0.0
0.08184673551595524
0.19335351265558803
0.05152183533014763
0.16672815451906656
0.09505225394212646
0.06517054274739127
0.21817416448595733
0.3406714533794853
0.0
0.06267901950409734
0.03289967277951263
0.014179423391562852
0.2250486342357743
0.540290243736885
0.09406948330715866
0.056642714527250844
0.02443321056706003
0.012436177769534344
0.04526325672684488
0.0
0.5747199754696682
0.12355337674870111
0.1157480641472137
0.0
0.0
0.14071510171446103
0.0
0.1225655895254825
0.09118406739173075
0.12190374218285888
0.12803853678720378
0.4559066116239277
0.08040115681223574
0.0
0.0
0.11536490254065869
0.0
0.05884014755423841
0.07093983603357697
0.65284967474565
0.053473767852781184
0.048531467925795636
0.0284550424286275
0.0
0.023931300212323488
0.01987386365284633
0.10742070449498796
0.43200100130473484
0.38831730232309203
0.0
0.12316805716949651
0.02683989683666839
0.0768577662720128
0.16141165807540073
0.38686464606432835
0.06998988396761191
0.15486509082290356
0.0
0.23390462467174838
0.43704030710189395
0.3030488452039715
0.0
0.0
0.0
0.026005826621611387
0.0
0.1686909098417176
0.024191856924355038
0.17007643223756516
0.03773872168446287
0.2753711110552292
0.2050878882953988
0.0443919570974459
0.0744507977232727
0.08027650105397101
0.02784353001463124
0.13896209360697612
0.2914697223411282
0.4155045375887702
0.035813447149593704
0.010129571354167368
0.0
0.053030473221505385
0.19015473267350105
0.2530248752080579
0.38629589311869583
0.046379378693958036
0.0
0.04792702648966342
0.02318690159931028
0.4394284546339282
0.0
0.10695724567564609
0.0
0.1830951962516309
0.0
0.025893569736198486
0.2446209563227582
0.0
0.0
0.35842683056513525
0.2064123203854573
0.4351554096068684
0.0
0.0
0.0
0.22659500968894414
0.0
0.1378559346817874
0.0
0.5287217033430731
0.0
0.10681791082724718
0.0
0.4157423863634434
0.0
0.0
0.0
0.2095110411164563
0.0417747471743792
0.10708736008160159
0.22588156870656034
0.31695445774999637
0.0
0.11639502303333742
0.06249469033992883
0.20765791213662493
0.027325011609762542
0.11514526214498477
0.15402574833670102
0.0
0.6721882971083759
0.2975246153935203
0.0
0.0
0.01198530789894627
0.0
0.01830157184126215
0.054525921866514906
0.35489250892292246
0.5905812726855554
0.0
0.0
0.0
0.0
0.0
0.0
0.09771344568519422
0.6617457046716417
0.18873274540341708
0.05180788351818797
0.0
0.0
0.0
0.0
0.0
0.08292181354049163
0.7278593602495247
0.15597267179586805
0.03324573300772498
0.0
0.0
0.0
0.0
0.0
0.031177284496016082
0.6323103225135102
0.23523204859038244
0.10128003484805104
0.0
0.0
0.04708092154816895
0.0
0.029872417692201506
0.1710757516306801
0.17341387114431012
0.5785565924748595
0.0
0.0
0.0
0.0
0.16545504627804813
0.37457617862219195
0.2649245369463829
0.1303366468143262
0.06470728227090268
0.0
0.0
0.011099873483836953
0.12050511447459303
0.39775069168396215
0.44104400236816177
0.029599663923078324
0.0
0.027387192439957162
0.057139830210276035
0.018787459057194728
0.03577025825790703
0.23543612629901764
0.22964870380924757
0.32803761795648695
0.06779115137739572
0.04754018927624383
0.6374297830091727
0.06723198395764064
0.05801049000252222
0.03509906320601644
0.07251683241435164
0.02308738799093625
0.05908359943109388
0.0035282846946818407
0.45419027465962664
0.4875446592407809
0.03643661970259814
0.010410463136497803
0.0
0.0
0.007889484632123722
0.022368752511700476
0.3687970191254981
0.5106367385929379
0.05300991663942965
0.0
0.03122363805942597
0.013963635728030572
0.0
0.07882855697446585
0.6084078578478784
0.2056373553242738
0.06742936897742258
0.0
0.0
0.018818830092197834
0.02087761815362869
0.5118260303382177
0.24853209152974373
0.03588874604052749
0.0
0.006419973995281564
0.014355499133699018
0.18297685646576312
0.0
0.10793958839756997
0.21320253556848498
0.39480278162133026
0.10938335177763417
0.08334119374298382
0.0
0.04856610319234963
0.04276411176804168
0.038815570764625815
0.09760259650217812
0.19528440916992232
0.5705256600162807
0.0833630421064308
0.0
0.0
0.014408363019116669
0.0
0.01910646556015909
0.1778697476275461
0.11820901233261609
0.6535569625275144
0.015030023394034081
0.01622745247658618
0.0
0.18928627895844752
0.35871953722335875
0.08639354652541113
0.28527222737184393
0.035864436346451596
0.0
0.04446325284393698
0.0
0.023298174475058612
0.07303486142294305
0.0
0.22503727455405484
0.412565727122311
0.11793801956407182
0.05766004053761218
0.09046444618801132
0.058135497587669824
0.22863874267278972
0.15532803725275227
0.14811994376254864
0.10528373042539826
0.2618635255231851
0.042628139790288705
0.0
0.10006415361962888
0.20686215296533048
0.0
0.0
0.0
0.21035998640775572
0.32300784872245747
0.159705079946509
0.13099620176828805
0.03861822024281173
0.029002034457688786
0.0388500305958565
0.03104916502998025
0.121038393814036
0.40087421508173254
0.20957128935214311
0.0
0.18615096688471866
0.09342567431780958
0.06042966662931627
0.1637289141542185
0.1610602041008639
0.15968750097187956
0.1755166225250667
0.02731581731096448
0.015175453684760469
0.0067866693625111526
0.0
0.027483916965244735
0.7732129843174907
0.07785065687706563
0.07217374270928992
0.08604154866256827
0.031022721065669293
0.12365573308531669
0.07932638646756417
0.38533026519436653
0.13637837909036352
0.062045442131338585
0.09619737326412853
0.27781260164135296
0.0
0.17978030687894495
0.08255023291090108
0.22993790572128706
0.0
0.15175126739121098
0.0781638531580266
0.037332803001578485
0.08347869034074046
0.40025801799677896
0.0
0.373328043923338
0.0
0.10559311153660503
0.0
0.2436397989009288
0.19257822018597517
0.09628911009298759
0.0
0.10682317422212505
0.0
0.36066302014944523
0.0
0.22999565861769886
0.34839116229100525
0.2486316622410694
0.10955154256533206
0.0
0.0
0.0634278921624035
0.0
0.008295286230522652
0.4007120752462822
0.5832034887955677
0.0
0.0
0.0077889902028863
0.0
0.0
0.0
0.03172010054280183
0.802486629087549
0.1396589663084598
0.010086972572910295
0.016047051294607543
0.0
0.0
0.00407910370853147
0.18521940097813322
0.7807452791033751
0.0
0.00815820741706294
0.0
0.0
0.021797668867580645
0.08653332762637145
0.0
0.030303746120510303
0.06910316917579211
0.46185562442773204
0.0
0.1634397928558882
0.18876095173201976
0.12788373238543782
0.563539344867464
0.07234196003912219
0.0
0.1790372234339969
0.0
0.05719134508745498
0.0
0.08217654281775748
0.13335417398398175
0.037718254485735805
0.042170294596826974
0.47704346966640304
0.08538833435438144
0.018859127242867903
0.12328646899774566
0.02664046496464429
0.0
0.0
0.015684436493392358
0.08650644978632198
0.07727045734033942
0.4633192561989629
0.33057865795206665
0.13821467156943348
0.035927125003773916
0.0489864015254155
0.0
0.04408775721790209
0.08292508943555804
0.11141683775750594
0.5384416818100335
0.025394169433979145
0.02481695334994855
0.0
0.0
0.0
0.13136861066334696
0.7804931225856214
0.0379266681237261
0.015407614300428144
0.031988317041757135
0.16798924229845638
0.028753919593857605
0.29815731481194113
0.3557891252654049
0.0
0.10191375140763229
0.31584217011359306
0.19004639391719802
0.04950795687362124
0.03664559322597557
0.13185371478694946
0.17743266108423353
0.0
0.09867128349743635
0.15289733548892295
0.09583157176067628
0.3383192942288716
0.2575777757510863
0.0
0.0
0.05212020616464963
0.10325355023774686
0.15656069476205992
0.07270745973004678
0.29967882090297654
0.26499107939642025
0.02227495330463076
0.00787538506175811
0.17591072634732377
0.0
0.10426156927267817
0.5051049037829579
0.34715762309497916
0.0
0.04347530834313153
0.0
0.0
0.0
0.08033479754642603
0.03460186403821355
0.053495911562693364
0.051265924293782635
0.17913342875758073
0.3313381666579882
0.1924564377020939
0.0773721184654229
0.0
0.06820238770837492
0.16136027711419448
0.09535538067760208
0.15635188400400948
0.1717861792734349
0.12389869339167141
0.2230439705695063
0.16752472376112973
0.12938966458293774
0.0470724020695624
0.2919075508979784
0.21684212220394652
0.08449755720143204
0.06276320551490758
0.0
0.23747094270881483
0.08787972616351787
0.06577668533761194
0.12410719329555421
0.1805312944896693
0.075041249595406
0.19977435437740254
0.029416228475118295
0.047826358972133755
0.08622019665580614
0.14076134307831437
0.07562011979933676
0.28695815383280254
0.11956590188451126
0.1211081784448107
0.12193376903727929
0.0
0.0
0.05904886206567695
0.42002313771757765
0.41729931886334365
0.0
0.10362538042178783
0.0
0.1683329063993904
0.0
0.07935289223599677
0.044359619610283875
0.21214304453672334
0.113162069364135
0.16423967729501518
0.21840628362282702
0.02413238322338826
0.15130541387232557
0.12305148310200904
0.02413238322338826
0.2952614979830836
0.3821149307635185
0.0
0.0
0.41395424629031413
0.0
0.0
0.1921529672188117
0.12857833513458172
0.08955183777036797
0.0
0.17576145073794178
0.030711937456976746
0.0
0.0
0.0
0.04685116305700046
0.3369268965777552
0.5647447456474919
0.020764830706105686
0.021596828054864108
0.0
0.011257274893844947
0.0
0.0
0.05349968579850492
0.9136458795821183
0.0
0.0818328160018395
0.0
0.0
0.0
0.12777774585528423
0.3599888422030362
0.379724429309405
0.05067528200693246
0.389701852510687
0.04994532630343007
0.2929280651112689
0.15223676883511283
0.0
0.11518519521098795
0.0
0.0
0.13701275017835773
0.14621828235488635
0.17851249268022343
0.2608625631258419
0.16173813335928325
0.05106164027914342
0.06458842915754553
0.0
0.14664188792173366
0.15026140031224966
0.28638613001904234
0.26533429230036537
0.10627358628529315
0.0
0.0
0.04510115438130162
0.0
0.098428975644759
0.876971027636769
0.00956604398738063
0.009075146580859717
0.005958654897794532
0.0
0.0
0.0181063118180633
0.31151695801911916
0.6703764997660694
0.0
0.0
0.0
0.0
0.0
0.05786094282056549
0.25673867812065154
0.5025883127707842
0.13423624537822376
0.01311362165039454
0.03546137965800904
0.0
0.0
0.062035383834353766
0.19736750770060693
0.13558250701756275
0.19229165041963853
0.2076836523801514
0.10500053044530136
0.034735022999345125
0.06530260497008988
0.04670623056208835
0.2808418800703141
0.2827586937618798
0.049232694081778355
0.062274974082784464
0.1339776189725733
0.1442040162826145
0.0
0.1134459177658451
0.37938084689175067
0.253672780253456
0.0
0.05451145966977732
0.12189133673147179
0.07709084475508805
0.0
0.20868144702017566
0.1672025837733015
0.23382199317118965
0.0
0.1159341343541756
0.1354486098314088
0.0655822469220879
0.07332318822102948
0.23415813380789932
0.016518748106161458
0.040924945772584286
0.07187275138802356
0.1599933792493709
0.11059863915632433
0.0
0.36593286026518335
0.04525772742611472
0.0056135306591672575
0.0
0.1924583173352073
0.3320794431486771
0.2445227673550152
0.09297111847143798
0.08709646799259693
0.0
0.028068975322175425
0.044284058382366445
0.06392966477020305
0.0
0.11851394948572906
0.41404079530650906
0.3311620519382396
0.06784854029327465
0.0
0.12749962743863638
0.0
0.17628795300194608
0.09986662678320472
0.0
0.5284962737091442
0.0
0.05935796895735296
0.06560757840173702
0.0
0.15753793853471515
0.3038516992250678
0.08115400923073393
0.33249024356452833
0.0
0.0
0.0
0.0
0.0
0.26669563619926534
0.46199768124957047
0.27130614376875867
0.0
0.0
0.03322729581554997
0.0
0.0377193445900999
0.4419985059744433
0.37487493505866676
0.11217907513104429
0.0
0.0
0.21718688022238375
0.15106213163302878
0.25537423563450806
0.2245891645445252
0.05588649976139501
0.09589779506032635
0.12675751104277644
0.0
0.035429803557261434
0.0
0.3039293748683498
0.3975270566697566
0.1363522926895471
0.0
0.09310791079685317
0.053079672449727756
0.217672758686351
0.16817389100090896
0.19405760886077458
0.2739044777922912
0.0
0.0
0.07631327489734928
0.05688056018522788
0.12769157099925688
0.0
0.1780643128319668
0.0
0.4561613586279428
0.10488256301853939
0.043715214198939346
0.07880872485566678
0.3570106374542763
0.2764792818347705
0.24398067725445002
0.0
0.0
0.0
0.6478879782195626
0.0
0.06955804490654557
0.0
0.03811105628960881
0.0
0.06870568528884123
0.17573247141329912
0.2583198743613222
0.12288214775323582
0.1881484150465749
0.0
0.33657009640770563
0.047037103761643724
0.047037103761643724
0.0
0.0
0.055743005804056216
0.06559261216822874
0.06374456370032666
0.09527083393275099
0.18062669783190713
0.41129606056546536
0.12772236091522965
0.3691307158811886
0.04112393959121855
0.052018122497555594
0.0
0.07356473510263066
0.20561968767921773
0.20038016683457174
0.05815803461757038
0.22516998796262264
0.16835816330642198
0.1357084351062805
0.07033245845460565
0.0261710032912018
0.0
0.03901343062043607
0.3352443403414418
0.0
0.02973075584742109
0.2000817389752482
0.1261895873131707
0.08881028792814775
0.169799918786093
0.11094274276766922
0.2744429069252357
0.014532077961527742
0.0
0.0
0.0
0.0
0.08027475245664417
0.8540256671470258
0.051167077222007175
0.0290872138640938
0.0
0.06327882055643412
0.0
0.1018389603758433
0.38787880650622963
0.38426344617488506
0.03365240934490676
0.008073532440823008
0.0
0.0
0.11990572490534838
0.654211690527794
0.2178088073611213
0.0
0.0
0.014943775731998132
0.011604544488758166
0.46577237915965425
0.5076790324094783
0.0
0.0
0.0
0.0
0.031054271052444283
0.0
0.8319727561308401
0.13697282000123384
0.0
0.0
0.0
0.0
0.016170474989692818
0.4049106835493177
0.5457421099070525
0.008962108648487377
0.008709604464408093
0.015504782268728947
0.0
0.0
0.5987272133867707
0.2405891693596577
0.06679321211991458
0.034030975642885514
0.0
0.0
0.025827692892128072
0.034030975642885514
0.05821996655878746
0.0
0.0
0.07009866567035045
0.13121803837069249
0.40296110434006055
0.22807539792841094
0.1094247768498028
0.21074559008601984
0.0
0.2699335174873185
0.17865159480845924
0.07731474044312975
0.1370582245500041
0.0
0.126295527263171
0.3554628042153173
0.02365260892852935
0.0
0.0
0.3418140529593504
0.0
0.21216820705402517
0.06689968240080783
0.11006839866207445
0.267583231161533
0.4767495545855496
0.0
0.08528668939428495
0.0
0.060306795778351734
0.0
0.525309463635734
0.0
0.3876646514854016
0.0533072244697356
0.03371444610327168
0.0
0.0
0.0
0.1297689229877085
0.0
0.3600329878274841
0.07397100071343397
0.27753979909405074
0.0
0.009122031335773068
0.14956364547894263
0.05437442977794053
0.0
0.0
0.011195589340943718
0.1196793316031346
0.3260035827205579
0.274721014987598
0.21402537273748695
0.0
0.0
0.05964449636242282
0.0
0.1752125305257606
0.20221272270595403
0.3866987569548823
0.17623099454325766
0.0
0.035067300051761
0.040267645021028094
0.03315307201874951
0.023326422402764904
0.03298854189423155
0.2455948672458547
0.5896013266520752
0.28115356385521756
0.1055262308550418
0.0
0.20905125064744043
0.05060890079497491
0.0
0.14824099913613065
0.20541835289198507
0.07625499750387693
0.0
0.028026633316644678
0.04297036767494486
0.04177964406617877
0.30760232582309727
0.3629267364039605
0.14043888233996382
0.07482873630961305
0.04640681324684312
0.0
0.0
0.0
0.12011458536572318
0.41741382577971686
0.34123547653284175
0.08407030402924903
0.0
0.0
0.0688291733188463
0.18822306668069655
0.17826056996378734
0.4249594109699979
0.05565578772345612
0.1282670907893759
0.0
0.3550602965141849
0.19422054685553464
0.16779424225396897
0.017551085800625723
0.13710477551533803
0.0
0.14106591212361805
0.0984984752849072
0.03237395849409785
0.061638183888479206
0.14478075781347202
0.0
0.31866879823128924
0.20297105268334412
0.010617874553238529
0.19194661100649776
0.24176180476648018
0.17827639188008282
0.10748587297875564
0.0
0.23633211994998937
0.03357667039625804
0.07828009742647041
0.1555880580253196
0.16213806592475366
0.38024446567116865
0.19021592711712015
0.033531511366768706
0.0
0.0
0.028812992444556564
0.0
0.0943810062628724
0.08250785421768338
0.6903477957356292
0.0
0.0
0.10394807347234598
0.1330414772308182
0.020882030287462973
0.1752709409109133
0.37357187144671444
0.11566167341014262
0.0934682940241215
0.08810137800795421
0.0
0.020088700698675424
0.0
0.0
0.0
0.3391329200793868
0.4861547372577217
0.10053064655711395
0.0540904843194587
0.2982655739191539
0.2636380202440826
0.10425822082209062
0.0
0.16232322449863396
0.10178885182622008
0.0
0.06972457987731995
0.09188800713372747
0.0684892808898728
0.04464954589503553
0.10668662343621799
0.260437312826522
0.21756818144543072
0.08561159683347214
0.12466753720619671
0.10793233007442639
0.05738254445069079
0.018867263001966866
0.04716816123239702
0.2767471093815423
0.2515300223272176
0.14324571875531014
0.09712518313019262
0.0034863872245579778
0.07898447246828849
0.042126178631860446
0.13936236642194164
0.01102492538650342
0.0
0.24493304154873388
0.4800817567212886
0.21695411787670113
0.289115642980442
0.0
0.0
0.0
0.03155812286352968
0.19384143695376202
0.2685300263833662
0.17637616877721898
0.0628811775922607
0.20485046174305835
0.2937494173105015
0.17438255219734147
0.05621015221651321
0.0
0.03154931469402307
0.0
0.07251459045091017
0.4522705298395413
0.42975214611271445
0.04267110902802575
0.0
0.002791131161849158
0.0
0.063514429167359
0.9334193934454884
0.0
0.0
0.0
0.0
0.0
0.0030659914841057677
0.13604802245900643
0.18069538954261116
0.14492987349875677
0.0
0.10318871689206684
0.0952416786777315
0.17800511061272642
0.16188959599336344
0.32895313260811937
0.12799528061034882
0.11365772127021953
0.37624242002541347
0.004075454436777406
0.0
0.0
0.0490749721854895
0.027742209033377995
0.0
0.1405002795226452
0.17545715088406538
0.49935979360513927
0.0
0.15693363140235872
0.0
0.4398721604643139
0.1806704385585523
0.1302555765413638
0.0
0.03612205961383836
0.0666057813286745
0.01615427459174296
0.13031685320214292
0.23406331322636648
0.09129817578435204
0.03825208012356532
0.07501850466605163
0.13311855318752613
0.03825208012356532
0.302508789294351
0.08748585128967618
0.0
0.0
0.4275325220814242
0.16978360367175832
0.40267716296103473
0.0
0.0
0.0
0.08288612671179701
0.4144306489977296
0.4197763760465353
0.0
0.08288612671179701
0.0
0.0
0.0
0.0
0.05924259706906787
0.0
0.04971794062951358
0.04392464016436147
0.1216393715936015
0.7254749276310564
0.0
0.026574511694445278
0.0
0.17254229721056805
0.0
0.34554349151353714
0.08334715046524166
0.2654227292916071
0.1065688707349015
0.06848869876548423
0.07900920381334824
0.0
0.02223133341340359
0.0
0.5321467917740751
0.2981234690510793
0.0
0.15307094219082032
0.0
0.11811537607563113
0.05885129404825047
0.04777363520987302
0.0
0.40455180122580053
0.21763648670487754
0.04050508147411699
0.0
0.0
0.0
0.0
0.3973137098783313
0.5136040130051873
0.048576914357087414
0.0
0.0
0.14703505471038383
0.0
0.35219496351224033
0.24019637982543995
0.18051578119706319
0.08005738257055849
0.0
0.13905822142159016
0.4494694596737148
0.0
0.23493301568896116
0.058292661451837854
0.11824611104052983
0.0
0.0
0.0
0.15419095217649645
0.3869932928240207
0.1756062591662754
0.1551143426184573
0.12809468319287834
0.0
0.03214058955949453
0.017037293538207515
0.21008769691157891
0.5273848861949579
0.1987394441402746
0.014609359187538076
0.0
0.0
0.0
0.03814999153859461
0.0
0.45668096410029835
0.21219856288224395
0.17114655713231264
0.05460292465553148
0.06722035812949319
0.02197838897475487
0.09807607239181793
0.3727976528731576
0.4737514646821486
0.0
0.0
0.03339575476030929
0.0
0.0094434512019132
0.1142651258999583
0.2118455347666742
0.03210156135698627
0.07412182272660629
0.0
0.35187755847041
0.20634415862316732
0.01644678693061283
0.08182016431271392
0.059440354561732064
0.0
0.6997305380483969
0.08306519504607075
0.05949650424529917
0.0
0.14924689165424831
0.03406005847818278
0.0997890954769645
0.1172868927212597
0.17651400448471236
0.39126462365805376
0.03183734329070889
0.0
0.0
0.0
0.0
0.032242059166077267
0.5247478031589994
0.14268030641923699
0.26045431831749455
0.03987355797613031
0.0
0.0
0.02500772183601362
0.152056770431198
0.5781189809336593
0.11549080551830412
0.0
0.1293235108895407
0.01832061974148918
0.12010382621256521
0.1940184741875612
0.1766730085507083
0.08597101310096504
0.17663678164789506
0.1362140145231592
0.09205997195813796
0.017204513422644334
0.3258600842070348
0.13391620173188024
0.0
0.2618783770125515
0.15157546896708307
0.0
0.10956392094932217
0.046336889142023927
0.08586905624616278
0.1786860755441375
0.5823606413326582
0.06915179471543546
0.037595216801219904
0.0
0.0
0.05212511121720377
0.01829013160695347
0.07853134336782137
0.04039614417251081
0.11295501212536652
0.30839602080879863
0.15684860557248034
0.23245691701921106
0.1403345329783323
0.0
0.0
0.0
0.0
0.19677669797770328
0.4031145792639492
0.25977378194406087
0.10115811691154757
0.8236089371327271
0.07363744990827559
0.0
0.0015952966353657927
0.0
0.0
0.0
0.07182109373460087
0.33783348113093564
0.2508299191124997
0.0
0.0
0.06168237175355079
0.16623819970426396
0.11159330226655538
0.3728444672116893
0.13895879388712404
0.25845143134104437
0.0
0.026668124246478058
0.0517721195261315
0.08012762421576106
0.07117669879057203
0.23342709362727748
0.046760965924046397
0.2872186154571901
0.06612999391581725
0.10663140214489145
0.07539978904290279
0.11829691793733096
0.06612999391581725
0.1065916921907404
0.0
0.08760285020618128
0.0
0.4035317628474162
0.06236684482731329
0.21388396747367833
0.12601855809203413
0.155768126772399
0.0
0.2173130530902316
0.0
0.16873625312566726
0.15209680644867457
0.3060804875549995
0.0
0.2369417779006547
0.0
0.09138715960186329
0.0
0.37626199300461
0.0
0.13858894135595284
0.15681474309648308
0.17687554193339736
0.0
0.0
0.0
0.0
0.0
0.8231023486233667
0.0
0.16568199458833177
0.0
0.4686194426235073
0.0
0.24852299188249766
0.0
0.11715486065587682
0.0
0.0
0.05836098839249378
0.13837255941504287
0.0
0.3796125335925246
0.056536757668740535
0.27757646654777124
0.08953888468597135
0.0
0.0
0.0
0.04556651224361245
0.024792883162100526
0.4493772176892687
0.45056965209326755
0.029693439992459093
0.009461404298671736
0.052890858484994994
0.0
0.04041913529271419
0.06425749531436552
0.24417449088337137
0.49823412451608956
0.09056189987201078
0.045002392240017904
0.0
0.03366047099772861
0.023051045047763567
0.025312971682871086
0.3627207470907653
0.36078530419067645
0.14946636991270032
0.0
0.0
0.016838922921561875
0.024231959147630208
0.039344958413093774
0.2103860514662521
0.43118690420064487
0.27801071447958003
0.010994716063843207
0.0
0.003771156505870349
0.0
0.18469897780019054
0.18661803204747915
0.4662805443898551
0.14763590654015518
0.044987249111137405
0.3475938380973046
0.3728224417603938
0.19589902647627422
0.014598419812411443
0.0
0.0
0.02409844768930486
0.051106138526718276
0.0
0.06663424861645542
0.19692984131271457
0.32611615943542993
0.15469105515825154
0.0
0.20452075007565804
0.0
0.0
0.20259047265660246
0.43802841944501153
0.2659443443912072
0.039593096022191535
0.011198618138661161
0.04264306969155461
0.0
0.0
0.09897084955706861
0.2564411644387231
0.6227667100560798
0.013366233706970748
0.008453547850856072
0.0
0.01516071554953658
0.10170117498347703
0.28948601761229553
0.0
0.354159143434236
0.06780078520492028
0.07580358057158629
0.09588479246497617
0.11966562787286641
0.0
0.10703219387055338
0.09867879976994523
0.5534081999520919
0.05351609693527669
0.06769309831796187
0.0
0.06290448019718795
0.0
0.13637156175178441
0.06290448019718795
0.3311563935119654
0.16706970896896997
0.16430402626831517
0.075286763746484
0.13861175320852415
0.04868500809956807
0.0
0.0
0.7193244595229031
0.0
0.09337696478589674
0.0
0.0
0.0
0.044335559164974316
0.0
0.09071084020585647
0.569019188088631
0.24542175513411818
0.05051218452583822
0.07609232369808981
0.0
0.0
0.1275076011058353
0.07986041034952736
0.4148185720450376
0.2258011522167619
0.07591913237708178
0.23436642128906904
0.18546428005036772
0.27884971156388794
0.13675304894623413
0.0
0.07227240963631423
0.0922930079779654
0.0
0.11963189332768338
0.5220995327286325
0.2964293990598794
0.023806165407262294
0.02579949838312138
0.0
0.012233275838107722
0.0
0.14921855888402005
0.16976613308632948
0.3603404615657814
0.09634913532104053
0.10321048073077266
0.0
0.0
0.12111453304395182
0.053228590409128654
0.021535917022335857
0.0
0.0
0.15435082101487074
0.7490512907275779
0.02183297952797077
0.0
0.1291831887999241
0.3111833957039848
0.08177244756037579
0.0
0.21927826790400903
0.05017939929606335
0.0
0.20840291118397816
0.4590965415374879
0.39083258833763374
0.0
0.0
0.0
0.0
0.0
0.15007053527552336
0.011658936754466205
0.10246295078428709
0.5683736768907142
0.26207703508414837
0.038938466825729524
0.016488226733751655
0.0
0.0
0.03556948282508785
0.053023857548016584
0.4833223603050365
0.09795002156630885
0.0829954621336492
0.0
0.11943749463847966
0.1276983568597863
0.10005021969103887
0.08436658807721643
0.15581610503295829
0.11761357356207991
0.4180374512662323
0.040853185458000416
0.01981670547724127
0.06344441986932196
0.159218668715304
0.0
0.036324561645248735
0.06053058832753713
0.2891350066120036
0.03587944290278234
0.12202527437240844
0.2968839696329616
0.9999750006253568
0.0
0.0
0.0
0.0
0.0
0.0
0.0
0.8872508049952061
0.0
0.0
0.0
0.046697410331428185
0.0
0.0660401103205219
0.0
0.0
0.0
0.0
0.0
0.0
0.0
0.0
0.0
0.33332870376789975
0.0
0.0
0.0
0.6666574075357995
0.0
0.0
0.0
0.18842505384592734
0.20651152674828663
0.19553880538819862
0.12887616848195338
0.11411182523806601
0.0
0.0
0.16653458258641185
0.1895756361802225
0.0
0.04179973040742199
0.042108978648943585
0.15948351435747674
0.18099970672687027
0.11093929300911454
0.2750924054152851
0.0
0.050610519924262895
0.02820909886378782
0.23270652364154865
0.3166157032318698
0.13065215252949156
0.21299668633634397
0.02820909886378782
0.0398235928292851
0.06712417386477924
0.07928284885854946
0.1442786449749703
0.05454913151962605
0.5748358405930863
0.040105318968600735
0.0
0.0
0.29244916783328523
0.06160006101285565
0.0
0.0
0.10738919001899826
0.35190506939663263
0.18665576384738117
0.04630917898441279
0.022189387030885105
0.0
0.07722818917205049
0.04918219674376931
0.033077985340937976
0.6325737237838084
0.1394385119945148
0.0272144365388484
0.0
0.23197108112378412
0.30882964416940184
0.1232765444840475
0.019243512123336727
0.2350337569929048
0.0544288730776968
0.08520550475296249
0.18544747350464602
0.2947475535886582
0.0409799256138469
0.05247991199320068
0.12174681476811033
0.012858919525656671
0.20653332796357532
0.06514367865994114
0.06415242491295817
0.0
0.3379516518219287
0.2559034245389658
0.01687637493763766
0.16324063581968642
0.09673086589087862
0.0
0.030848012302764394
0.08142480505342364
0.34768450206578183
0.4103561755370564
0.07789992834213467
0.05178558927805868
0.0
0.36769026097563184
0.05616321278485855
0.08128016359729012
0.09056045667252544
0.190954922631622
0.05616321278485855
0.0753508566217801
0.08183410577083601
0.1353636696843723
0.0
0.14357484531956982
0.0
0.4060910090531169
0.0
0.3149620157133966
0.0
0.15672192470328988
0.0
0.3102935476578168
0.0
0.2507550701839093
0.0
0.1831019682265484
0.09911965313231712
0.3371184625787604
0.14961830470807955
0.10866450587628856
0.0
0.1280623600453387
0.05727122980734073
0.05727122980734073
0.16198750405894444
0.057105293189420404
0.17465764036721676
0.2605629948784694
0.2991569267701109
0.15703955893007862
0.05147401678379981
0.0
0.0
0.023703480468986276
0.0
0.01436647750146313
0.0
0.01693105765805621
0.7302290319193395
0.14406293533613598
0.07070617056314865
0.07124435358494773
0.2008655250364959
0.3113497842379904
0.0
0.0
0.05400141785957505
0.12762744248784658
0.23491106213303137
0.37665343178883104
0.10492873611653847
0.0
0.0
0.054777388228204944
0.12279812033591077
0.2283931048799187
0.11244888464212835
0.026430300016000316
0.07074856717725282
0.5343430988764102
0.30521634829243227
0.03141205276605854
0.009344521942522848
0.0
0.022504588554685838
0.0
0.10625726646058754
0.33207883191027965
0.1772384034052291
0.07408328242402511
0.11210810364731096
0.09527202808718296
0.10296174364595606
0.35961827277385217
0.09143546274806319
0.0
0.059464758733085335
0.0487271835742068
0.09680702729326361
0.0
0.34394686228928006
0.36958399942254316
0.0
0.0
0.0
0.0
0.0
0.0
0.6304156991669418
0.10590256133784866
0.026311702859227334
0.03328196170054765
0.0
0.0
0.026311702859227334
0.286830777150757
0.521358352354694
0.19349415879017573
0.025267968653867556
0.13662857039145013
0.31278888608644406
0.1493832126043759
0.0
0.0
0.1824343784290158
0.37263978733312203
0.1278988179959777
0.10891408293196311
0.20276045009730523
0.06142638461004199
0.12635972574170193
0.0
0.0
0.05404632416982784
0.14132530535797863
0.3542222008711585
0.09993208716520506
0.05511665035574327
0.0
0.024170251513999867
0.27118447824991854
0.49876639391374006
0.22305510575727977
0.09404828633068023
0.0
0.0
0.0
0.047024143165340114
0.13709775806005822
0.6279709207331642
0.0
0.15672086740777613
0.0
0.11081839413381693
0.0
0.10448058285885851
0.0
0.5153143820400802
0.0
0.1534241206571228
0.0
0.10848723726068407
0.0
0.0767120603285614
0.1460554192610712
0.06323424155716076
0.0
0.0
0.06387623268492122
0.6363221467462771
0.2163656824459676
0.02019943819991318
0.0
0.0416458889205294
0.0
0.014062817440804325
0.021831362546750152
0.27334396805478756
0.2529793731632709
0.3961362383034269
0.0
0.0
0.08313869488063039
0.07074534893919934
0.075066878056485
0.2520312166241065
0.0
0.15498848210268118
0.36402856422265545
0.027943350351898683
0.014448521279689576
0.0
0.0
0.22489871947453582
0.23545751658365968
0.17591778722604084
0.3213338365966352
0.03107668079210316
0.1965323614928284
0.11350995367145622
0.08142255358847089
0.38528118513021525
0.12099412263915515
0.07118277060999434
0.0
0.0
0.021407299965192344
0.0
0.0
0.17670997765187993
0.7489920453484893
0.05289049590260779
0.0
0.029015528680176133
0.0
0.0
0.0
0.03266178835199291
0.4932656904046521
0.3465312023124885
0.09852536574931876
0.11464436385817138
0.029585881268833866
0.0058022687230123915
0.027947426545367547
0.45854605837420526
0.15122348364081284
0.0
0.212249868876257
0.22140041288725879
0.1927548838425298
0.31929456931351163
0.049830931056469865
0.0
0.0
0.06968581536706385
0.14703279756829418
0.39308397337393974
0.08323078530447647
0.0
0.0299371714721461
0.021168777633661602
0.12095208154041788
0.17276096658964335
0.17886567006663218
0.056694734879874926
0.08451552587300319
0.15349943581435055
0.0
0.34249491672236215
0.12677328528943227
0.08017845861489983
0.15583891824473145
0.09580061406818635
0.0
0.2065776439522081
0.15147408392320422
0.3909755923272871
0.0
0.15516607819060105
0.0
0.556359589317584
0.16452487008267913
0.0
0.0
0.045630987875321674
0.0
0.16132991583868692
0.07214893301211636
0.39442656587320923
0.09154449912272257
0.34126655240825104
0.0
0.08104648348670312
0.09171197417101752
0.0
0.0
0.311887757797027
0.04793985493081613
0.29049845336769675
0.0
0.08575741438928446
0.12501183981631353
0.138899319860343
0.0
0.11561408981967275
0.0825814936073092
0.1868605802810072
0.28234421997045583
0.049548894318545325
0.07386313506237453
0.0
0.20918345786601633
0.021774187566492253
0.19626988672565462
0.22477239525988235
0.15879754896445517
0.2567813828742739
0.0
0.02434428324612478
0.1172575935896103
0.0
0.12028462535996047
0.08562178190102951
0.17793153911464438
0.15655071010856544
0.0
0.3820274121095388
0.07758361209605533
0.06974421575667115
0.0
0.12628895389481037
0.22326607416342048
0.20137468262201952
0.22598725689346388
0.1359678000715629
0.017370784138854872
0.20209712851622616
0.0
0.0
0.0
0.33659060644488736
0.14976549574801512
0.10417374450900937
0.20737264677169864
0.5695960007868801
0.0
0.083649257838003
0.0
0.0
0.0
0.13655660778288117
0.2101977654896998
0.05501947449706309
0.05967700030783977
0.09841423627687082
0.20793692038173006
0.4918369179673434
0.08711508216452349
0.0
0.0
0.5982145106814782
0.10041624613970689
0.0
0.07256820432382566
0.0
0.037832988525410366
0.0
0.19096763948955797
0.64250573000204
0.0
0.12475783004997222
0.0
0.01346926880621689
0.0
0.0
0.21926380382449398
0.35705848588059647
0.3452718850072544
0.07191725116169063
0.0
0.0
0.0
0.04405464757025777
0.1816928049210533
0.12560915290338717
0.0
0.07548170853795945
0.0662018420705462
0.0
0.44997585486149283
0.28272620791179304
0.0
0.3712305803184206
0.0
0.0
0.0
0.046403822539802575
0.2911798983319148
0.2911798983319148
0.0
0.5609779969416301
0.0
0.09530151369920832
0.0
0.1278603900766426
0.09530151369920832
0.12054793055056613
0.0
0.0
0.0
0.0
0.0
0.0
0.0
0.0
0.0
0.33332638903340656
0.0
0.0
0.0
0.6666527780668131
0.0
0.0
0.0
0.1484688642563655
0.06639729613799727
0.16797333710461637
0.0
0.39727683434152744
0.0
0.12597999729756618
0.0938999591403761
0.2093409073699977
0.0
0.013774237705428124
0.0
0.03334320481563981
0.007215258652789146
0.0
0.7363261225593342
0.044465617343053716
0.0
0.02052259244453429
0.10667092034262518
0.1350944724213272
0.33034570375361455
0.3211486199512861
0.04175169132763143
0.0
0.0
0.06817018332849198
0.49572416334870956
0.2776296037934137
0.13988662017527825
0.0
0.018589095699278326
0.5800645128884104
0.0849943322428127
0.07372705672430575
0.0
0.0
0.0
0.0853377918057788
0.17587605525828806
0.1404528347392948
0.03818705973942861
0.05295592465753233
0.03349226914672736
0.18692499729891796
0.3410624709647157
0.14249813114295698
0.0644236645142328
0.05856706553470542
0.0
0.01711925444261598
0.0
0.0
0.0557542231133203
0.4489514851887612
0.41960777388615633
0.09358082888454404
0.07392155272817787
0.15443336282230982
0.21355993528341005
0.08870759743449448
0.0
0.10895410540620808
0.2668422704180942
0.05064249561156068
0.03297367410551928
0.1663726273602406
0.240193681615679
0.22490467912614923
0.20884575170478858
0.052074586584597994
0.02399187165009941
0.0
0.039810994618702036
0.18918173442718625
0.08652453007333424
0.2836887209593117
0.1098985200839096
0.10853658779661556
0.1823583823095881
0.022398983629614354
0.0
0.07965401062152112
0.0
0.15715817241007424
0.19461271799673047
0.5461753234184356
0.0
0.11918463022849392
0.029611659400330805
0.1413876441298822
0.2932880399521966
0.25648723253250605
0.1304258236722181
0.029611659400330805
0.0
0.18961122979179673
0.14659871633301175
0.0
0.0
0.09439269951808227
0.051967438771845814
0.2821131919333301
0.23531381858390096
0.26715750011887934
0.06520020675650183
0.1237086801533815
0.09220701905775319
0.17495050278584034
0.23553257299501137
0.04123622852818668
0.0
0.2677084493209058
0.07333913067536738
0.5605494574183482
0.0
0.09839476302161017
0.0
0.0
0.0
0.22833354206218898
0.0
0.14669400502552374
0.0
0.10372832009748228
0.31275475107317097
0.10573104296413456
0.10275210851556564
0.11179629170962915
0.22526861613410668
0.5123709068813944
0.05716711723477066
0.0
0.02889162714306651
0.0
0.06450444271586085
0.1455635303096974
0.06244431494626655
0.018506900318152934
0.029036016437735783
0.06133582112656629
0.19611620918860548
0.362979302459605
0.124017331338744
0.20111450166487668
0.0
0.045372595184370715
0.0
0.0
0.03587989105068218
0.43270458636151293
0.2849280473630902
0.07169195393777891
0.02825507326603496
0.03175113207810075
0.0
0.08546933197493554
0.06398221785603346
0.3844682931642102
0.33438157098507176
0.20242506597203636
0.0
0.09262151310427322
0.0
0.1267329798879206
0.10755926919855774
0.28298327073566254
0.18767751736512578
0.17042181979441395
0.08919938589394741
0.16756224704451284
0.0
0.1153837183743375
0.05059910500646266
0.291820647624521
0.11501150725013937
0.4719821569251073
0.4357120813724808
0.02934301474061303
0.018473086874250887
0.0
0.0
0.0
0.04448908726143185
0.43020516220360716
0.056051305690983766
0.0
0.07926851875427679
0.05013380887509
0.0
0.17724979324555262
0.20708514450424015
0.15573763141729993
0.0
0.0
0.0
0.0
0.11089326002322938
0.3153304365354632
0.41803484075608754
0.3121849005239707
0.224503467279168
0.16305195297634445
0.12153176734933188
0.03843171597182506
0.0
0.1402865879701521
0.0
0.16731246023726173
0.11318866496302726
0.1332221344633996
0.09405245782346175
0.2737445020562444
0.059008169408906505
0.13032724804953852
0.029142059116244803
0.17453966816623392
0.1672639564819929
0.17980334857200703
0.1576979789737172
0.049868475291962894
0.0
0.27082033895453517
0.0
0.999937503904609
0.0
0.0
0.0
0.0
0.0
0.0
0.0
0.40462139418214893
0.0
0.19074035241056775
0.0
0.40462139418214893
0.0
0.0
0.0
0.8497676134860278
0.0
0.0
0.0
0.0
0.0
0.1502191088947147
0.0
0.09783610353490091
0.033803127300904255
0.026517354882330837
0.009375300971543534
0.08004772107400983
0.013258677441165418
0.5967304454634974
0.14243052814907475
0.0
0.021390370837465308
0.012932194922525847
0.03899938962552809
0.08900712108781061
0.2772867770141969
0.560383832491024
0.0
0.0
0.0
0.46843084021101994
0.11902918884729599
0.13708532105325952
0.23347694817311365
0.04197710179747638
0.0
0.08676196345562417
0.21617025194856834
0.15886049748578718
0.015231180180900427
0.030462360361800854
0.0
0.2553480759302331
0.23716496354731167
0.044673552159855155
0.024227635867818374
0.02166985679450473
0.05834787410755144
0.09739870736240393
0.5376235021825252
0.21605766014356592
0.0
0.370665943198436
0.12427413686782568
0.0
0.0
0.0
0.27708483302074477
0.10629839131570357
0.12167651521054795
0.04226459890574298
0.04201646799697492
0.2571875512055433
0.0
0.0690627449212474
0.12916049245073824
0.1332870689197932
0.3270207455688946
0.1282463284879519
0.04327769551537199
0.0
0.06529616166789995
0.07523493734232613
0.07032118423385501
0.07442400879933515
0.5431988390982081
0.22675459267931958
0.15630280312067188
0.057581780973031294
0.07736245495335771
0.16312065005445847
0.11906413352037445
0.0
0.1998127197602354
0.0
0.07840133599660074
0.054735366317504884
0.14329838170400486
0.4306239952409502
0.0
0.21305841483278248
0.07988148944298273
0.10252515666306321
0.0
0.009970005373804793
0.053189338321623064
0.03439971177934194
0.0
0.7999150965666744
0.0
0.2412803297909029
0.0
0.09499399236788733
0.06923817482979032
0.27034639819728823
0.060547029540332115
0.07509935030525657
0.18849052678739336
0.10334261768867793
0.04621622469275941
0.09243244938551883
0.0
0.14467966322422413
0.16695386192031816
0.44637001595769404
0.0
0.41981860373449403
0.06883320623765334
0.07695786235021237
0.0
0.015391571896661727
0.0
0.33610875304734206
0.08288615484057629
0.04304731954261017
0.08047440552843803
0.6198771145429796
0.0
0.16370615441773084
0.0
0.056903995109297036
0.03598924634093327
0.3350511076139186
0.28499922774967956
0.048361155329071606
0.07905929670720462
0.053523934861783
0.05467611665177818
0.0
0.1443288672650065
0.34470426194057946
0.042244244255878936
0.0
0.0
0.0
0.01645028907316516
0.1170420420309747
0.4795588603370967
0.127654623375636
0.23997529587080044
0.009934360514948405
0.20806892893255455
0.0
0.0
0.12481724637458716
0.2895484342362445
0.3772729989104675
0.02763292492423154
0.1295749043224058
0.025040620310968608
0.0
0.0
0.10569207542460782
0.33478614100888926
0.04863420623602459
0.0
0.029970634301051586
0.0
0.0
0.12017390886332986
0.3812931105481071
0.41992790915265904
0.18152495156512166
0.1448442856714259
0.0
0.0
0.0
0.12671818505944402
0.08514538275781539
0.46176611666876344
0.6588893588403764
0.0
0.0
0.0
0.0
0.0
0.0
0.34111009584436225
0.035582164491947676
0.0
0.0
0.0
0.1267277537897215
0.22327494745304388
0.35518097217808237
0.2592297143165436
0.13875179191482517
0.0
0.18053780146259732
0.2371554375064525
0.289410379605647
0.058831028208567
0.09531027254757955
0.0
0.15866111945262268
0.1383406845931825
0.04455753127355021
0.16362671463374254
0.08941561571016739
0.04632871483607042
0.2326746282124969
0.12639369636127057
0.1175068010273938
0.020446044984335127
0.2459656225800866
0.23578219899524114
0.19315220181504322
0.03170024668322588
0.07317197001486453
0.08227420506073636
0.31584078014492084
0.07117375951586936
0.055833288763907016
0.0
0.039480097518115105
0.13242027702898543
0.38524686201590214
0.0
0.5540843029520965
0.0
0.0
0.0
0.18469476765069887
0.0
0.2611978425507322
0.0
0.3565289674247753
0.0
0.0
0.0
0.4753719565663671
0.0
0.1680693652609081
0.0
0.9999843752437877
0.0
0.0
0.0
0.0
0.0
0.0
0.0
0.25729653296593535
0.0
0.15709165840330644
0.04426994932665151
0.28537980642951805
0.06260716111838852
0.05047550502452315
0.14287588688510652
0.07858888845014408
0.05959773146572495
0.15463347581967582
0.03749555194218692
0.0
0.0
0.14310643981452983
0.526577657004032
0.16059653103834898
0.09606230554354715
0.0
0.013646054021398579
0.2629879743863456
0.35232013707844295
0.044428335833902606
0.06995829206741777
0.01698016588016462
0.022426967117103756
0.10366220554176685
0.4754331814089375
0.21439013831663814
0.10888805411132929
0.05821884015737556
0.0
0.06162653348538411
0.0
0.15826245193630384
0.06294606650875
0.35892096185513594
0.06958660748585185
0.13494561469333066
0.15371059380981825
0.0
0.0
0.03592132355183977
0.04905494733905255
0.2758803960475611
0.5491233896155945
0.0900192269907857
0.0
0.03560549720995114
0.0
0.0
0.0
0.3345082009352934
0.5702923770596978
0.04759672239999974
0.011996908296640702
0.0037731998937109803
0.0
0.08727554224142166
0.04063860828956732
0.03632808867986145
0.5757261837366906
0.16875456180981882
0.08750334369893198
0.29487624359196446
0.05549449703434282
0.0
0.12396963467154751
0.0
0.13278887117327717
0.2057524333273136
0.18711748661619015
0.13445916782601594
0.12440942076995712
0.3021235211279031
0.0
0.21453200352823307
0.0
0.2244734048531139
0.0
0.062074344901271304
0.020346566769931376
0.09417002642285337
0.03569024141268422
0.10873969476637295
0.3600565701012843
0.22432518203085972
0.09459596281416925
0.0
0.0
0.0
0.0
0.053557439740646196
0.3480916154202327
0.5983500600453205
0.0
0.0
0.0
0.15418663283176126
0.3062611591125179
0.5395505097442989
0.0
0.0
0.0
0.0
0.0
0.1529569727063767
0.44969483055185433
0.33541429092925956
0.045902325773237586
0.016029787854574568
0.0
0.19855640016530482
0.3032161987274553
0.19722713059177083
0.11947132394783293
0.07776398555975664
0.04836347746437001
0.0
0.05540088641802064
0.0
0.06885349508600778
0.04955050345920292
0.0
0.11860808041375961
0.4215563732926121
0.2560113998460264
0.08541967285860544
0.6450085613730431
0.11886643268239384
0.02453052571188836
0.0419177775017209
0.0
0.0
0.0
0.16967608946782015
0.4167618072993874
0.05249128001092119
0.17323901611033826
0.027475193067940825
0.03909788421428853
0.08623009564058264
0.0
0.20470363760424504
0.2609861789950281
0.5904838236291917
0.0
0.011933592133085603
0.03956883788692079
0.04869994356831277
0.0
0.048327362126152386
0.14191929517775068
0.059108567246524815
0.0
0.04856909273633383
0.14702158106614055
0.043517578686608195
0.3130862281912758
0.24677727278186326
0.07750154107080186
0.01332066396427149
0.0381445757899883
0.0
0.01891273099411317
0.10525632741561786
0.15392140449687736
0.5929420902351417
0.4276905488354401
0.0
0.0
0.0
0.0
0.0
0.19810218476255695
0.3742066928048134
0.16620864631341564
0.32042375415329455
0.12834513813315654
0.1679077744895124
0.04519741794912853
0.06391880242766507
0.10799572603772824
0.0
0.10232577125414481
0.07393327423965246
0.03696663711982623
0.15093944047704017
0.23824738481877306
0.03696663711982623
0.24125332004717517
0.11936546842580299
0.12155320095333658
0.20638326221242845
0.1299104280522348
0.08392529792034396
0.31552249210349087
0.0961478253276593
0.04655337865415392
0.0
0.048512492785870456
0.0
0.06860702451729349
0.0
0.19798621111894948
0.42482851939503113
0.2600596881211216
0.0
0.13015752104056402
0.0
0.0920352647776219
0.2683266002128025
0.3253938147232741
0.0
0.1840705295552438
0.0
0.46770216099702194
0.0
0.0
0.0
0.3118014406646813
0.0
0.22047691074781975
0.0
0.0
0.13735571830611656
0.7090682452089047
0.0
0.15356835806718974
0.0
0.0
0.0
0.05742394084025119
0.0
0.08120971508300188
0.0
0.8613591660839814
0.0
0.0
0.0
0.33143431062837037
0.05536799070691571
0.07003557907304375
0.0
0.3506766261067415
0.05536799070691571
0.035017789536521876
0.1020935229121764
0.01509058232926476
0.008370749279655528
0.0
0.029228551056347668
0.00706095660421423
0.07854708442902965
0.8400159903960481
0.021685795701922937
0.0
0.0
0.03829997237535267
0.05637984168341924
0.11315958502719387
0.5025804359336455
0.10430493960989394
0.18527482396592537
0.22399412653968798
0.15239297678371688
0.1480451362308749
0.11191572724811101
0.0
0.0
0.174459282739169
0.18919227749573225
0.0817157892061332
0.0
0.2787991836113239
0.1699212675136431
0.3726268632691633
0.048652364768030594
0.0
0.048283784458914195
0.0
0.0
0.6385938396605783
0.30674824875960593
0.024111415733925723
0.03054582608436859
0.0
0.0
0.0
0.036562384684027234
0.0
0.26680043154965877
0.6373448445294214
0.033570959730592195
0.025721011913181525
0.0
0.03765181537062774
0.0
0.04262478031740512
0.11005133167703259
0.05734953639595153
0.18337141033719795
0.3326078644546833
0.23634288492894812
0.0
0.0
0.0
0.11241555329687226
0.34764747201245494
0.4191127687657567
0.09262582424073895
0.02819806798477713
0.02350858184561854
0.0
0.07344315685953795
0.0
0.3503660851280277
0.36295563265992037
0.12840597788209687
0.06132003995692167
0.03285207505557286
0.02872830723427955
0.09153253196676016
0.11098481559254907
0.4634192040224855
0.0
0.23962899912307103
0.03285207505557286
0.16914545848747978
0.0434055964235696
0.03086433973528469
0.08332737102838272
0.0
0.16272964062022016
0.21611354590782958
0.29441289755121647
0.14145802798526827
0.0
0.23446601763715005
0.0
0.1927623739035792
0.0854130004913505
0.21688021828778367
0.12901771471345275
0.16294146184550612
0.03648490052281795
0.0
0.02307507830340534
0.2242572688283894
0.26175096319523383
0.29148850305964846
0.0
0.0917116726421551
0.08686167327499482
0.16203517776029866
0.28553506059625106
0.06733893464961177
0.0
0.16531593748424225
0.14120046454460589
0.2846664373454837
0.0
0.0
0.08558013283430002
0.20485877205335454
0.07933974675967492
0.03200642907215687
0.3135472322939404
0.07977776256364082
0.2125614833256455
0.1300014584795124
0.15964301798968425
0.21869235722749197
0.0
0.19932241858606217
0.0
0.321506594447807
0.5834869412862281
0.05760986062434437
0.029871422065258165
0.007524832244802329
0.0
0.0
0.0
0.45708328386880187
0.0035743130318803156
0.017871564266180535
0.0
0.0977225648686489
0.0
0.11899436440162946
0.30475350994252853
0.10006377524523592
0.14151581391094256
0.19307423236241308
0.18155377423643856
0.11976343111493469
0.11929729800112139
0.14473139659233064
0.0
0.0
0.09322546898939099
0.09622689300069268
0.10335148988216454
0.2231685648592519
0.23550117668482531
0.049296301193181645
0.19922938169588947
0.0
0.0
0.0
0.0
0.0
0.05903915592196965
0.26330761069787445
0.6776528820561651
0.09997688163711427
0.032477805112019247
0.0
0.0
0.05493827547036625
0.07035256351913859
0.4760472503837732
0.2662049719469782
0.1663297754531867
0.0
0.11832774867983878
0.040204122360687315
0.27394681923257624
0.08528581807704076
0.07413273249350756
0.2417698052884162
0.13244746095995083
0.13244746095995083
0.2840030856263335
0.10921896882528394
0.0529789824103594
0.21397382419147865
0.0749235946536935
0.0
0.47428836679013686
0.0
0.0
0.0
0.23714418339506843
0.17675684884869802
0.11179083895037215
0.0
0.9999791671002197
0.0
0.0
0.0
0.0
0.0
0.0
0.0
0.8641827814656297
0.0
0.1357932134580613
0.0
0.0
0.0
0.0
0.0
0.4856275626367113
0.0
0.0
0.0
0.41625218546960785
0.0
0.09811157997295634
0.0
0.0
0.0
0.3869926852244019
0.0
0.4365922260592046
0.0
0.1764098911897305
0.0
0.1186476736632598
0.2653042723298661
0.0
0.0
0.4350414774652366
0.0
0.05593104915514287
0.12506564008013496
0.2985350831366193
0.0
0.05939288275532826
0.22473636519725865
0.2504805315724639
0.0
0.1668510191828618
0.0
0.18767267405995167
0.08919101494763149
0.058312070417704
0.0
0.0
0.2866253537928001
0.1480210587238397
0.23017730394880712
0.144279255514825
0.1988984783026857
0.0
0.0
0.0
0.016925911401549865
0.5752499157737669
0.06464620850387104
0.0
0.0
0.572543813945343
0.3602493517544727
0.019494982360192495
0.047711658378824975
0.0
0.0
0.0
0.0
0.6659311108311652
0.30203509554168284
0.032033579133666494
0.0
0.0
0.0
0.0
0.0
0.14962111141027162
0.6150550356266559
0.21712672347261014
0.018196766553740692
0.0
0.0
0.0
0.0
0.0
0.0
0.8642629021545103
0.10935492257444905
0.02638195093933918
0.0
0.0
0.0
0.0
0.0873940007835094
0.2634269438891164
0.6065787197208358
0.04260011103432508
0.0
0.04263627848571927
0.03189184868845598
0.0
0.18635617919861563
0.4741715539937694
0.1281827711155162
0.1367610141984639
0.0
0.01864964783769059
0.0
0.0
0.0
0.01713981819415092
0.4247513805943315
0.5394589352753862
0.0
0.17135779315378497
0.11894418856918303
0.03326012980276668
0.051681872246494794
0.1884521821976666
0.12388094702462664
0.055116701113874525
0.25730558736244813
0.27290722828890496
0.042925780893437876
0.09256393872926492
0.0
0.006398997395781063
0.09094684625157928
0.28337155422802573
0.21088405446362155
0.21565303347781153
0.40211342842920106
0.09091562827151972
0.05378428148989975
0.0
0.02684057281299269
0.08610168865092636
0.12459053457680414
0.054263774890727555
0.04253745458360878
0.0
0.0
0.03537565122810148
0.19860592882903924
0.28055656307410176
0.3886599490972452
0.57026840140459
0.30126283918299834
0.09874941721259503
0.0
0.0
0.0
0.0
0.029718808778277567
0.0
0.18289217754095463
0.28163324214843927
0.3323335425446082
0.07707314425378425
0.03592080695446746
0.05036652998596635
0.03978000492234324
0.28324037316116735
0.21393125479905936
0.24986690947389073
0.1194323492076845
0.10627014748876844
0.0
0.009232169938343079
0.018026387922950093
0.12430072398651465
0.1335043168836443
0.08442343397157591
0.10130812361243648
0.09297560207151208
0.2557802077346095
0.08867516226751133
0.11903183250835898
0.03169340170331187
0.20109530847073115
0.3201027342551435
0.0
0.057461324381424636
0.2861099885597577
0.03012547405317563
0.07341121647194979
0.0
0.3403203252514173
0.006575892114834302
0.05980487802343739
0.07979014668917461
0.0
0.18979366528420233
0.3237148475679068
0.0
0.0
0.11265931405815256
0.0517476493477936
0.11222586579981499
0.10853488107540327
0.5404167475755626
0.07441529418045843
0.03387868097658423
0.09275420880839087
0.025751761022509652
0.0
0.02258578997841957
0.007985282418844556
0.14666815182368992
0.6703752321898797
0.16162838668072607
0.0868303617043853
0.26434073271452857
0.0
0.16907663992285915
0.2055138794231327
0.018305446746098616
0.09430131683178136
0.14940453003361542
0.0
0.21986183729530312
0.0
0.41086246454963316
0.08351967636646988
0.1363421539716425
0.0
0.39909835748496497
0.08781605198557371
0.1988955325513865
0.0
0.31418023984536014
0.0
0.0
0.0
0.1424364567132367
0.0
0.3357259710834208
0.15014122131164553
0.23739410336568056
0.0
0.13429037782102507
0.0
0.3024170279234649
0.0
0.4042041051206361
0.0
0.2167421666641802
0.0
0.07662992709885909
0.0
0.05193700178682755
0.0
0.04407000334730248
0.3543470118082782
0.08309919976323758
0.1814081418974153
0.10283001425971933
0.18230603028716888
0.10449405227122924
0.037026231768227696
0.18074549021612626
0.33641374905435084
0.12521323767041517
0.15534157251669253
0.004925896505748373
0.05583889921347563
0.4238566308649818
0.0
0.0666026391466032
0.0
0.09419035656633325
0.0
0.2664105565864128
0.14892804304083512
0.055272402238386226
0.0
0.1443190199232681
0.0
0.29242248454987335
0.1425165107061921
0.10523552475340958
0.26023060330365355
0.4768236652481042
0.34468218144518775
0.1378034549173074
0.013897183003981609
0.0
0.0
0.0
0.02679303815419102
0.15307640540958942
0.15872628515197215
0.5090115024546543
0.12091998589083626
0.0
0.0
0.0
0.05826548039990826
0.2148274558802405
0.5555225813512995
0.21355192076177795
0.01609729470855108
0.0
0.0
0.0
0.0
0.11234485470834969
0.12022693847723906
0.5059695365242626
0.0
0.2211017287504717
0.0
0.04035417776810876
0.0
0.05395083291494934
0.0
0.15259599760671916
0.0
0.3011070858106509
0.3015943277313276
0.19074501208208786
0.0
0.3180847706783373
0.0
0.0
0.16267905294199522
0.24924820232206596
0.0
0.26998239167966515
0.0
0.08738557546424501
0.0
0.0
0.07624080240288905
0.018961010687261314
0.699264673828535
0.09856233515009444
0.019584828308711787
0.07710681707222018
0.052182577638068155
0.03248920214871474
0.07658950988832615
0.14262299350324098
0.42121718779293416
0.15088922562779275
0.04690224723059594
0.4947547091485224
0.02374775909289499
0.0
0.0
0.0
0.0
0.10510967043314734
0.3763876829673504
0.381542188563955
0.12422078212367793
0.10866674812004945
0.0
0.05392112156748666
0.04777625307649008
0.20631070350241892
0.07756184694276821
0.35949972737009483
0.3435905232524957
0.034551873861319485
0.03625695604485351
0.00551313048325166
0.04876862256513906
0.006163867636726915
0.16565460964479303
0.0
0.0
0.05636605778321229
0.45305753694567874
0.3405446667478304
0.0
0.09519780677249887
0.05483294755671287
0.07653876868609445
0.0
0.06181043709668678
0.07809610144054084
0.0553584023567087
0.023813945454222912
0.557439620126289
0.14694212949082985
0.2094748864955309
0.08622127703189796
0.3428557122854168
0.20880644931687597
0.0
0.046753350757725104
0.059331641461978106
0.04655635488645488
0.10183063951485344
0.12505903881815245
0.29034767177538956
0.19128633644960163
0.06257786378165206
0.0734208513507846
0.07031576203219886
0.08516144369073572
0.038239689548247004
0.08039738099746253
0.06570176609400667
0.6082932461821052
0.106590411968443
0.0
0.10077695781016073
0.0
0.0
0.0
0.23589734653926847
0.46486156602872586
0.1757695316009033
0.04604237639951678
0.07742863192846929
0.0
0.07064201044582843
0.3428219999159696
0.2492757324149097
0.26942491400331964
0.04364883515190267
0.0
0.024186270902166348
0.0
0.22292522057158784
0.19260721671516212
0.3593887689381067
0.15738798611274268
0.031635327076757765
0.0
0.0
0.036055008784272646
0.0
0.0
0.0
0.0
0.0
0.202199871649426
0.2981432598071812
0.49965635134924036
0.0
0.0
0.0
0.0
0.008056632269382212
0.0
0.4003586830485472
0.5915844622555361
0.1995059076189342
0.052372652482305056
0.03810669983638897
0.0
0.08981836111495456
0.0
0.33307283416753475
0.28712129932088815
0.6177822341113758
0.06117508557076495
0.11845307204052997
0.0
0.04325731896947322
0.0
0.11607155054726613
0.04325731896947322
0.5394951922428652
0.0
0.19074035241056775
0.0
0.2697475961214326
0.0
0.0
0.0
0.31745643552506503
0.0
0.056118898979728916
0.0
0.0
0.17746355314354276
0.44895119183783133
0.0
0.4457895666535364
0.05733715357133375
0.2023899479285882
0.0
0.025641953056673557
0.0
0.0
0.2688349683014606
0.3567462693459888
0.10676068174027208
0.23425115702288682
0.050424158127286685
0.0
0.13008949557354071
0.12172589730729859
0.0
0.21472868798226244
0.04833792726628507
0.006551054219981831
0.0
0.20543563061598882
0.2129780267137766
0.12564294992156586
0.18632533725553782
0.46735163835847393
0.19000546875376065
0.12017000130684374
0.0
0.12745953557583933
0.09500273437688032
0.0
0.0
0.3136660253857119
0.1922928483669753
0.0368366280839812
0.2128983235754306
0.06033177879490739
0.0184183140419906
0.12355380690026463
0.04200021562070527
0.17816589092803303
0.0
0.12056471099438047
0.3339350075872684
0.11951588526478599
0.15982053112322006
0.0
0.08799754107374072
0.04577696664810093
0.222070823762249
0.3257530564224409
0.21768295448998148
0.1664716373962643
0.0
0.022243607594136985
0.0
0.49237708109728245
0.23560089962546601
0.04089947851351286
0.11924145444523178
0.07712080047787614
0.0
0.03475787581556206
0.0
0.2648081081803733
0.0
0.28848987132846604
0.0
0.19426426407202635
0.0
0.039052771871388746
0.21338061831528077
0.3756626314009133
0.0
0.447512222957639
0.0
0.08348057957260185
0.0
0.09333413099616604
0.0
0.10924552506189275
0.0
0.07724825076922084
0.0
0.3823593478909072
0.12214021751015794
0.3089930030768834
0.0
0.21791641775023582
0.1447311720807045
0.1948564154417328
0.0
0.12832940911468102
0.08012906430545083
0.17737323574540742
0.05665980621108882
0.02917333369169318
0.014360728126874476
0.042445711831055936
0.0
0.06989713709867713
0.26836865542155436
0.45136536122271487
0.12438807687009058
0.35517011418293265
0.03844380377933198
0.0
0.0
0.04304606620056393
0.017156213954079718
0.14584039224573275
0.4003432013425102
0.1404239239102928
0.26076856088090616
0.21939967038770727
0.054064105321806735
0.0
0.0
0.02319204036926506
0.30215145796459286
0.1116548370510975
0.0788205844729483
0.0
0.10911128460653106
0.27327810397743585
0.11671926660918706
0.023629126239330982
0.2867856155871749
0.1923859425544772
0.0
0.046909453369588634
0.4071729364153258
0.19901995420866975
0.11415701757250458
0.0
0.0403530373798816
0.03276757611356952
0.2647647813121945
0.6795558964130046
0.0
0.022911307659183262
0.0
0.0
0.0
0.13593926878552198
0.1632452319400465
0.027440111090767084
0.0586673859620179
0.0349495042348695
0.07885286471006742
0.25225630051000864
0.24864900938189408
0.08718009681561567
0.11722801463208751
0.23871914410844886
0.12368028155823338
0.17721303288169296
0.03725195327924852
0.13698103551093804
0.08174562441065242
0.05559200633454917
0.011115741742723353
0.595114312591178
0.3178207706227876
0.0
0.02035682402423719
0.0
0.0
0.0013012345492854724
0.1585711803360746
0.5005252993198714
0.2805079405594232
0.059094019926700686
0.0
0.0
0.0
0.0
0.0
0.4321302744784649
0.5560610973580196
0.0
0.0
0.0
0.011808369247900175
0.0
0.0
0.0
0.0
0.6650058114847961
0.33499395066907917
0.0
0.0
0.050404970005796454
0.15817901755987895
0.15528035314654184
0.10485220576035402
0.1671913310936551
0.2251758224177153
0.13891582776451944
0.0
0.3723829128394771
0.0
0.0
0.0
0.0
0.0
0.0
0.6276168562732585
0.0698300115596388
0.0
0.010972726914802639
0.0
0.0
0.0
0.4808168901167524
0.43837843168634
0.21030907798119608
0.05878317787943956
0.4558473647571187
0.0
0.08313196955413442
0.05878317787943956
0.13313865978983785
0.0
0.7578777560344253
0.0
0.0
0.0
0.0
0.0
0.2420951769029744
0.0
0.24346005831741893
0.08432515050684566
0.055872925220568574
0.0
0.2934242520387189
0.0
0.32291432157250266
0.0
0.16600891815811394
0.0
0.3912867993434266
0.0
0.44269044842163713
0.0
0.0
0.0
0.2937548282543167
0.0
0.10385801443492876
0.0
0.44659096265928594
0.0
0.1557870148128804
0.0
0.10960166410961686
0.10475879616779926
0.0
0.07702020051711182
0.45046131917023985
0.19647974802035936
0.06167522752432408
0.0
