0
0.4854081997324194
0.08998639546268727
0.10947852248447823
0.14217414454572183
0.05747463532195447
0.11547675076299936
0.3022215436195711
0.16143272253156066
0.21170205512858342
0.09057352991497933
0.16863517240693096
0.06543470559053598
0.33759330468268706
0.334424906392266
0.08593399245858858
0.01808833149054496
0.15861530738403856
0.06534370538359428
0.3580402274114672
0.10159733265567003
0.0
0.0
0.07525050928883407
0.46511171708467475
0.5236756837054949
0.05379999895148187
0.057979247971603046
0.0
0.09399341886471081
0.27055121865322534
0.220158820765216
0.06923711692472395
0.0
0.0
0.48309887720491584
0.22750483647050396
0.3261351298730432
0.0
0.0
0.024974311687870097
0.4297812377467077
0.21910895342309336
0.1740237570121373
0.03819546541566485
0.021141054479706635
0.06837519151657495
0.3736598138497064
0.32460439305502947
0.1632831547220832
0.029332305162825048
0.0
0.22485749493954413
0.49347159662140067
0.08905520411828022
0.586810106362809
0.0
0.0
0.21411617552175857
0.0
0.19907341410697915
0.37280949877062713
0.13336697178844328
0.09874973770359448
0.0
0.03144843356457531
0.36362508037880853
0.33305438578891383
0.2442669531012733
0.08209693978028222
0.04698791468090611
0.17274672247671793
0.12084658997277267
0.7788809544526749
0.16628217321780575
0.0
0.03738302063299819
0.0
0.0174534086652264
0.1743366476401361
0.0
0.0
0.3334389838559776
0.28311310591750233
0.20911055961603603
0.2892760710627878
0.04428729943592091
0.14716329903633596
0.09369562418531606
0.15469036051932963
0.27088705235753446
0.39350366802328995
0.11939947061699956
0.4002174006876487
0.08687910693163695
0.0
0.0
0.19835424771959806
0.23253293650831441
0.12301416271806782
0.009586810707330494
0.13625234450792556
0.3002589619197733
0.42581812616943127
0.0
0.0
0.0
0.007804213857158918
0.5663774888547065
0.44938023057854365
0.025120364498772627
0.07001884208603729
0.07017468909235303
0.30559241779697843
0.07971258505536956
0.0956697167484336
0.028316182540940586
0.0
0.047509580244492707
0.5131788746406841
0.3153252109631096
0.247094518833101
0.0
0.41416325380343044
0.2226286701045145
0.006979952479575291
0.10913319348170296
0.4811339140296517
0.2709034423448969
0.014978399323695556
0.045310443778770325
0.0
0.18767343681530163
0.18408745058294648
0.7985192174457391
0.0
0.009657773371498958
0.0
0.007735324088349414
0.4592079131427754
0.15767971893649768
0.2548039182107001
0.04416412772968091
0.08414333444041637
0.0
0.4208146515061828
0.17444687754145743
0.1694912783321138
0.14276665265101282
0.07419841589678558
0.01828178341153057
0.04363212196000884
0.0
0.5054964150002319
0.39788330971355657
0.033937825030460785
0.019050055594983586
0.3504466716293598
0.29939244202780557
0.22256877518694326
0.11390133839149205
0.0
0.013690432202151276
0.2431741304362097
0.1514916893828158
0.14946687660775426
0.26059784276958003
0.11474167676627423
0.0805273435045195
0.380315738492324
0.06348933505733004
0.052692969040569505
0.29073406484719794
0.16668859167076752
0.046078661895714274
0.5268338686851797
0.0
0.0
0.0
0.07244788219762881
0.4007180145244177
0.0
0.0
0.044395860621978096
0.431149654081339
0.43938771968948764
0.08506641106376787
0.07223816838659036
0.1609205216767296
0.0
0.09668577607171325
0.43072295073856837
0.23943214075574662
0.21772080187082954
0.09473058292610438
0.0
0.08573528405353847
0.39395367085226757
0.2078592092082392
0.03291497067670339
0.030721045178888306
0.07936515543430689
0.2235713733016293
0.27207683427127816
0.3613503569281782
0.24704767715612183
0.01565643311507368
0.08496879643466425
0.16172175792590693
0.04234605355721001
0.4482589611547671
0.19748921458541618
0.23752471847123904
0.20137507115423814
0.17494570215815705
0.12931079057056535
0.05935415639077344
0.1487650660460485
0.026063750092051995
0.0
0.04675035854194215
0.17356159435044025
0.6048586285709211
0.015276133905059117
0.0
0.03499913493627892
0.0
0.8048957868865949
0.14482878542121433
0.04454465105153824
0.10160311142872874
0.03187142646845786
0.049035188828476135
0.3222566112048372
0.45068879598441824
0.2372135044773172
0.3690209803686809
0.3151925778155089
0.033073472697215264
0.0
0.04549907135511861
0.4008811818527269
0.11732638138848558
0.0
0.07536395457605244
0.1565943811335293
0.24983384138952391
0.3347701912776198
0.48735264840939735
0.016307347498329072
0.013655831606505735
0.10556878385390026
0.0423449347420918
0.013340116772079434
0.050680640482377
0.022372055848486484
0.03671617787203922
0.0352367369600297
0.8416539941458825
0.0999576584211647
0.4385862990414585
0.09392277518018352
0.018857874873080577
0.16637492471444626
0.18229954318626312
0.28893481554304445
0.08681499102765605
0.0
0.0
0.11912324054656359
0.5051266338476762
0.09115397584959584
0.04242211405191932
0.145929145535851
0.04925484388520512
0.25222180768482444
0.41901775588588774
0.13630178552749248
0.07724379620345506
0.11470655819488348
0.3446177688931493
0.2669008051676817
0.06022853031749217
0.0
0.0
0.06303617477745138
0.052816098557916476
0.1096278468851128
0.7745195879374961
0.0
0.27060439947483067
0.14941112995561304
0.01885301920496889
0.5611311755421958
0.0
0.0
0.6536798872980872
0.13736769345217348
0.0667217009128235
0.12335478592469674
0.0188756976369421
0.16877537857484015
0.12211688601332742
0.29396496920414916
0.08998285535207509
0.08749440522584966
0.2376651520010382
0.047461342648220724
0.5137846574668073
0.2279237449038762
0.14129875420473245
0.050299295093540294
0.01923202649899729
0.06057584844410502
0.25204948641307073
0.27353088825626026
0.2310784248463496
0.048532212766860365
0.13423288050615578
0.0
0.1414845792711328
0.37284533800919206
0.19327368369945683
0.08351080005054254
0.20888519637213632
0.4133739220689929
0.09769490890922698
0.23538876487438998
0.019420033751098176
0.18660465023679135
0.04751732765532998
0.11183137823212595
0.25633010389157673
0.14424994395452742
0.4875882830195953
0.0
0.0
0.19417540405423606
0.3561632110322163
0.11188306128813087
0.15905172450193017
0.0
0.17872627121614673
0.17963131767739748
0.3971736691395549
0.013572921572246115
0.069875715111558
0.10195951534928277
0.23778656354397748
0.0
0.018815308548056155
0.0
0.06182748240047428
0.3901017644195552
0.5292551060430157
0.08983410971126735
0.0
0.0
0.061969148957528156
0.28042346757870784
0.5677730440543024
0.11345922563631851
0.015449697741001358
0.04456373894095393
0.32411422132505713
0.41178808450904875
0.09062448561834349
0.2588421997574256
0.118920376646347
0.07148203642639318
0.10973926845816188
0.22235914100638643
0.21865638917142893
0.34297494318188004
0.1359975562783375
0.02847286735745817
0.009170493477141588
0.12408104251848395
0.3593026386620317
0.6182773715335987
0.17735960939613243
0.0
0.019136735514018354
0.0
0.18522600406123976
0.051647521818708096
0.11051417057689901
0.09657449599813467
0.12426405829947892
0.45699563739090693
0.16000375848972623
0.20210276168488975
0.1560884631417473
0.07025661128044952
0.14993156930826645
0.3599664143177223
0.06165359644278642
0.11708806350551883
0.0
0.060800806242092484
0.08373462845368353
0.5162080406578814
0.22216800087716657
0.03993920432880939
0.2730243749110799
0.0
0.10049025501559651
0.28700091342199185
0.29954404148749436
0.03366807175875005
0.06882794573678896
0.1860295790437372
0.1164357871271573
0.3099030824228267
0.2851353833425477
0.1624962910717492
0.2739801364647536
0.13402595257764707
0.11512680942100062
0.1718110227017338
0.1425594770416176
0.3434606080186315
0.11642697050609692
0.019047443749257997
0.09352681570279009
0.13915869240384837
0.28837901351581163
0.36541931195076105
0.14555577393943603
0.0
0.11550535709932112
0.27007215947064006
0.10344711986579046
0.04244546052579128
0.022950442022902078
0.07124518897135299
0.11251764839110603
0.34932736508759404
0.40151361536721425
0.23964876870104193
0.0
0.14514269562845433
0.20927913256122554
0.1450622391374864
0.2608663966707871
0.026125457869370164
0.024734795593795093
0.05106454634828979
0.10966165299930862
0.4259129994731336
0.36250021527840953
0.09135554575756469
0.05635692617314402
0.0
0.32747517249562696
0.27018847459349915
0.2546235242966892
0.0058780218023428005
0.0
0.0
0.09967924902456758
0.040030753981341
0.8544116869980131
0.24172365788766328
0.0244527554139703
0.45859846946373445
0.0801000770716676
0.07596305475525301
0.11916148478223712
0.0
0.10129890204568089
0.37127393270203807
0.20191293598414212
0.1995912986668048
0.1259225629485105
0.0343949234884887
0.06239328352987868
0.44150302851662304
0.2478755150639483
0.15692001907024347
0.05691300779267559
0.40591503662639006
0.08514785477493772
0.0
0.02431976241476924
0.016048011955943943
0.4685690010492527
0.2593441317767997
0.16743230830433609
0.03643481021455895
0.0
0.3121308265567604
0.22465756746267573
0.2542925256648379
0.46312312137894857
0.08119800394925106
0.10413904421037447
0.0972463425079282
0.0
0.16351148466855578
0.6781321854620282
0.018578733625879897
0.04545936994471179
0.0073403058363278135
0.08697759606373374
0.21699624686928012
0.07281320372673677
0.0
0.09030010280845396
0.3798419714612327
0.24004796673357395
0.1229019737816822
0.24559857238215696
0.025788471052000342
0.22550980860412323
0.24451294466834095
0.13568766406208096
0.25390449877339644
0.20814065891663183
0.14449037449550517
0.14404180409760506
0.04478741814621069
0.20463484284780004
0.48377452150548417
0.10919603943956481
0.030716942340096986
0.0
0.005020512698353791
0.371291732990869
0.6262722008798289
0.17282397387537096
0.029715248623968293
0.0
0.1149492334054832
0.05623918129802096
0.012384695178798382
0.051212136200286064
0.09395261561228209
0.12281768316250308
0.36735024082315443
0.3522823475526294
0.03729922928970009
0.18906109501811755
0.20595020720950555
0.4529820394936874
0.0
0.11470678855858732
0.182380950059307
0.0
0.06809024464705445
0.2106309795786807
0.24360662780406311
0.29529050981463956
0.0
0.13474731555310698
0.23485087629888388
0.13124199665507075
0.2692393893666594
0.22991979811051236
0.4608131956593896
0.18321816068875918
0.032676714036208046
0.0604391488325547
0.1605762493809303
0.10227618147301887
0.1267413472194351
0.04901693819654384
0.10476161876106509
0.16148826678926662
0.1553622148361743
0.4026291731579467
0.07558909434029289
0.02716551121768942
0.5760744754090098
0.13597375786407123
0.1132255568464467
0.07197100867927257
0.044991119211426636
0.19723325133049638
0.23937101712077324
0.3151108352853721
0.20329308083185438
0.0
0.11438121928906447
0.1088927932362822
0.07504731473000546
0.47316867464637113
0.0
0.22850899950690978
0.0
0.03845260971335278
0.05590463392533671
0.1500802250039564
0.14060855601588915
0.6149533455629402
0.0
0.0
0.0
0.19736225320320405
0.3985104114459177
0.4041268944716136
0.052337280265806474
0.0
0.031133839141814515
0.12331158038255463
0.18451136805979274
0.6087054348830395
0.14706380739180466
0.005666243998537981
0.0
0.026064722477708326
0.08949967804621489
0.7317052647735384
0.3778431328815229
0.04853054445747584
0.0
0.04577166655789676
0.1447145969142955
0.38313975816365164
0.31025611029260525
0.08825590759774297
0.04638213543364553
0.0
0.2150443865996828
0.3400608969474241
0.11222975307970098
0.0
0.23749880197772502
0.030738545781977936
0.1736096081391898
0.44592259528708417
0.2115698623245024
0.0
0.042516745715654336
0.050265044301877504
0.1297074757153997
0.5659402937910648
0.1586463241336932
0.028011473849523134
0.0
0.0
0.36939154458144086
0.44395033846341464
0.6266413950303009
0.18696058467217747
0.0901360059101514
0.06911166199643638
0.0
0.02715014282321909
0.22957798142679647
0.2727911832656877
0.17410913870137598
0.08514575058858773
0.10312420201768907
0.13525132158667233
0.14253927843880163
0.04411145980826683
0.1649301124841765
0.06572960133989016
0.556518091298938
0.02617092768139908
0.07638241664137695
0.021687414287843588
0.10660992539851379
0.1042276743117436
0.48074430574394755
0.2103477535714876
0.22040291847313662
0.0
0.0
0.20346019058709544
0.3476949030416735
0.22844151045861613
0.06528063799541933
0.09600022165104413
0.24223433652020931
0.1638746335436929
0.33579033006508285
0.09681945576821706
0.0360918490749228
0.698362619625411
0.08055545351089016
0.17506834745513145
0.009921442105694959
0.0
0.057437227705227786
0.08651860093114824
0.2624302481785987
0.14965967720672071
0.11908645425685385
0.3248674017922877
0.19061251645991814
0.0
0.3592361122949367
0.13601524735982376
0.27064048998962437
0.04349526055409882
0.12184690435991632
0.048413445018123696
0.03797863100446603
0.20438423987125132
0.4500011877185619
0.13737513092634338
0.38804441850918375
0.0
0.0
0.0
0.11433667426263663
0.4976186971421777
0.5968457619345706
0.0
0.0
0.0
0.0017104235523432668
0.4014436633315695
0.15463216469854968
0.13405966341045966
0.0
0.0
0.27928924881020295
0.43201833731313305
0.2231519730165328
0.04358456411091405
0.0
0.3050650920414683
0.12404383737757128
0.3041539425272933
0.08031826184172387
0.19605558978813872
0.055022856579054535
0.02047423611036113
0.3493263076905464
0.298801894896985
0.26414076918201795
0.19602459376845455
0.0
0.03056974917373612
0.05485176996005619
0.4544129556409138
0.023202632890442377
0.0
0.2809345518567393
0.49530539183570654
0.040988547726750604
0.1595681140266491
0.03606067787096468
0.17614901040929212
0.16499603884072703
0.11625768254514769
0.36128423147071054
0.1452516653885581
0.2890342823592117
0.0
0.08149228762869835
0.24170469260322547
0.2699974576918486
0.11777045483540936
0.2032305085319536
0.24740802425112546
0.15388688304932038
0.08364267777317823
0.1269212756986469
0.18491000432673266
0.07086797171618538
0.3416519690399545
0.06486925836972299
0.07889378840494321
0.2021421136720289
0.24157406361011807
0.013949105058404127
0.3223918484252261
0.10956319846155718
0.051357632791841606
0.28746490892512944
0.21527214391239408
0.13873513619461547
0.17583453216159678
0.2791946457437034
0.04378477938186819
0.044476523031528784
0.31797394668598333
0.04761735604476205
0.0
0.07234943215340975
0.21168370167947692
0.4331170810509748
0.23523199052241223
0.07222944137840911
0.15012699371284483
0.08256576497909625
0.013899787304428639
0.37510495992913234
0.3060727300553824
0.11586807801556034
0.1298901643969447
0.11588977254575862
0.3605104484676629
0.11087578088180121
0.16696541219112168
0.25482680505734695
0.006527773692380004
0.004203369807332269
0.02423245166111715
0.011888925360633983
0.6983204195544498
0.276279161564661
0.04170425001142912
0.13064013852036221
0.2641717947805244
0.022876024319272714
0.2643276500022802
0.37721929685617916
0.3043286070023412
0.0
0.08248994037380007
0.11664404365233112
0.1193177517468109
0.2271396127209805
0.05994344303002425
0.03457987898459249
0.10964104796180704
0.222657714560323
0.3460378318983558
0.355888359223103
0.11093799332457072
0.23395936600101758
0.12863023121735642
0.13056155765738775
0.04002211222346147
0.11399595055256323
0.4291711814758558
0.38092359659667324
0.0
0.029297714504290452
0.04661120488489697
0.28954841950154026
0.16599531907594287
0.24813412686514152
0.1492806450990115
0.09640113023446634
0.05063999207460075
0.1561486543337054
0.11332473747656076
0.0
0.0
0.22192440653683362
0.5086016465661473
0.12238420818752282
0.0
0.05156437028426595
0.18594155761803907
0.43737199860070336
0.20273738014678822
0.1672687463122002
0.09130579607487556
0.049228199442523504
0.025653639969540544
0.0
0.6665432293307463
0.031518957576006236
0.0
0.22623507835150244
0.2597805112282813
0.24514796663701643
0.2373163718438131
0.01491722992625169
0.19877771415150283
0.4963722929402364
0.05896552960585432
0.07911056091746582
0.15185574013179778
0.36466756469807776
0.29143456009088803
0.07066594837693972
0.11126484750534292
0.16196613942759389
0.0
0.331494966628311
0.08987370177383716
0.0
0.028974188270617426
0.13061744975645195
0.4190394507665492
0.4272958793817097
0.05448580036783132
0.0
0.0
0.028164566198842392
0.49005354776069565
0.003935607705260916
0.0
0.0
0.0
0.08811638441908003
0.9079478687309206
0.7326857853245035
0.1103823551402018
0.09263762057235889
0.05092126653709476
0.013372578432440418
0.0
0.0
0.04326611570823522
0.10333321293388728
0.4725605285312311
0.38083962301747615
0.0
0.040225101189167174
0.13756301326343479
0.2615041176078375
0.2647997446621071
0.25197791233811745
0.0439294298424286
0.022165845731783488
0.03337654507352096
0.019751988930882678
0.0
0.6040585380592247
0.3206468356127821
0.056687697710231445
0.0515471292235173
0.0
0.12024421860098805
0.587066125819436
0.1844545522220876
0.3520730574347898
0.0
0.0
0.03436621036538401
0.19146405423610607
0.42209632244274914
0.08389743609450345
0.04525812308699907
0.09859968728462862
0.2909347871250554
0.18542743294414582
0.29588208967224927
0.02476907443166127
0.047283104356560066
0.042502206265659224
0.7316557973552686
0.14455789596074445
0.009230889585315353
0.189406813514726
0.27708661917086036
0.40099490246629893
0.057981518099631334
0.0448924295142953
0.029637189343615013
0.25735417407014005
0.23418173947007495
0.11757571094888997
0.0
0.1417039246042391
0.24918360881321824
0.3233463958213717
0.23588766304518297
0.14377848197782273
0.06188026407022372
0.17891192528230257
0.05619497762772757
0.17432034614957775
0.0
0.03540708836668527
0.13625957593070337
0.08421558042735608
0.5697970480543574
0.29624692265600777
0.11928364865049443
0.09251904936839182
0.2948584677106338
0.19709132495994802
0.0
0.08213042094119541
0.12985860644864253
0.21174830820456944
0.33874906404730526
0.053067953780980524
0.18444516342209716
0.09883380515956575
0.0021659333831672315
0.11948875480579141
0.014120158468884545
0.725306565641915
0.04008439965411774
0.16898864881355213
0.042127978440139484
0.3053571029602934
0.31549365191440476
0.018840203041401892
0.14919207579332347
0.09920087554320516
0.0604209634859111
0.02037359470804062
0.08635908492444887
0.23067380286412456
0.5029712173396017
0.1752460396710812
0.0524544670549719
0.0
0.0
0.25801903303956913
0.5142801612696714
0.0
0.0
0.00971390041108155
0.09889562453828811
0.46666951668759465
0.42472063948864414
0.18037601201218245
0.1380616538678841
0.17088453618629076
0.12401581804530222
0.26120930226009365
0.125452308792535
0.20616593791830126
0.1468910218611041
0.08063950713335999
0.10370170547209558
0.4085362772615586
0.054065199014105614
0.15810779656545662
0.21946506920420536
0.0
0.013525923856884064
0.05957551292519038
0.5493250211520808
0.10992856868208999
0.7880622163886368
0.05433813892339166
0.0456021378993951
0.002068572431076011
0.0
0.022251761437908888
0.0
0.06899978623194035
0.37254752152152126
0.29576429795691406
0.24043626919092015
0.04209607980335923
0.09231248368256109
0.32881915914160587
0.2622188230434902
0.19067677133456773
0.08387612909862205
0.2901183805088133
0.1022150453117627
0.050273455397825045
0.27609234804398924
0.1718837161431639
0.10941681694734773
0.03195963183685447
0.009335508416417216
0.2684565371525298
0.3474848123337981
0.29338374274159557
0.04937930074339101
0.2945561584951956
0.28376806601008114
0.13261568522728914
0.0
0.16411639093935682
0.1249432727842266
0.5188451543186319
0.27197569098121216
0.08287950882391937
0.03150074564876897
0.0
0.09479866870444997
0.7954576908176879
0.15429490237397084
0.0
0.010611534405902373
0.039635677358571306
0.0
0.3926364226947361
0.22370771939505443
0.061024885165315075
0.0
0.08488327870458932
0.23774738079133972
0.10437839140735722
0.0
0.059273040750635095
0.3518478310914945
0.30650318381626707
0.17799712373486012
0.020915904254275197
0.05319958135836047
0.025529364643385503
0.13475739151077717
0.4097635371678085
0.3558334740688159
0.0
0.08681803647080233
0.33591943825086257
0.1360954061893305
0.3275444615426319
0.1136222530881309
0.22508053427231445
0.0
0.22649215922645127
0.03673451207316866
0.24835127932365114
0.26334112874625887
0.08468889526595903
0.2883741009139764
0.1499676827008439
0.16811868767305593
0.05672337673784603
0.2521268713251177
0.12917464306737286
0.05550989463575507
0.0
0.1597972406119468
0.2798031394702372
0.37571469747077707
0.0
0.0
0.11106247783764449
0.34298128428284114
0.47842387209577686
0.06753210412929117
0.02619318856511576
0.09946537038781238
0.5875853992967681
0.16023316008773827
0.08032793763857433
0.0461946466811303
0.1696505095333123
0.027753299107086103
0.2538249517036842
0.10707853585025011
0.21273889703519794
0.2289532966547231
0.3354178068096936
0.0
0.0
0.11250473187918189
0.0666106589691887
0.4854665062101837
0.0
0.3023896580091884
0.07458398006544269
0.3627355288033953
0.18695651231945426
0.0733338819213282
0.02997472459928525
0.0
0.017150900127466704
0.055908014394359856
0.8969660934179412
0.0
0.04214775466161721
0.03145394047074296
0.0
0.34933539646293
0.3235840315614396
0.2534783526109499
0.17361116057751821
0.1483388435956822
0.2252985331821329
0.12468528948949631
0.04357068717891649
0.28449475979816313
0.16614093766160945
0.09983200358886116
0.5361071638414026
0.1674126403095618
0.03050649193627799
0.0
0.13590119757046626
0.07846467196373746
0.07891365057092861
0.06276468618688254
0.2767830510457368
0.36717226206997394
0.057039654876023534
0.05351508654699413
0.061433585901470814
0.29240157362280506
0.2628349857335598
0.27277462420814413
0.42207855660806043
0.05901295442472669
0.21048425737347357
0.1931892466210068
0.03638291134992989
0.07885132847171623
0.032872767469934824
0.07788400198205549
0.8683472605917921
0.02089499993021775
0.0
0.0
0.06779981329224498
0.0
0.026753822001347044
0.41282175303393315
0.38202218015604794
0.11060143446035954
0.0
0.0
0.0
0.07584795578103944
0.38791457746802477
0.5362371062082469
0.39643610948672187
0.11398787755260133
0.04216532975531853
0.0
0.03503078210369139
0.41237954317946207
0.35215231343414316
0.06898156854506518
0.23008969948877703
0.16957015001335
0.07047464474974015
0.10873113754899118
0.0
0.017240264617662572
0.1113332467531028
0.09650945604482473
0.47919994086052614
0.2957167713591801
0.15074564664316947
0.0
0.3815012847068053
0.045299017058296316
0.07961297726991985
0.3428404911978129
0.013969472081043873
0.029645075923845837
0.02575843332297277
0.0
0.7806100639256978
0.15001666472106776
0.087647104274834
0.048954372908026664
0.43093908945424386
0.20999386799402292
0.1694413433922716
0.05302395167129114
0.7209458541328848
0.07876688849674952
0.0
0.0
0.0
0.20028699736572114
0.8139637873493024
0.0
0.0
0.0
0.06886097755464012
0.11717505627969069
0.6494286790077864
0.004858858418910629
0.07486811297422807
0.03420660166930552
0.0
0.23663741102855426
0.0
0.04889479054085624
0.23148860767041143
0.49719516783812573
0.22242092899431504
0.0
0.07134352357174349
0.12630670421636178
0.05663459342037358
0.031966116656363695
0.3933464559646185
0.32040179544867586
0.28588704315483837
0.1381531909211688
0.11571092045263304
0.09900479782658868
0.20792174332651076
0.15332182551305026
0.20072569844978624
0.10673289469908678
0.03789204252772287
0.40469199269374073
0.24995696916001722
0.0
0.19684386995338
0.321964210447928
0.21934470139547643
0.20885295990724792
0.052993612608275426
0.0
0.0
0.0
0.05423381535500104
0.28657272978732323
0.39012856368919563
0.2690644618591155
0.22507202962567505
0.026201420091746686
0.08012388575281153
0.20342723478394634
0.4362791702615419
0.028895498021005266
0.08878086320201223
0.16481971845253351
0.0
0.2748483636431007
0.2683920416423507
0.20315869771832715
0.06553271639353095
0.017083325032840876
0.0
0.33583320892968793
0.3114977425063051
0.2700526325609668
0.24456980454449267
0.2529906067938078
0.0430980973490063
0.1755037909721715
0.07757163706665109
0.20626559168573802
0.5125175232958806
0.0691922872190245
0.2018757781302539
0.08169121114856437
0.05738056165365587
0.07734235124729556
0.0
0.02919770140588501
0.0806016448246252
0.5137452355228317
0.3454929532396457
0.03096214304316661
0.0595389453378276
0.04578020546820768
0.0
0.18539605103562934
0.4156973841478906
0.2935871063721065
0.0
0.13327302342391345
0.09577379549107652
0.09771996366282382
0.36695180174057207
0.3062807436343115
0.2502681714867234
0.0
0.028748777137841432
0.18675330278134422
0.3441607166402184
0.19006852997844614
0.29442895752387394
0.09713356294326234
0.07734318452220934
0.20767086005892013
0.12114798553888532
0.2022748686861795
0.0
0.027708366599827925
0.4518633715827786
0.17307636034426976
0.30237675259520663
0.044974828673014076
0.0
0.0
0.004606531241707923
0.20466391481740276
0.7302532280049012
0.06047604662399472
0.036568173658354915
0.021974738003117285
0.038546242871341556
0.7645003345219857
0.1384089872712641
0.0
0.1299329428951928
0.12610516312121836
0.12839371040285355
0.23380598178059173
0.14862691831103314
0.23313329282910414
0.17437257005747767
0.2636289339868301
0.062374360069882305
0.0
0.11213762976684036
0.38748583674060677
0.08323495130051395
0.062055050510565854
0.10890919347560868
0.07247736920623887
0.39235116828775846
0.28097186299463184
0.09649032599289144
0.0
0.1961353250470011
0.2515811060116898
0.4040346936919835
0.05175785662277527
0.1507327630472533
0.3211196020068867
0.18614057458982514
0.11503929724970755
0.11235139411824818
0.11461581435388586
0.14235441837048105
0.023269206424494832
0.13071317841672878
0.35641918574550485
0.1989049725628189
0.14833801011658432
0.3763592655024248
0.13264502498100356
0.0473738328728907
0.0
0.20105153802034695
0.24256979372671691
0.12658864397583594
0.5045429161692616
0.05219439630142605
0.0
0.09914032399062613
0.21753325735776088
0.33196844395404906
0.10908050835291462
0.16005774865092798
0.04195521699997258
0.0
0.3569378134513696
0.14165590435551478
0.10875792790884703
0.1388996569097502
0.001512709164268755
0.12782399468083902
0.4813494288034807
0.17544800027691326
0.3640419351504873
0.3568633354587514
0.08159993179255705
0.02204640058761668
0.0
0.042177461043614445
0.051126799369800635
0.17039878481938947
0.2440267385745381
0.2403307679264873
0.25193869509722605
0.25069508504628385
0.06893087192843865
0.07435048402016962
0.23538669551802682
0.11544272029424629
0.2551935489611631
0.10244173580024057
0.0712693250170853
0.24851739485680807
0.15927126591452695
0.04193419862867713
0.37656567355335735
0.11656180829512239
0.1109992774294523
0.022030706632956695
0.32307108538631596
0.10967966278971285
0.3176570747936135
0.08901842730470412
0.644775620333235
0.09390412428182181
0.12734020317135597
0.044961414172849205
0.0
0.010895114416095456
0.014582320523616668
0.353524337926542
0.19518785361466875
0.39324420802286914
0.03256589746784533
0.11715204064247141
0.0
0.0
0.056586983613224597
0.694102401425688
0.1321581861713143
0.0316774120574497
0.0
0.03506046966722547
0.2833453370567924
0.6406807486918736
0.009235472543862755
0.10256399450772805
0.09913666414716574
0.27746902842218507
0.2708147521279971
0.16639621888289993
0.08361861233459061
0.16322488335340118
0.0
0.06542633985723115
0.06949607559855665
0.358570601317617
0.34328167032822765
0.12871370969651336
0.1786194127850593
0.10753118221516858
0.3343944625466081
0.08709275886768804
0.1636479745091562
0.26684195458905546
0.12125903394493538
0.14805508673474027
0.1441489276600008
0.22637476165827072
0.09331959998263957
0.2506628873886427
0.13958602193922554
0.0520445203965838
0.1710564235029992
0.10895740583169979
0.2776923468450675
0.16773131118506734
0.02450369423427467
0.20739459307787775
0.15401866097828845
0.08790014403767796
0.3584509776750781
0.13764537267717067
0.04200773238309561
0.07894856487403655
0.11175148692688994
0.31776989586668847
0.311876302143463
0.0
0.0
0.0
0.1362094930615566
0.752014358381705
0.11177584141143637
0.18408404477864443
0.0
0.11721683775184842
0.13705341174388977
0.19093351210447015
0.37071186334946654
0.09589889229104619
0.4148795204166277
0.14132227547408685
0.09197313551287349
0.0694216903329034
0.18650402492007873
0.053600619132530274
0.11245085054567433
0.03620073719540295
0.2542207596045709
0.43133924515232214
0.11218748500665258
0.0
0.020335508876190702
0.012677945018343227
0.46029968960305967
0.5066865695505919
0.0
0.19231897525755498
0.22327297316859984
0.11090204857196215
0.2907230631279942
0.07736960892365874
0.10541263480191537
0.1605573461061328
0.2924937673820386
0.2377044360425875
0.06039977164409343
0.04775021252411369
0.201093622188596
0.08629209941737688
0.06863202895410357
0.17305233068628112
0.08399217404432945
0.15670974194013437
0.43132105744309246
0.03744123481335145
0.1222469864253555
0.03583256783315082
0.33637044021727586
0.2752581096245282
0.19285043169181862
0.13783135374711086
0.16697971150809537
0.404540920229973
0.2906477374140684
0.0
0.0
0.0
0.0
0.8102481309176554
0.16738374538250334
0.02236786009208491
0.0
0.3069133882513294
0.20906359906110278
0.05073173025153632
0.14667064917696507
0.0
0.2866201314734477
0.3404840556256249
0.38724645766934623
0.1466553825098166
0.030718922278214097
0.01918779738299447
0.07570711844711807
0.22183232509234868
0.2211955215489102
0.1301930714053456
0.05933831905709007
0.26022653295807724
0.10721363844481661
0.23918601603145653
0.2309521737973062
0.047544433519080685
0.0546907800588836
0.06896600473281346
0.35866003826919546
0.18018019092233573
0.24734195757732727
0.09316947735922573
0.4075493269344039
0.0717583023063921
0.0
0.025277871942312433
0.0
0.0326184178064136
0.6026772965943463
0.2344653529879574
0.10496064577558578
0.11897412985949916
0.13932949879352483
0.16585051202526566
0.118115502025462
0.05355176289200591
0.4041782404148819
0.10702892453509696
0.03982332001637908
0.0
0.07442610423082976
0.2794812115795656
0.49924010591797086
0.16945565943456614
0.007999405205673665
0.0
0.0
0.14672495421867013
0.6758197930109022
0.1692624195755137
0.3287100718431076
0.14515979431376425
0.02476939596476651
0.04378652262897916
0.2883102475865864
0.039697046089805586
0.0
0.08709813175228302
0.022187219733693548
0.6686546724106106
0.182362503336289
0.11337822345163198
0.0
0.033253258738622574
0.47376506250930567
0.1617644050996635
0.21783845790163453
0.25663197278143113
0.025373656657601208
0.06230466088289943
0.4130091058999592
0.16387318918627478
0.07880632670525871
0.08528074609323
0.23854612113909182
0.03589935356603531
0.2951761500337421
0.09245639830075503
0.25264057102395143
0.4015993531699526
0.11882724985453194
0.045298555093297534
0.19262703465598174
0.20402658675753604
0.03762076424993031
0.16937182262895098
0.13962140234865125
0.3247057502355388
0.09159328441049412
0.0
0.2747070373915131
0.06115123723960447
0.010266585377891584
0.0
0.010889358371548906
0.23037884221168264
0.6873137567111597
0.37385406152431405
0.0
0.10812052254840517
0.0
0.23569562802737654
0.28232936133554354
0.13312367149711754
0.010868754318237589
0.14705714896965233
0.3508538997734474
0.12364802466886111
0.23444803477867793
0.09159131802699737
0.04141101830653543
0.1063432481000994
0.20350605320897924
0.3053146103085263
0.2518329908992625
0.3785192219528366
0.010280149598906522
0.0
0.3297343251659746
0.04563659104387817
0.23582931086600115
0.15411250174852267
0.2479966646191876
0.2367833165881989
0.2602271647261696
0.0
0.10088001498001595
0.0
0.11168737623679709
0.05725204174788235
0.19792072882279396
0.24333617162984084
0.3898032727863539
0.059226862718435774
0.024561419280407802
0.0
0.37201278828522333
0.544198634629333
0.0
0.042783895283717566
0.06861061362609963
0.2418718644161469
0.3396386810420948
0.23575419414230356
0.07134033949610985
0.2526227333533093
0.05316961899323769
0.169485956428415
0.22405773151802716
0.2011199384660975
0.09954335157927889
0.07482787507955616
0.13609708462336145
0.15673068655682337
0.42338458010624824
0.16966153772856596
0.03929781234317135
0.2654051702477731
0.012398741705165773
0.17240684217604943
0.28677525435805457
0.06220843527464295
0.20080502464663877
0.44970836226486083
0.5321438566059498
0.0
0.0
0.005607852682328245
0.012539539612237999
0.20158433125019157
0.1507162878672154
0.04180969484863673
0.05921489982831312
0.3531670316906503
0.19350729121943194
0.2048827774045315
0.2609610404702561
0.31384654184643107
0.06067620370254014
0.0
0.15963298432253556
0.24386846862760916
0.049003898864206426
0.03283655263114956
0.06349843898554854
0.03177640914244793
0.5790158782411141
0.2803373947968753
0.0
0.10837300419784027
0.477781110322592
0.13350807743247808
0.0
0.3214200513536797
0.4624682899367342
0.04818761790377179
0.1679236999315252
0.0
0.0
0.0
0.06896695318133088
0.0
0.5196379165667914
0.36705881465426793
0.044336038583912586
0.0931603619500752
0.02827133786522718
0.0075044667252643265
0.08719923595553987
0.7229609113087356
0.0609033182583976
0.06576011017586901
0.07858308189457268
0.018354839439201184
0.22342995480777
0.6138715741638892
0.0
0.07243079820253595
0.0
0.01944155401875306
0.4521486247178222
0.3883326891779117
0.06764598759463736
0.09974277770311661
0.09068120565546099
0.05844890550810855
0.04729563521553578
0.25344005227969313
0.4503911496856135
0.2679375767731976
0.2836828124865373
0.12440922333274923
0.26782302981152983
0.05614679249979749
0.0
0.15093610462468793
0.009674927445843622
0.0
0.08165321452020628
0.4006529212036047
0.35708216137013793
0.10197601862190453
0.11230632083273064
0.10641720677543645
0.1969094552445224
0.0874273272952954
0.3949631298281262
0.0
0.0
0.0
0.11760109439364823
0.7458704300299102
0.1365280386402815
0.1508836630021103
0.06241889859244649
0.06975622894768663
0.2563585295922579
0.35306704244938525
0.1075142993219878
0.14141093156393084
0.03004129404182457
0.0
0.02689443552627619
0.2427578477454269
0.5588948471176008
0.05818114894518296
0.03599032426883655
0.0
0.04570274936237133
0.13520473095041777
0.7249206830643122
0.2697489747121099
0.07517326448501327
0.0
0.06449237701447415
0.3408483327765826
0.24973640867444208
0.11824749274037115
0.05558649429417898
0.0858176262438622
0.20450876591172487
0.41002692771292676
0.12581235980717184
0.3567453090813487
0.41881503067428627
0.08223390896646472
0.0
0.05200929012397178
0.09019606291624825
0.16894791894216446
0.19366950724407472
0.07239241048104572
0.09829337326727315
0.03167376288931292
0.43502260158052747
0.05749309874253465
0.12406456510195656
0.24090229818498246
0.4581395864829236
0.07149887090367152
0.047900916317711296
0.04812728897503865
0.07514641252940618
0.0
0.07487902303664824
0.45751090551111184
0.34433604769251697
0.2935301770724037
0.1629244915841224
0.2816732765232105
0.1301626718296201
0.043454622310679585
0.08825429533211486
0.028629706401802107
0.11179062816837357
0.04803725576715735
0.15629619256968344
0.4828107848836287
0.17243486098455524
0.0
0.0
0.254283917846197
0.12543509300018307
0.43632664969986923
0.18395339628603213
0.042679594066830126
0.0
0.07234316157977136
0.04110765668747738
0.4221999055234455
0.4216692880407916
0.0
0.029503531165058015
0.12811512207239253
0.02607768494174938
0.5719446353820403
0.24435837449664594
0.6751031404580068
0.0
0.02767114811573831
0.09227623811444423
0.08450499178866061
0.12044416046825746
0.8900462848478937
0.0
0.0
0.002384555766919355
0.0
0.10756889278375746
0.03970406697052071
0.14654684182011637
0.2734314563590179
0.0
0.16422031953962835
0.37609688536719565
0.0
0.0
0.08648935249541106
0.2216100196868347
0.4379777759550403
0.2539224789050171
0.0
0.5020452799233827
0.18132235475381556
0.20382329330467375
0.021119720580544444
0.09168897137988144
0.07017088000449118
0.17105638309502946
0.26537091383671013
0.11087611462693081
0.1286937322664138
0.2538317378836312
0.26400629439301
0.08952726324524045
0.252942796937496
0.22626280431268272
0.07957993020601661
0.0876805748589196
0.11880458865931942
0.31799835767236334
0.017442663612662036
0.09740688225318796
0.34168960668559
0.1066574583583311
0.07108882468875531
0.1292041014957001
0.0
0.3913331633821623
0.4083736782904328
0.0
0.050452619460818963
0.24766069097208193
0.14627849931712902
0.12463230454079627
0.22204468681983439
0.20893070416069243
0.03168392507292622
0.0
0.0
0.26499181012484757
0.6053795326086505
0.097943805112784
0.0
0.018555848486223193
0.03879101025407295
0.4577405284641807
0.40054665142988616
0.08436563971148692
0.35980968511736394
0.10558772533676403
0.10918445247904487
0.19747450943927947
0.16281304998942076
0.06513021857715896
0.24422553945517625
0.10371171638146548
0.09971699720454247
0.4569898030334848
0.09535543548267901
0.0
0.13416038240889838
0.12945223409413306
0.04797490712887571
0.20368562415138405
0.14703029381377347
0.33769607078860103
0.29856911296122457
0.054061061715196555
0.10536953773094467
0.11023033709144074
0.16257184506204128
0.26919759786272196
0.020524005343611148
0.0
0.0
0.20295343112395303
0.6967357024368633
0.07978646640314752
0.1232347910469319
0.219435650759589
0.028036338526827374
0.5197509441057584
0.08990454387149509
0.019636768917571712
0.047224625106399895
0.0
0.05618479985815531
0.06966986022901718
0.581858687675512
0.24506149540838074
0.19248640121981633
0.0764551376236989
0.0
0.2166285033465653
0.13435997472886987
0.38006956734780256
0.27848907104024273
0.14197172620984344
0.0
0.0
0.02815434949230293
0.5513846021938276
0.02388518800495174
0.0
0.0
0.22597082328915527
0.5682641549798301
0.1818793749650575
0.016880304995747573
0.03366807540981707
0.024517091033614744
0.07824458951871534
0.4588189963959551
0.38787058210069764
0.359398942639275
0.2891340514574195
0.07252816679413418
0.0
0.07849152104597927
0.20044664471238902
0.0838911370862458
0.025284826126943147
0.05948813477562929
0.12883293986200295
0.30820778489429196
0.3942946924404577
0.0
0.0
0.01945138353725771
0.026868268607379092
0.7307710067023937
0.2229090335995892
0.15880468524141894
0.0868189614785871
0.0834090047353671
0.24916614711801285
0.31396199902841376
0.10783865939333456
0.11186156660112133
0.05488667401289351
0.06352586011581975
0.23102922224263697
0.3049397659496604
0.2337564262465327
0.026384776964902965
0.0
0.05222351110422981
0.5888794662593341
0.208441363421796
0.12407016679201294
0.0
0.0
0.10341438238284571
0.2598402202492662
0.6367449715550862
0.0
0.0
0.0
0.017940293525816074
0.4074182993341859
0.489954143197457
0.08468689275523199
0.0
0.0
0.06273961401212787
0.23129490205929176
0.4897562487688258
0.2162089355150662
0.0
0.035274402400045354
0.06790416054954605
0.6697824766028597
0.2226189398145902
0.004419671227291307
0.033481802123774905
0.015783472651957207
0.08548346104968618
0.4687399700347567
0.30052514462691116
0.09598547280209345
0.07576373832087598
0.06353769095211854
0.06664912297152495
0.202877645780733
0.5621772948317866
0.028993834140495157
0.012083570916437416
0.01659806155497258
0.013381784621678942
0.05406485453459461
0.16120179426998615
0.7426695191507976
0.4757932414498636
0.0
0.03558796829621071
0.03316983308673706
0.15771918417340514
0.29772954273653773
0.05909077503937711
0.145302919654094
0.14542309662514105
0.23157301443462114
0.12995259739287213
0.2886571210574529
0.13090384121343981
0.25138560186428294
0.061131770433414306
0.10564620769321527
0.35313585548778226
0.09779633698555214
0.4561761641688955
0.29759660036921887
0.0
0.1989665167711559
0.04725994466528763
0.0
0.12475973268457266
0.15935840512792473
0.0
0.13644327249162344
0.5193237564289651
0.06011443859628805
0.24422211856541753
0.0
0.20937146996874106
0.23504437843211948
0.27994718314933487
0.03141373924103632
0.48341896360303627
0.17538927701160062
0.0
0.2621771455191486
0.03929104850262544
0.039722835243408874
0.14992112668643187
0.07466378516305917
0.3050148236353394
0.26044417420031973
0.057275515092955434
0.15267975666602665
0.17360292957126977
0.059711190295565306
0.0
0.0036294380688674586
0.0
0.763056215224413
0.12714246068832186
0.3783019945168186
0.0
0.009009594121966835
0.0
0.4855457063659684
0.03064322824833736
0.017371251794753045
0.019075836866451208
0.011916581352091565
0.8098298442903414
0.11116292436946351
0.10341898256187067
0.0
0.0
0.4155218138057667
0.2858497653654505
0.19520910905828576
0.0
0.26650626779741393
0.26416003750356337
0.29774982213765155
0.1715828037104978
0.0
0.2374396042055566
0.022333480843882203
0.18064354653684295
0.38270495738290233
0.17687781935292637
0.0
0.19496374982486087
0.21241457823218132
0.0
0.10724772527474845
0.27397130594177405
0.2114023423397315
0.5870248705554594
0.15413586611446972
0.08231408805944501
0.07472349072623392
0.06344393255900517
0.03835727548828841
0.0
0.03818960731820607
0.0
0.05803318259039934
0.5955201587389113
0.3082567394524743
0.013773152869671183
0.0
0.03236130984212132
0.0
0.5152923482203576
0.43857284473903324
0.0
0.07862662755104152
0.372046897504717
0.11510825373295415
0.31421247293798177
0.12000501039985718
0.20288753036607668
0.15031492995942874
0.0
0.07024117077797208
0.050346635418151396
0.5262094370361432
0.0
0.07858664479746501
0.0817848012920379
0.26611758165298016
0.4190671861579991
0.15444314840003168
0.14530311758810865
0.10743051977827005
0.047892605514779224
0.0
0.1007051647399
0.5986681682735367
0.2738551696328164
0.07371846185943792
0.21769336058618396
0.20545636575552748
0.09075530131023286
0.1385206775594024
0.06986621622681549
0.0362669076654451
0.07291470238244226
0.20578031622166654
0.5300760111631075
0.08509530157365336
0.017534275419622304
0.0
0.028600497648531512
0.16666632014900284
0.5855687008860688
0.20162978602702147
0.0
0.023357383720314935
0.023710766921129518
0.33402526783405984
0.5405798468753763
0.07832627867281577
0.008877243675641865
0.0
0.0
0.16958854593784034
0.7578802323428135
0.06365367319790195
0.0844371983612296
0.10535060312297807
0.12993160408518056
0.09959284695853933
0.1839594883047252
0.3967278888287533
0.020634510681661073
0.06395468550136023
0.5802718762454524
0.11552445997745112
0.09782653302800351
0.12178746752584794
0.10436777321715252
0.3089230502454081
0.3805821859021158
0.12971422443798433
0.03944744873485582
0.036965000490221146
0.17820284762462638
0.20914272631964537
0.07054798349164965
0.1083630649704126
0.1561440023653324
0.27759855391881444
0.0
0.03509357403206594
0.045052232892837794
0.21816945457908757
0.546353996458269
0.1553303572989955
0.06590863561777485
0.0
0.0
0.06840550199307532
0.5083383492611121
0.3573472512360185
0.21864911474788598
0.28725336272990476
0.13979704466045595
0.2103441179454429
0.05033335719642959
0.09362226380077134
0.08366325793110996
0.08016803773894457
0.02586547334639025
0.12657721066731234
0.4433824160052813
0.24034298494519687
0.5310783870044163
0.21164462961064892
0.0564318486013841
0.04183183684151118
0.1285412056658806
0.03047161983374142
0.05123773509776508
0.0442316393076566
0.03296831463708904
0.33792509478358784
0.43723159116999183
0.09640460269985413
0.20199852647814173
0.1287014032799427
0.22899404016558916
0.18546294484497183
0.24174043278365512
0.013102044200579668
0.09256289840777077
0.3256051641661207
0.1379142217212362
0.0
0.033366005297088545
0.4105513417620122
0.27263766141097767
0.0
0.12702704705877513
0.03938038799112551
0.19476825630882164
0.3661863923503916
0.2791401619094895
0.1970377189930593
0.2278576720493311
0.11650461674380662
0.022650115205444483
0.1568089298474091
0.3900108583228085
0.0
0.030386036570178646
0.0
0.3538859869369487
0.22571676650205777
0.09188236932444074
0.04286916440952806
0.36762183742081483
0.39916574463167426
0.06430374492147459
0.03415657127676905
0.18401601898050568
0.094730392034002
0.10551438297559923
0.24436338146429157
0.31491698956078223
0.056458331213761134
0.04914552644425263
0.08049190687488463
0.09197155309150935
0.361185254933074
0.3091944784762881
0.1080105254335289
0.17486116867890222
0.29540293111675
0.27031226316744045
0.2332789531089126
0.02614425573623005
0.0
0.07418228293190866
0.0
0.0
0.054934325843837936
0.5559987270373521
0.31488432098570623
0.014218516466698805
0.11567260462481392
0.07909029626286049
0.20673515896722452
0.5842830311353103
0.0
0.10051929184929291
0.13222293278723818
0.5367033446799377
0.17583718339809573
0.038281982377759274
0.016435023216160704
0.19671915040342394
0.3824033322294388
0.12047553979691569
0.1455647544159222
0.08064650261686947
0.07419026937342592
0.0
0.05067260096617503
0.48157847562734285
0.13887862002416898
0.25337974215530107
0.07549020405872514
0.20392677066890078
0.37312231666800116
0.04859432626600437
0.2515593690804808
0.12279654673289768
0.0
0.12247741121525446
0.27144257308120584
0.0
0.15239977527279205
0.10524999284684257
0.3484292598628545
0.1942578189890336
0.22375562019462886
0.05026439732460914
0.11915848545638005
0.15614165403567332
0.2564195595847896
0.3893160875560404
0.22084404477503417
0.03405337983967933
0.16731737907956068
0.03415397930468967
0.15431466638009395
0.045228934998030136
0.003654027753627278
0.1456956546887462
0.3408874051518498
0.34766159488196174
0.11687173657881281
0.09562972807125664
0.11476713465574023
0.12095709470750747
0.4885153905273602
0.12070446826688326
0.059425689927063916
0.05560416269057313
0.15180247317077855
0.05560416269057313
0.049062497925188374
0.2519927150935404
0.43593317072108023
0.14586339981324445
0.0
0.012048965997457365
0.21359644458766583
0.532099134898507
0.09639172797965892
0.2964911732073609
0.2604378700273418
0.09661095366228081
0.09636771203779784
0.07198198599060641
0.1781099355869552
0.20343416588348046
0.0
0.0
0.22149233636402443
0.1999550165535744
0.37511813084118395
0.06805750609881814
0.03235069936775197
0.0
0.1909172890586103
0.3359254277546721
0.3727487612249683
0.1001195422337066
0.0
0.04118958340304428
0.08263433595293927
0.6393980040445225
0.1366581011510643
0.032300614523479106
0.02244561285525529
0.0
0.42619545768780426
0.35376881265744486
0.1652891910113569
0.0
0.321373414661138
0.4504469829177779
0.10855337453342086
0.06410886525058165
0.0555169673758727
0.06730666377819458
0.01957732470641128
0.17966089198745638
0.1565038437172504
0.5769510196296757
0.0
0.05770220550036041
0.346009772685976
0.4407173513036199
0.155570258351426
0.0
0.0
0.12145420099503232
0.20134669754603587
0.10224639699537211
0.24528210864142205
0.2889090910479957
0.04076108595658069
0.1726938205683637
0.03070125745578968
0.22915815057384897
0.24204972515776435
0.10603117509455993
0.21936519274129676
0.0
0.0030117275781660793
0.15472251464902645
0.24866520537144832
0.4895345812130741
0.10406543878501918
0.0
0.12725699072067975
0.6135970718128683
0.17532156015495595
0.08382404683422266
0.0
0.08507139057286786
0.44530621186346336
0.16849345804595087
0.15142878434550286
0.07278558127528677
0.07691407343663986
0.39205784757863654
0.2790510242027722
0.012709739757737832
0.0289826641619336
0.17827175748724247
0.10892625631565248
0.03680679107999547
0.2931785092469958
0.1839851784844467
0.23953944920383888
0.14000112885318802
0.10648813608927904
0.08580951353597727
0.0
0.0
0.5197392934794745
0.3491874984627553
0.045262862573892525
0.316249689977401
0.022165114980661732
0.04509328787965604
0.015673103962328284
0.04621425727089233
0.5546038928830477
0.5490532259737442
0.0799017860817444
0.038177124091959704
0.0
0.1993654204758539
0.133502168997901
0.10180650954697285
0.1269358611492892
0.0
0.1344884106105905
0.1998324102591519
0.43693629126328876
0.16699736660643916
0.23472689365595825
0.04033268268949623
0.13745195172211194
0.22935657213093666
0.1911341980191268
0.44566620488072317
0.4329211441074406
0.07887814325553981
0.03938859933574429
0.0
0.003145556736630969
0.15269889013170276
0.14943792409615725
0.0
0.04852750108930986
0.1519887388397662
0.4973465152989333
0.1369477950733669
0.5639568509610619
0.1655647560453945
0.08405038647413104
0.0
0.049479528433611766
0.05211925747294525
0.038429840852826955
0.14243518334102662
0.08770622008720656
0.3218219751822969
0.3574869801547536
0.03201439427022066
0.03253175282244227
0.0
0.031093163095330424
0.8130346120260885
0.09132547984045207
0.10286030175159022
0.06674602383668866
0.10090817494319107
0.09873115165937499
0.34956780027604684
0.28118607189566047
0.06351476681793698
0.020085133986457174
0.12459535928989164
0.10034563310413597
0.42992749289785975
0.26153090378702915
0.49310892060246075
0.28278751352642406
0.13089225053700299
0.038890651613927435
0.05432007419713309
0.0
0.03489327612417123
0.1680257914942829
0.14457286084678758
0.44626829620774056
0.1245167344307837
0.08172251196730712
0.16578119663886134
0.10245288328923684
0.17437952613343125
0.3764544115236907
0.18093139042904455
0.0
0.03660802122152821
0.12166922207942214
0.04313487571127162
0.3880978899975715
0.30005507918409796
0.11043451538874519
0.04386227760407599
0.08495526801712491
0.02728833317323514
0.42675401956277154
0.2672399910511497
0.14989971204127533
0.03419611830487167
0.10115570029645195
0.0
0.10237563466226825
0.6870667504587784
0.07520508631938132
0.0
0.0
0.013474986376668536
0.05139745578173736
0.8016203736766945
0.13350681214909693
0.08286385842209106
0.12590736947901637
0.0
0.4639654796533825
0.25131446956746906
0.07594843782979609
0.07965881032673378
0.5176861605808771
0.24547674540040382
0.06135434527543356
0.014925313309018591
0.08089830514876237
0.01765919554410872
0.0
0.2448013111202426
0.5927860926452209
0.1447531414445166
0.0
0.11537778146527358
0.027426142475110882
0.11718952140117872
0.11537446628971948
0.4111472031256028
0.2134842973000242
0.0
0.021174622857909272
0.04748786694109958
0.30972421044812737
0.37919368207118864
0.24241918400848514
0.06317224551585753
0.06667339367466817
0.0
0.28647323183046663
0.5836807747419448
0.0
0.15814390797100458
0.1942252333804018
0.23155959061078543
0.0
0.24173034906617039
0.17434038704483612
0.0
0.02652018326232579
0.0
0.36027012379973256
0.4823712156349175
0.13083808797333718
0.22999826285209304
0.0
0.13430178495245676
0.10884225173977469
0.08797256154930765
0.43888446352648774
0.10734121028460397
0.07610825930758718
0.08797460213596255
0.37633457601002857
0.28530094778877846
0.0669400148652637
0.05874995514328177
0.08472260455456918
0.3306713576319604
0.42652926664720153
0.0
0.09932640159151525
0.0
0.0
0.0
0.10714262386044666
0.5619211275050551
0.3309359438290005
0.5540854344801672
0.0933911653190053
0.07647364652580739
0.06770727599106215
0.07665092881201412
0.13169106847926879
0.11096457837718314
0.3662950309901607
0.04914430361416975
0.0724092134793731
0.03962140272281309
0.36156409719130767
0.09446019752106144
0.2786838050174997
0.052860638607568323
0.11538664453510657
0.2631545696101901
0.19545333471906728
0.13057495480668882
0.2910628778278283
0.040489577559494186
0.19874891071547193
0.23127773695279397
0.10784553724194719
0.4611039912809698
0.03986105120672961
0.15217565562755903
0.027557256161790084
0.1726334525713467
0.14666773863735244
0.4414429127508912
0.4001259033152366
0.015453866357058069
0.07031608812324627
0.024397088015097036
0.04826366223441006
0.0
0.031183101808444372
0.18457583648810158
0.13148129206568207
0.5672869291519133
0.08547227933364206
0.14820955082617515
0.13238462657286038
0.07774536564908985
0.27559082781609884
0.27305576317451025
0.093013421578648
0.06942771641696677
0.06751518294699525
0.07542888262868966
0.28567862363541174
0.43381760324513846
0.06813140097353267
0.0
0.0
0.1189312310633673
0.2861338288310316
0.4862073680303262
0.10872708726623799
0.03681269531654031
0.06460803082982515
0.0
0.046668660147163726
0.6675150039878047
0.1843951358208433
0.101948656754221
0.05105189731408465
0.1301631111419865
0.47554044858323635
0.15404266869972624
0.0872524693229977
0.07784865281926168
0.28794385701304964
0.3069433627009463
0.038955297322003875
0.23808840720988125
0.05021989477294771
0.23113657641937443
0.19030228703901478
0.14377021509798746
0.14713038711045226
0.04201820663287349
0.24564183251098898
0.0
0.028290438121233896
0.19735994396245207
0.33988500184224046
0.21631849484717933
0.21814565788486057
0.05205570675012276
0.03477048073628837
0.10597134035748414
0.338663308364261
0.37002940705912946
0.09850903484991518
0.04072127595975076
0.0495327396198725
0.0
0.3844328262640455
0.32714350452534563
0.19816892646534662
0.13778899425502103
0.012382606983030658
0.0
0.14442674932594923
0.3114023503435511
0.3939987681925431
0.015257213173221986
0.04315391693378699
0.19973174302188154
0.27990020327885706
0.293257754431137
0.1686987877307918
0.33578064980624733
0.014593905830216624
0.0
0.027902156922288573
0.00968506099768809
0.6120379638204676
0.0
0.26075190263403125
0.0
0.06259498952397163
0.24916937847199472
0.4274829794085586
0.04999668820309554
0.04600703641184723
0.0
0.01845218033356181
0.0
0.8855438391657833
0.06216787639793549
0.04892155587955385
0.19449145712337546
0.29305003313586925
0.2872500761776454
0.1141186932065925
0.0
0.07649493033834397
0.11927938825830343
0.32199093484017555
0.320664560589709
0.1615699138536859
0.14925298380573088
0.0
0.03599868500545509
0.0
0.4527856590112363
0.3619624358346311
0.11487801537374112
0.10530135424244362
0.09128868492462533
0.2867854762251306
0.3235558111461927
0.07819005833456083
0.0
0.0
0.0580647195692772
0.2737866740506508
0.6681481298555402
0.0
0.05389340259879027
0.09580390272281729
0.12161481102424236
0.08092777451538528
0.48122950381141905
0.16653018428512856
0.1643371416044418
0.19060333904605928
0.2011491736588543
0.0
0.30483788727562877
0.13907181224926735
0.0036786282008402014
0.0
0.08686548522347393
0.40622413596186957
0.49955271112985566
0.0036786282008402014
0.17996178528779302
0.10478974777024821
0.06350743830320375
0.1330038595010721
0.435099360463703
0.08363728579747162
0.0
0.0
0.03621458984541038
0.4516007818021634
0.4330089912009016
0.07917520356044296
0.17392020439700032
0.15231247756341518
0.05009868650336377
0.1738595943247408
0.16498713230694365
0.28482133909757323
0.0
0.0
0.0
0.5019330708769321
0.26623779659072067
0.23182844781994572
0.01889144375052798
0.049262859093677766
0.09922570128667313
0.31420863760982615
0.5184109358337657
0.0
0.20635201058890565
0.586516687952316
0.11888120200659455
0.04497239686875119
0.0
0.043277270156523724
0.07976779538817994
0.0
0.11402797912915569
0.17763091976771297
0.3433252698155139
0.2852476952429536
0.12251030404321717
0.46094442244124034
0.12437839203928676
0.18916308866772846
0.0
0.10300341371883877
0.03910598961148786
0.0
0.0
0.13239703251193752
0.816014774459263
0.012482047586389175
0.02290091895968114
0.0
0.0
0.16535154013430942
0.7486433562723328
0.06310393939179419
0.0
0.05901753744913199
0.0
0.4224905183743706
0.5184916659898764
0.0
0.1597232349683791
0.13408005157848776
0.16263762829030462
0.09497211580962497
0.1705026973815369
0.2780838987083342
0.03454721633426728
0.0
0.15374142947496883
0.22297375149471127
0.47866853637749673
0.11006882677669974
0.3789667137706058
0.017961273519652442
0.0
0.03759508241231047
0.04240780876517459
0.5230688340690881
0.022811398714992437
0.18119622288376577
0.16035146257529748
0.09306997997382165
0.29760036411798646
0.24496972160350847
0.5329803240033203
0.11988783786297662
0.0
0.08565011631401621
0.06444549890716685
0.19703588320225002
0.13481301725408798
0.07173934407783815
0.0
0.3657082101094922
0.18767423249113843
0.24006460779045954
0.14357233863311986
0.0113634373249358
0.023727553053906593
0.08288992713372932
0.3953087929798933
0.3431373827025574
0.042982509834824024
0.06672565575925073
0.12056625415021593
0.31921570763868057
0.39286109366851424
0.057648342076633496
0.060095897519079115
0.02467087476565744
0.1010518512910617
0.3130712887293971
0.3980356979547823
0.10307412530125984
0.03944927673173758
0.02851684548711826
0.08959638262138823
0.7774174388598935
0.0
0.06501982914429871
0.17925797415298975
0.2803910600496303
0.15438289500313618
0.1821777345679259
0.05764048958863889
0.14614952641272835
0.12996875458766166
0.24189277037470777
0.128436250981109
0.2506025130710042
0.15114538404531278
0.09795399141874023
0.6191500447569055
0.16303000121221753
0.0
0.06230359445602184
0.1107302336639797
0.0447855897006804
0.07678170046843795
0.0
0.04688463511562567
0.2169917137474621
0.32512697482326774
0.3342147421686108
0.3147377035270825
0.0
0.07899429434089356
0.26613988774545283
0.10677116909560183
0.2333564163734731
0.04688330700062438
0.0
0.04801016778779192
0.2570072272850132
0.6480986885898156
0.0
0.04286727694883264
0.021258325330235337
0.0
0.3346372798363094
0.5043453281699138
0.0968914912180691
0.0
0.0
0.01695662346052571
0.26494562976591085
0.6786308943856942
0.039466641742514984
0.09562633941580609
0.05683995441602665
0.0
0.10795464410643772
0.5368814714894842
0.20269663684942654
0.07207477992817773
0.020998024278311163
0.0
0.20213719006001263
0.5938366980209544
0.11095225781134582
0.06212993927285371
0.06988001071992882
0.033578439060457724
0.07186149932422345
0.3803520491483406
0.3821975418625902
0.08984571920240612
0.28514381983083453
0.1256468865383389
0.1199565353641406
0.09703795191054526
0.28236845181861353
0.07676759933211755
0.0
0.03548365663899636
0.25547942063998813
0.6170570155805944
0.015211846631446032
0.0
0.026254563407964913
0.0
0.26611863993906565
0.5353002955243678
0.17232611962474198
0.0806664264206043
0.0
0.0
0.10655377206521428
0.29994063576893126
0.5128384067940082
0.05463462561471922
0.09036281146844355
0.11703895202886565
0.30744239547073543
0.2924996714857623
0.13802096777582257
0.0
0.03320699076023946
0.054956680253958216
0.16806637879474054
0.5288920856391667
0.21487753034363594
0.05575256889636069
0.05693139715814798
0.0
0.25438437705919376
0.37282899263347374
0.2601023761171994
0.0
0.0
0.012772485099050433
0.16671893444585467
0.3610715283038332
0.45943671556670784
0.0
0.020248787507100956
0.0
0.08281814068535173
0.8284375942668342
0.06849523426973896
0.4178574631176992
0.3835705573524896
0.12632817214092404
0.0
0.014330567990864273
0.05791274257496766
0.17188901624125194
0.028904551795156438
0.036297062302186045
0.1262290078739567
0.05233433505762696
0.5843453929556187
0.3278338778829537
0.19974867378719943
0.06071911899191327
0.26832633161418595
0.006165092102637052
0.1372064781488854
0.15522772864432843
0.5204771200727563
0.1980180934281122
0.06096985449942232
0.035148357700800645
0.030158544790357688
0.07371539388816283
0.29718423886200773
0.21561181712966954
0.1516302621257213
0.20869447548607015
0.05316344459305476
0.33149537664947204
0.11106256145242341
0.0
0.4275996642121851
0.12984148487633265
0.0
0.20476942770551704
0.20235369238891215
0.05249572175255345
0.2786752475546978
0.10924319738770755
0.15246189456229933
0.17378654947857428
0.025440279869438698
0.047332174419811565
0.1516946726560787
0.43605213456621195
0.16569363119486594
0.23756345361673234
0.10206488994534009
0.0
0.25070198326240023
0.4096692077275931
0.0
0.01205010896448118
0.01675921269128401
0.0
0.3119317524993094
0.6311585074824055
0.028100160984943306
0.09194459687156957
0.014822752761479475
0.0
0.32294508879505857
0.488302369163115
0.08198484981780638
0.0
0.031092522240330975
0.02910793821586434
0.11662067236774035
0.4809269186603262
0.3422514488399704
0.10394692953446716
0.0
0.0
0.16774693695980022
0.5118663951888183
0.21643922644378252
0.0914836382667544
0.0902206460600234
0.0
0.09479942242198951
0.2546414450019943
0.46885427163301274
0.11624476056072393
0.08061442901330247
0.28570253117439104
0.06535106766305501
0.16871075709589897
0.28337591759015146
0.0
0.0
0.0
0.24486171947536486
0.7551379302527497
0.0
0.31837515989878423
0.16967190937877938
0.16786301576713325
0.1683814218208059
0.09781536511034598
0.07789249021576063
0.226383407112626
0.08782708568256203
0.1639342640662697
0.03265938934695364
0.05064710002742088
0.4385483505310908
0.07661219560588524
0.03109236948697635
0.0523449045739178
0.0016478922678160503
0.6737208923876236
0.16458133370470482
0.2375339895427104
0.037236597774057564
0.016638278694147902
0.09207932546709204
0.6165108784139728
0.0
0.04375458806293394
0.12830080396030344
0.03312002491441118
0.009098770480253471
0.6965315668097257
0.08919367709920453
0.04602748545291924
0.15114272757484584
0.1525320116020964
0.15743779259677015
0.16395052070449426
0.3289089617701283
0.04800017199527944
0.13820271204452414
0.212611432312243
0.1840861837883071
0.2973988651218514
0.11970030507127072
0.0
0.09639355454198473
0.09723998885454356
0.29793756902152907
0.15129116679410923
0.35713717335632433
0.0
0.13987218360294104
0.25947926681807437
0.4527216658275316
0.14792616432511496
0.0
0.286697955076653
0.22363557927525574
0.20335574398195003
0.10123506960480946
0.02933575081417776
0.15573916040756025
0.17068081453630501
0.10905949364359617
0.0
0.04727309498651382
0.051415369537653695
0.6215708145839071
0.0
0.08664906247897003
0.13930363886766717
0.5031845800621715
0.27086241371957953
0.0
0.09622822763462718
0.16847117160140648
0.24430674059400917
0.03481461423684752
0.22810096110466743
0.22807765994252419
0.15486344052702228
0.0911868178529792
0.09787817188362567
0.26725493326302635
0.34092271300126836
0.047893661440993676
0.08548990513792981
0.016155624693599203
0.0
0.07397351087915464
0.4720391152797918
0.3523414059286383
0.0
0.09937301583234986
0.1494696493056295
0.5540086714637967
0.1801779863637158
0.01696984501938619
0.48649793620189585
0.21512245047068904
0.0
0.008717804988322371
0.18037624903824998
0.10928534558806063
0.032531374726217636
0.0
0.032720693106784784
0.1631627855485977
0.45307828782417675
0.31850663191702744
0.0967018149623987
0.1632483677381227
0.0
0.3051366105018768
0.3410056680056952
0.09390681050213463
0.14052661206840564
0.04514068060238271
0.08797490317235448
0.35382114213945576
0.23419834584462287
0.1383378539141804
0.05536018194488096
0.11603669920943639
0.1453062109861317
0.42430022976980303
0.13698058737580518
0.12201546162096273
0.16562140971196515
0.07809588693393832
0.298931762545279
0.06820397953717551
0.05260838248582187
0.3365380154119759
0.0
0.05180879198661427
0.0
0.4550165392004995
0.4029848565592786
0.0901894421908014
0.0
0.0
0.01719391491100371
0.1316985881671185
0.73709941486833
0.1140076073660136
0.03625386083185279
0.14757235246139136
0.0703783664267406
0.28080525338463036
0.3170436337973947
0.14794606191088056
0.0
0.018181366616367354
0.01962844296112871
0.5604919158659237
0.31950865758893365
0.08218923949757583
0.08685232299744759
0.009149412768573091
0.1825262480183611
0.26512462607961323
0.30451505038407894
0.15183202255310965
0.2188461728256138
0.13283499033826426
0.11036863859793093
0.17570119079216096
0.16858972234717412
0.19365888786597976
0.0
0.18468842271755265
0.15196540037237113
0.12372469395211988
0.47251944141340035
0.06710156126651848
0.4635715843750569
0.231854447313688
0.05674033250796277
0.054414084388304196
0.10155376854011076
0.09186509479729012
0.012167549393896063
0.17934176689446563
0.20566052623774791
0.4102422180308864
0.19258755920707696
0.0
0.0602765956353869
0.08871939013695096
0.2220487455061061
0.12296384998094374
0.32064019331781934
0.18535070579695356
0.06294310512363106
0.12954599813549583
0.060907096000363085
0.3398492308030077
0.1280044067872352
0.27874983539271003
0.45938989898674165
0.20303823865362927
0.040282008160371606
0.0
0.02742277933366975
0.26986670432393534
0.48251271248108374
0.0045635910130690325
0.05570572887951197
0.0
0.12330582429772055
0.3339113365920502
0.22655629999216825
0.027781012310763267
0.0
0.08086164078456516
0.19497133435510297
0.46982925755876487
0.0
0.05230759342021429
0.0
0.044726463272329375
0.4938385427910288
0.40912705804370897
0.07666593720337737
0.10442359576796344
0.17692026937880967
0.4429390457031619
0.19905043334996797
0.0
0.249038244921721
0.03832612546391169
0.15825560999114657
0.059931823460482474
0.03353312095624259
0.4609148013366797
0.0
0.018354683089759984
0.0
0.270500389783382
0.678746132366517
0.03239849978940569
0.4373348519430755
0.0
0.2288864247347046
0.0
0.16703877274232531
0.16673936539563003
0.09647412125208296
0.0509670291151627
0.20485531569377635
0.25823565840511437
0.38946732923551647
0.0
0.22206870042754934
0.1857219864912061
0.058128154299718474
0.11775666439659585
0.15004584688263053
0.26627785589166497
0.18526936875725833
0.0
0.0
0.3187835938804497
0.1970821742926205
0.29886429539604326
0.13128888679708373
0.0
0.02468319794213403
0.0
0.3578364664332484
0.4861910383520815
0.0
0.017834414752184644
0.007820908745401494
0.34412151421285914
0.23988034841236874
0.39034219558010036
0.03946425727713593
0.04154121118987127
0.0516172421596063
0.13693490818646115
0.730441875038213
0.0
0.0
0.0
0.01913801031335266
0.01987082962775118
0.7418611538515805
0.2191296720431584
0.03821290601026105
0.0
0.015149109865422103
0.028591450716624413
0.8778480734300511
0.04019826174247136
0.14410827505649965
0.15497347452037866
0.12045571246692126
0.2764100091700059
0.239092498034663
0.06495931093378325
0.1417770085970481
0.40054053902328707
0.0
0.23312204539533393
0.0
0.22455987855253356
0.12717248282634366
0.10772142062188989
0.147670255967607
0.08383841143101996
0.18318404504463742
0.3504128249974473
0.11734517102048488
0.058293715639538744
0.05885845883118277
0.28661416190290884
0.1633366632816398
0.3155513613996225
0.05366936228385716
0.04107430325212819
0.0
0.416066815087199
0.4119156161571191
0.07727336865899985
0.0
0.12110954966315395
0.07052878144086655
0.5022300558817647
0.21357669426934614
0.09255425796198294
0.06845927206302138
0.0
0.023946358067589473
0.4452190500475167
0.2779920430384168
0.18438268975004418
0.0
0.04245721022113296
0.0
0.7008535705655545
0.1980007107770971
0.05868827400548572
0.022510800585763668
0.06814524143473043
0.10620723730774267
0.5968205527833619
0.13596535399153228
0.07035035892427603
0.06030090633172815
0.034262373609349236
0.04694812316999908
0.20244929774229709
0.5542772119849521
0.10176169700957342
0.19215186466765466
0.13977091531852368
0.0
0.13372549735839903
0.3348953025700505
0.19945604593499483
0.004657792694589589
0.0
0.15624726668751293
0.1883588045447905
0.3959177294153258
0.2548172422095815
0.006739647691939696
0.014494161323586578
0.017590997068018855
0.3689937204509612
0.5921810522375036
0.0
0.1988071910599347
0.0371037582114389
0.03320455439470888
0.07190403204630666
0.2556616343909041
0.4033185539575256
0.28053512148004167
0.15741720300655634
0.06829049021754854
0.048263945610824636
0.17886824196181766
0.2666244515216485
0.1691326630000666
0.0853289880815502
0.20054783079051866
0.09508660530117137
0.26955812007425145
0.18034521302618303
0.29785235809654387
0.38575704211449297
0.02697780246670724
0.0
0.04640965997957275
0.24300259208616523
0.2802870249417546
0.07815892581369145
0.0
0.15955713994033185
0.21773316650162988
0.264263525391196
0.121480467627793
0.04384185557942634
0.30042555871102733
0.36852704927790114
0.16572466588921508
0.0
0.0
0.18331560087530416
0.12074680606017764
0.2298426949070961
0.378608390472215
0.08748604741280949
0.039785969225844625
0.17617135433646025
0.24635002099695524
0.05402018837676149
0.1756307122141162
0.30804106015670113
0.23027372207486352
0.2706906917115093
0.06806964802531766
0.06010275525093932
0.04481162957184006
0.3260509459880559
0.23750109046841045
0.0
0.16240818030354415
0.19822140019732523
0.09388996081088384
0.3079788170056934
0.11352466291868213
0.021216487937772817
0.024450794042558153
0.35305239498241053
0.4751753609093921
0.012579830386590888
0.21724663303809782
0.1349909912625218
0.21608807763078883
0.04100139466834133
0.0633967391412834
0.32727566645803474
0.13890965764174176
0.056482739506452086
0.0
0.2500132472188193
0.5028942674438188
0.051699608170340104
0.04058296998490031
0.0
0.04114276460843735
0.17225830072410955
0.624496130870812
0.12151929908413134
0.08109464702564752
0.20529159004626624
0.0877140587847404
0.2548030309763738
0.12316508107536893
0.24793093975758132
0.23103414188290464
0.11729287366703917
0.2787793248648781
0.19378059295404504
0.066917936685731
0.11219476065859117
0.025660919295764695
0.0
0.07431854183021111
0.33069632501348467
0.5693239372803262
0.0
0.2025131593933751
0.08212669416185464
0.10735384101106286
0.4644850714570918
0.08276842602177066
0.06075227171710835
0.1593430319794303
0.28149345324331093
0.051340299519998966
0.12362559191272048
0.22723108776544712
0.15696613171268367
0.3734670769243775
0.2344859422722137
0.060914463516611395
0.05394991762769299
0.15327266857367383
0.12390935590853583
0.06965438076715703
0.04732420793042626
0.02660939009936867
0.3184033923564737
0.32852983516380047
0.20947844404317306
0.11137756536938886
0.06808968298034168
0.03273441275432134
0.573858437570455
0.17833670635736243
0.03560274310426626
0.38848830845548493
0.13022999025182175
0.025260747293911777
0.18282852890968043
0.0
0.27319203115855867
0.1058954841300745
0.17079153925177337
0.16177960575556097
0.11105124153948279
0.38024660248815184
0.07023497157874883
0.023735226702743157
0.0
0.024087624583166357
0.04028539784263741
0.8851062431844804
0.02678511978188737
0.016927685315657488
0.0
0.07080265324430716
0.35504352799823846
0.5572258487719665
0.0
0.0
0.05176563751585524
0.02076937713704787
0.4121716405733329
0.5152930103054572
0.0
0.05991903814049679
0.12169013801569936
0.40485340047118246
0.251828697430411
0.06097033106951856
0.10073794925168571
0.04250439749331155
0.0
0.11743845151829432
0.3195322041354826
0.46585370514382646
0.05467083421675927
0.0
0.037182801046918144
0.4570285956215169
0.4163700313117974
0.08941816828948622
0.0
0.18326019322929799
0.07787356925167781
0.15041912558814244
0.12666464605524827
0.14214469514392336
0.3196372721972462
0.05553414376927809
0.19079093504600805
0.015726825461099537
0.030088739496212595
0.0
0.7078588161659932
0.2678991274085585
0.324712969112258
0.061282013678336196
0.2829788645630438
0.02020561393219784
0.042920622408932685
0.08663193465996269
0.0314018004473887
0.03406003369970117
0.33049390180620775
0.29001689305430983
0.22739490825401637
0.02889972545908983
0.0
0.0
0.1291209784872482
0.5011914544401612
0.34078751850474365
0.18124703959430136
0.05274407769064164
0.1049422962356303
0.38763896809422793
0.18601160381173754
0.08741545180788399
0.1912263567791946
0.0
0.2558049603511543
0.173324300719773
0.26243054366749513
0.11721308873435364
0.06784412954806684
0.2032530967048305
0.5633176300024566
0.07844924501166468
0.04198383809475719
0.045151738257373196
0.0019508682642498942
0.028135822840488788
0.3402056801318915
0.4762358351244886
0.02772704927224992
0.12574425664955435
0.03973799370743713
0.2607099453989078
0.22850874769844
0.17778829657961734
0.293254603416601
0.0
0.202172972315726
0.01647186311852107
0.13839659788157027
0.1767874276466247
0.13396119321522332
0.33220941857086134
0.07519369592756647
0.04481624819499472
0.040691335541223006
0.3933199962483927
0.32224999927415915
0.1237281714844678
0.03791250238328872
0.08464850866831185
0.0
0.05963528873353096
0.6757289522536732
0.14207434921343273
0.0
0.0
0.11168106409964948
0.3221953075873852
0.32210642909077153
0.24401687785716458
0.0664609166544342
0.0
0.02174150345606736
0.028715619536744667
0.6272993513817408
0.25578203603205985
0.46540715533751986
0.12247751290643367
0.2667630295722973
0.03194237099751025
0.06656482148377993
0.046844175059464914
0.13826950130946275
0.057126031488302864
0.0
0.020601223912695883
0.3956760337705105
0.3883264417567511
0.10662112800300512
0.07061822199910253
0.16119258452294014
0.3723511936753436
0.04027885902297765
0.24893718783342422
0.0613285459674158
0.0
0.13398196576293306
0.489655181141261
0.24023084278630266
0.07480304654879776
0.0
0.09178516670793577
0.0
0.024722104975834117
0.6256575267228818
0.25783483979439303
0.1538407767590478
0.05151547369699778
0.05992740712528984
0.1599136738273292
0.3322422788089851
0.24255985776120303
0.18900966160560223
0.04299091618672851
0.04489830208166099
0.0
0.591028139812724
0.13207261841842682
0.0735861917965455
0.020341590494933063
0.0
0.1591259715073114
0.6993425531737302
0.04760338747552365
0.06151844109104371
0.1041487157616355
0.009595973078880089
0.106024041230899
0.7187124495234248
0.0
0.0
0.0
0.02498925956060088
0.22669270610705938
0.3040235413703162
0.44429391291340975
0.08204874551391182
0.03576270456882981
0.0
0.24141368656072842
0.3208888952106756
0.3198857503395768
0.14490290022001892
0.12878373159258452
0.012378707886292818
0.27474324622387974
0.33812879535466195
0.10106201180646238
0.021490499801343696
0.07548541363356263
0.0839333283061623
0.21071465886907353
0.5053367799035843
0.10303891101316552
0.026434627291605502
0.02805262071589684
0.0
0.087704448430594
0.6484130657896119
0.20939475189421375
0.09188119209113907
0.0
0.0
0.45537110408880943
0.452747174788116
0.0
0.17503125415595375
0.1930422721649885
0.15900745588136067
0.236734687258717
0.18246537207361524
0.053717847035216766
0.0744098794292395
0.1494571866055562
0.08558228523789259
0.40613953959660376
0.28441050998548034
0.0
0.08632649611383626
0.08443279751372246
0.3127478994341497
0.41172086067186664
0.10477145886766862
0.0
0.27649331118899
0.11090368041011459
0.12773244647357632
0.06799844930712806
0.20572539116251692
0.2111462863386732
0.0
0.30861095931587085
0.33808114115681126
0.20798899514086625
0.06845686630564726
0.07686162933485169
0.038520645258026474
0.013482361329809955
0.30461273034949726
0.4016218490684912
0.09203633796076109
0.14972548019157425
0.08920442975820775
0.0
0.15048175845113532
0.16057556047740987
0.3954411329838094
0.20429674865218375
0.257922757245908
0.0
0.03878023029096941
0.1009970306475483
0.25416920575527346
0.348130294309004
0.5297701621894544
0.0
0.029954999169791986
0.0
0.1045641279575092
0.3357095266080116
0.06771618201371259
0.20856534481093494
0.3306751299806827
0.12410462275623385
0.12090256123660419
0.1480358934171394
0.023752265653648026
0.008345696058853082
0.0
0.16556883861929445
0.6797589268228275
0.1225739777804767
0.05108913562056631
0.20702135264245017
0.19381729666794595
0.11972436698922521
0.24760568421855753
0.1807417148116649
0.18298444580619125
0.2021523564111596
0.0
0.36785226804176036
0.08241751484096235
0.16459305088995047
0.043428085667154344
0.1458576830259118
0.12006813502456619
0.4078357525200424
0.24192329911858593
0.0408867048637284
0.07736063467836726
0.0
0.0725014689303273
0.386887943947902
0.3712202081535005
0.09202941668142382
0.06735886549556958
0.0
0.0
0.011947788664405205
0.5887666680416483
0.33192630442997273
0.16487914186480535
0.2470906190415433
0.11769148631034071
0.29312683539441853
0.12737780769714585
0.04983261210703731
0.08282929453354003
0.37817352938010224
0.10526460058753319
0.22773571963008868
0.10467640012299811
0.10132010025191779
0.09952784848712118
0.0
0.0
0.401169949744266
0.43603544155475193
0.0632664029532836
0.0807726076418646
0.025480058920677912
0.04101480283390475
0.024856743113559163
0.45902233988015984
0.36885305922321393
0.29329643989468757
0.14928097349015187
0.07808952627146587
0.0590290741727841
0.33356773513897603
0.08673569797990188
0.17647323368471896
0.5136800064872247
0.1943219931453661
0.0
0.021771278249706146
0.09375298524417186
0.0812606116329291
0.0
0.06431111942285174
0.276378542548377
0.4403968788170322
0.1376524880687188
0.0
0.0
0.010409853905449547
0.39999261059671093
0.3076568063943392
0.28194042450817064
0.030341571579837592
0.0
0.03854889446569532
0.09848171527985106
0.8326276244325994
0.0
0.07482698122471905
0.4924235021363392
0.07885144162199056
0.0
0.2843594425011602
0.06953835345900121
0.0
0.0
0.0898567407740996
0.11029564831241526
0.7089546014786815
0.09089268811033051
0.08307960980332418
0.1593848161189445
0.0748764971864373
0.0
0.6306475590564019
0.052010856099907334
0.09336282481960831
0.05270351962661975
0.08649471991649829
0.07320928316232277
0.5349833407595911
0.1592459735384951
0.0716174510912182
0.0
0.06254618701054887
0.24542150230990564
0.41844002340365977
0.20197396882507582
0.12182478667941701
0.0
0.17258849675414445
0.16580282682002603
0.33854561051788323
0.20123719180398694
0.16735040663841436
0.052723312629478755
0.04248157333561153
0.08315628415723712
0.27011830011654964
0.3841695078998363
0.055387096857651336
0.02764044643710507
0.034283754855599015
0.23667588053866817
0.47726122362969703
0.16875099162441873
0.2013383273371874
0.03742307204835698
0.18320311841730605
0.11846579347495248
0.09359247478405018
0.36597641168764267
0.06031711426362133
0.0
0.009847480529957516
0.007539639282952666
0.3031041047884152
0.6191912039772558
0.06512239171073311
0.05265845571379887
0.05600695700390146
0.08747614355169984
0.34551387205976414
0.3932212944123519
0.5052252816546561
0.0992629007976348
0.17961363703436692
0.0
0.04601263599756921
0.1698852451005083
0.09619247321403598
0.07659971323045658
0.0
0.5059292788622446
0.2975848520859159
0.023693445672890126
0.16326840159725264
0.03385129245355126
0.033544385795767045
0.13696611035660736
0.513267247866512
0.11910205344850593
0.04261725680475389
0.0
0.0
0.05481039215581311
0.7725074488356305
0.1300646220017044
0.0
0.0
0.0
0.06574191733804015
0.45251437559918434
0.4817434887184698
0.0
0.051381525930127125
0.13877841974562222
0.49411849630114874
0.14502573108335973
0.17069418225722807
0.13368008834774958
0.2869319682049695
0.39344468132914656
0.16341624655330078
0.0
0.02252564974665064
0.0985921884000987
0.5516758675110166
0.0
0.0930785895735336
0.18471748039566757
0.07193542412085858
0.2890866695342954
0.17879242354058889
0.17415857954625996
0.08326408181377541
0.10811782936664173
0.16657992413294723
0.046757633785286176
0.007949032832905182
0.0
0.15426286956981436
0.5542671794036405
0.23676273324209435
0.0
0.07749872809160119
0.17180407285203841
0.16098154465901696
0.4987976624953576
0.09091737290661414
0.01493665876602238
0.0
0.08357676413402053
0.27354712817705873
0.5057099392578998
0.12222909475782723
0.0
0.026441153287930317
0.024165247389698014
0.08186153475877894
0.8039609625557332
0.06357074663657807
0.32686665591362585
0.10463066899498599
0.15114848752977003
0.11271393486833285
0.04456376125825935
0.2600759176474332
0.0
0.03185758629055462
0.12432353985680485
0.16985573414224373
0.2636564779461883
0.4103061497933956
0.10229580589181
0.0
0.0
0.0
0.4626668711555488
0.4350369910943061
0.2552353903671241
0.0
0.13760915109337435
0.31659150512778783
0.10618396805360997
0.18437913641204434
0.12089609189176011
0.024757718773132664
0.0
0.2423769573462593
0.22761756669187663
0.384351423640345
0.040624582277027414
0.03247277707469628
0.014565168245396703
0.2559313054454946
0.6564057253858465
0.0
0.03196966835600396
0.07673715988942822
0.010674011684309176
0.0690360468374418
0.2066960658468343
0.6048867237824592
0.024796233525456988
0.02052476145113574
0.3247563517452383
0.40091587326708683
0.22900650415659501
0.0
0.02879250141562562
0.049988213466677305
0.0
0.024384958867365292
0.8103459509849592
0.08648810818426082
0.053037936500243806
0.018285644379885165
0.0
0.0
0.5438548118395046
0.3848212503131379
0.09658719746564942
0.05408935990584817
0.0
0.038061643285993506
0.712990984716332
0.09827053620250999
0.17650275924552308
0.04996575691163298
0.16383764152556646
0.3914299766433207
0.09925627274332045
0.11900656959202316
0.03652870408929545
0.017406770012880074
0.022900119630019214
0.0
0.7542649535717669
0.16889884922486656
0.15554358003857008
0.03182001405112324
0.0
0.04712508550045818
0.47082336713740525
0.294687450153842
0.07644422974760803
0.13825012949625484
0.13887749061954718
0.4434301649315115
0.0
0.2029975368284181
0.0
0.0
0.032482502011672604
0.6220268358828571
0.29660325615300587
0.048887189306136156
0.019286760859115886
0.0
0.2517303307417414
0.4726112702038532
0.25637140403331493
0.0
0.09271640834587574
0.08169357138792807
0.27928423759281895
0.3213973056197677
0.10253490226310133
0.12237324743135843
0.2720921827092488
0.2621304906663913
0.027785675423738016
0.1512983095930549
0.13974266772240176
0.14694998269061804
0.07401951163729767
0.282956822431361
0.28540906298273194
0.08069127626717512
0.21343411183327596
0.06348792296683382
0.08009752474509012
0.46452566658290473
0.2563982300309709
0.11622069945164627
0.0
0.08275700167508224
0.18312149813584236
0.0
0.02302986074517383
0.0
0.28264611930458866
0.5112022724308891
0.19630391223255236
0.0964731672639436
0.038209286440941806
0.08257665212833927
0.17900864102526623
0.4074276897700708
0.054565708411323695
0.1361952166626336
0.022601858460396626
0.0
0.47256149143055304
0.3140731980705923
0.0
0.012716887227271514
0.0
0.043500033280585736
0.5058296554529778
0.4379531301200249
0.0
0.3740506398054162
0.04403467665023581
0.1341099489902488
0.1548856475865173
0.29291874883897867
0.04035340913289409
0.06738004358361364
0.4209809700181683
0.04896177491736266
0.33381233358086415
0.0885106598958158
0.6281240039350267
0.06459352717539048
0.0
0.0
0.054283547817796506
0.2529986114406873
0.06963989678394185
0.0
0.07919154123370324
0.7903302479110874
0.060837923570768684
0.0
0.0
0.0
0.03233235042454085
0.37221612026131146
0.2529195208920634
0.34253166218067393
0.22646502805227692
0.09447559049710179
0.3849807274746261
0.25120645728648006
0.042871916187173176
0.0
0.04023758810009904
0.032190067653600045
0.11133207558975923
0.24541109037088743
0.41427176309162533
0.15655694098951078
0.0
0.06514134075159136
0.0
0.3068995170695439
0.505713879333738
0.12224478956220569
0.0
0.0
0.005332313213359508
0.09319742903832155
0.646861967722198
0.25460799194076167
0.0238551999654501
0.3008367653490949
0.4062253332630759
0.060446484521553615
0.046916115133452514
0.16171952251191712
0.0
0.01108089289972922
0.0
0.07275609176948006
0.6370593081717845
0.2791035224774652
0.15106575820676227
0.08349029435243888
0.11250970428905264
0.017147410042950246
0.33663804790127805
0.2991481967892689
0.45344722887371924
0.10629404433129902
0.0
0.18543941467226766
0.2254699930864293
0.02934880658388977
0.0
0.0
0.06226075658047585
0.21386447662437663
0.723874527450547
0.0
0.14432767679133165
0.11378224520212421
0.08533627146988036
0.18022198681764662
0.2381447386096283
0.23818672072105915
0.022634992320143685
0.14453546785265234
0.04580453751235908
0.23835348779494056
0.40748924190472136
0.14118189196660025
0.0
0.02196082498352263
0.0
0.013280556439280082
0.9134173022290889
0.05134099395210415
0.267845404674947
0.37335296176687155
0.040192791037667715
0.0898738157509888
0.15654977563734848
0.07218442517544216
0.1975047724889931
0.15282002640242168
0.0
0.18783707563921118
0.24749267973873268
0.21434484718401345
0.34718692008965174
0.21956922496155082
0.07166081522667618
0.02754688722013807
0.1833929169252058
0.1506427956002718
0.21094512627127865
0.18420723408248635
0.1453660600637421
0.22526664801541843
0.09466036906866658
0.13955405057386833
0.01580538235132652
0.02746521383724324
0.036622694679516274
0.2445830152830001
0.5459424534086967
0.12958099798262726
0.4769772482393343
0.3109535371988495
0.04376285845445627
0.07075928277165373
0.05204343940117531
0.04550343108508369
0.15017234326499315
0.038744927650207435
0.35073349220040556
0.16625771010037715
0.0
0.29409088320178467
0.28687167895642357
0.2300350611491192
0.14593042543434534
0.10806039103900124
0.043913202028199864
0.18518850950623938
0.12223689324887212
0.15090745643871176
0.08149303631817656
0.33561450737636717
0.034336937515256495
0.2754108318820452
0.05588631735891597
0.2749323600338585
0.06617161362927204
0.34925122667849506
0.0
0.253757792386961
0.0
0.009061605350220657
0.0
0.15029798052626095
0.8406400603272746
0.0
0.09127997396360261
0.019709774595654258
0.059562492267066315
0.32103874740649874
0.02956466059550496
0.4788426090572068
0.10550499794805869
0.11490830493527189
0.02758835334188793
0.22153418324617316
0.3657160665571538
0.16474655173567676
0.0
0.0
0.07086084144658757
0.34966784509106574
0.5794709054860563
0.0
0.059400757481351915
0.0
0.03177736117345822
0.16438779519598368
0.7444338282650113
0.0
0.0
0.0
0.007854829131132205
0.06608451058146088
0.37383915259824285
0.5522213083048955
0.04483606448078817
0.06805691975870326
0.02353506699086881
0.48105121595107525
0.22076290048120759
0.16175744604915915
0.14127956486034526
0.1612870745878665
0.16542782181127644
0.062056508523193235
0.23761986503635488
0.23232874215578214
0.2808369911678943
0.04895129285141521
0.0
0.0024877776305643365
0.0
0.6677236273779154
0.0213932049051709
0.0
0.06730564164289554
0.4945623963777828
0.41673810849733767
0.0
0.03989102840918489
0.0
0.02485163382146115
0.06588762601724822
0.5099120713192938
0.3594573948460574
0.006045823503685749
0.0
0.10047294749311902
0.2856304081301288
0.405131058554901
0.20271925849952888
0.0
0.0
0.0
0.03257953204713937
0.914544984934024
0.05287517777643388
0.09431612451528855
0.01979376825272245
0.4395670560631191
0.17737456612029462
0.21324912558602765
0.05569885959440642
0.17147626409714536
0.18427806849728603
0.12440818921182524
0.48715170982330813
0.0
0.03268546489350169
0.30286009301046957
0.05245356962045691
0.0
0.32019286590043783
0.13158119386928055
0.1929119996230577
0.14589231127825414
0.02499960736987262
0.12236840844622948
0.12357424241921618
0.2135061387173054
0.3696586292808448
0.08967853638790635
0.02261138859445733
0.0
0.08696028345989283
0.5124741870879133
0.2882750726946952
0.2176423130286548
0.07476777727330339
0.2157943588142015
0.036089133604798984
0.14015071640467386
0.31555491955123355
0.0
0.018156821365712193
0.0
0.05808018873328374
0.6710630900477105
0.25269950178647194
0.022984249250603928
0.0
0.0
0.32415472595377276
0.6528606454899418
0.0
0.24675977002084565
0.07718659967638325
0.17638943751832234
0.019732177012112738
0.13199014201102624
0.34794132223021645
0.15777778418852909
0.0
0.11132011051828267
0.0
0.43860273439717085
0.2922990721659248
0.021294243951892486
0.0
0.24447221177334758
0.3148592894133492
0.1288478583176106
0.2905259870390938
0.3449390421035556
0.24348525711546723
0.14502722676332766
0.1934065735203872
0.07314153167839291
0.0
0.04202085723488294
0.0
0.03395798037819031
0.40127908429192266
0.4706158277399981
0.05212577577782088
0.154599529233203
0.047795597552992536
0.03719842835097569
0.0
0.09706217258163335
0.6633434437740904
0.2453333228993681
0.034970540078352215
0.09284910336133882
0.17109446747566132
0.12113302678712318
0.3346191862864512
0.0
0.1106480290867119
0.16440414083802174
0.26914163153139253
0.1995077082963313
0.25629813185745715
0.30297016092531515
0.0
0.02605087856027106
0.11435820338689959
0.2013704327664729
0.35524979783886257
0.5965418432832117
0.09311438929937167
0.0
0.046742945568096224
0.1321019782100288
0.13149821248584054
0.387773227158285
0.10355633122623131
0.06417580426643373
0.10815923026174333
0.026372458334711274
0.30996228944114684
0.17823532576451964
0.2816573771598356
0.0824443670663517
0.3710684522508501
0.08659403200441765
0.0
0.04753569611778639
0.0
0.0
0.4036419634824401
0.5073129855423384
0.041508760661242546
0.013142733987555647
0.0
0.0
0.03188155135701429
0.6085896365306595
0.3463856134589757
0.11075484337843228
0.0
0.0
0.2963123450829489
0.38168389728752017
0.21124871759937058
0.03967633533653468
0.02049420896795921
0.0
0.697761116149195
0.15819953320523944
0.08386854246471784
0.12801656448258597
0.0
0.2026512798368374
0.3203870993841802
0.28781225598244053
0.061132358883855945
0.32303341781947065
0.15678169972700998
0.0
0.12012279921553683
0.2596975806843688
0.14036409411277975
0.20279590574438747
0.3393777359361716
0.21723834956878182
0.07636420122530742
0.03534100177945771
0.12888186921120992
0.09845716714842724
0.151250395020211
0.17699493289413237
0.19297734269820674
0.17160197745556663
0.20871777770988004
0.03250589645916612
0.0
0.08300342079372124
0.49426247619640357
0.38453367462012567
0.005694186669790533
0.06505501247547957
0.0
0.07822454986960227
0.018743049628874124
0.5994285573645578
0.23854832241918997
0.09194488922528454
0.05571452631261846
0.1420667601672394
0.1515065077051249
0.4400490173935067
0.11871788243434168
0.0
0.033434356112755456
0.05541518063154017
0.45121990556152763
0.3634584323655014
0.0964717566471231
0.24707082867827146
0.21084747946167207
0.06337594335106557
0.1357655962586458
0.22757414294137554
0.11536540753262081
0.03560466005166478
0.10450001612512293
0.5687528322963389
0.14074194033918005
0.11643653479979736
0.03396363083563199
0.29273678595523295
0.2357119339676877
0.11822856470446368
0.0932081179777509
0.07326153119053555
0.18685259104832136
0.15636195156384528
0.0977859141454172
0.08852582999393672
0.0
0.10752917491514347
0.5497967364261143
0.0952359374366207
0.16734034184574637
0.0
0.1626050179810196
0.23878559376456307
0.3360317862507496
0.07487699133769482
0.0
0.0
0.023021164633717544
0.7650947960761445
0.1370066368602193
0.0
0.0
0.35329162492161237
0.17104978366585727
0.44471052767207503
0.030947588466618492
0.02228238336343489
0.0
0.0238008774616957
0.04292703034337244
0.8280391708197897
0.08295021531575181
0.0
0.042071150842913095
0.0
0.07980601601688342
0.7712012890043332
0.10692118979113395
0.14302552066938506
0.08599288472688463
0.136262013694117
0.1103276671989936
0.2738708936869134
0.2505206684843776
0.2555091479786312
0.22489181931139243
0.17097640813010037
0.0
0.11640568248420477
0.23221662768026033
0.06766812994946993
0.04514777484262452
0.17034945610042987
0.12126750073063713
0.43855542084082205
0.15701146931911825
0.03243066420181403
0.33992228746878383
0.3871179317238514
0.22701773870230396
0.0
0.013511054372166882
0.16346433249750814
0.44250666009419154
0.054835248593537084
0.03034895938472321
0.15653098934543805
0.15231338922024112
0.0
0.10460019694783042
0.08271650333654572
0.19404274116265444
0.5258534673750425
0.0927866672634977
0.14559128925485587
0.0
0.0
0.05005029057242192
0.5465342398383972
0.2578237433763315
0.0
0.033745714102290054
0.20873114802271994
0.3062642133933742
0.4512584422030672
0.0
0.20951725987637246
0.13235000442099928
0.2706503787683041
0.28965855200763346
0.016298095680936105
0.08152542256326231
0.15670019171904226
0.07361270178770224
0.11492670270893952
0.12787751944850315
0.34295870894353253
0.18392369458177985
0.31576527169028734
0.11061087429401152
0.35084457956833937
0.19047053943595818
0.03230813465020196
0.0
0.23728005742087296
0.1282154199599088
0.1517933872203601
0.3888529727601847
0.0
0.09385781818285412
0.04849937740902363
0.052289890793980415
0.04899878957757623
0.13730098863526768
0.6368140005287288
0.07609646922148601
0.05421727669867994
0.0
0.08900005851732877
0.1789380041158663
0.4203200353135761
0.25752436851310617
0.0
0.09644673516093598
0.06173255728715904
0.23134122362644483
0.5451353640984619
0.06534388103375648
0.004728882844377235
0.129492449955777
0.4615998781274064
0.2943634755854643
0.10981502675632587
0.0
0.11645625367296097
0.14228185761843654
0.15806758911027952
0.08310330064292355
0.13729268311809134
0.3627977640988758
0.0
0.0
0.10454412881608453
0.575539240574964
0.21150764148754697
0.10840834602371442
0.0
0.006470665320524924
0.0
0.18019894932553795
0.6245491538811943
0.1887807828128272
0.055314017407669995
0.06560039003894112
0.0
0.1310856230808475
0.5993959701267547
0.14860350119866078
0.07751795883043228
0.0
0.03498446491340293
0.1184385741957474
0.4548397119418981
0.31421878346960536
0.12977185470822286
0.13738945154427393
0.024097526914171108
0.09742645158836745
0.27669018047746013
0.3346240063942909
0.0
0.0
0.0
0.37879232786988765
0.5596483331481983
0.06155905469196684
0.0916988317776529
0.012860918504077458
0.06782287620653793
0.0
0.6971462928942376
0.1304708280052
0.0
0.1273612489292351
0.144959532856653
0.12056347640743718
0.5484684214997092
0.05864680483062092
0.15702932345997356
0.07197917595116071
0.023081396935374473
0.16852103088143944
0.29014626340991756
0.289241896989869
0.02107375193706478
0.03076167793016923
0.0
0.2344167464349001
0.5026408279298458
0.21110653369545668
0.0
0.047197837208643026
0.0
0.0774086236194632
0.5946300874779417
0.280763126344235
0.015240612435956931
0.0
0.0
0.2530592348299021
0.7316998605087254
0.0
0.16314573817468753
0.10257651871115418
0.0
0.16270904429998098
0.21378467150235173
0.3577834656353872
0.05887483355942954
0.18611637588319685
0.3577376384352056
0.22051106624229083
0.1681393593355094
0.008620203867716229
0.5746712152624911
0.2580657426538729
0.08504084613279442
0.06154030153975367
0.020681372127563543
0.0
0.05075753620470179
0.3499024078290588
0.41211068290598624
0.13368931399706618
0.0
0.05353939314205972
0.01453707194458157
0.0
0.006697539361251439
0.05174067983715497
0.36073690714084666
0.5662875521136129
0.12465058444768796
0.4756737329049622
0.2221630940862381
0.05254502071938857
0.12496720517757064
0.0
0.028137838633297017
0.2118128885435427
0.1475422694916144
0.07429115964613
0.5100774639398176
0.028137838633297017
0.0
0.0
0.0
0.00459209630001372
0.6211241576809581
0.37428317200697786
0.03196538746825049
0.0
0.0
0.07348148828411727
0.40655138780014727
0.4880013941358158
0.297657387188693
0.108459430166437
0.25676066075338533
0.1268400269463769
0.04258373565307257
0.1676979929809158
0.20192724176055885
0.2276420487137164
0.22591843195124311
0.14163505829177986
0.17662496239223627
0.026251532141324543
0.05879080257218733
0.08071676204013963
0.0
0.17981698159443849
0.34173105537253623
0.3389437784356108
0.10484231459086743
0.03177193349792006
0.0
0.04961247996808125
0.3189285552297716
0.49484446101969093
0.12673703243420278
0.06840140217623976
0.14831350622737752
0.25140854671482404
0.24794624955266595
0.15719261517270797
0.0
0.0
0.061947150471663444
0.37056944533678177
0.5207354015824645
0.046747709149210497
0.0
0.36967929127531185
0.09208890151639938
0.0733135706072866
0.24945730870828092
0.21546035540992378
0.42380828200209214
0.06563568083285394
0.04407886318309834
0.10014812132324229
0.14432501986733845
0.22200363541026177
0.44724745214379713
0.19631008974592842
0.01481438653667284
0.0
0.03312597448243438
0.30850163771653427
0.13251198682857832
0.08871197021537335
0.15349227549526037
0.17923582587419631
0.4460470703527719
0.0
0.22810886933421892
0.06892439990277596
0.11893930117748444
0.0844383654933942
0.25594680312431245
0.24364152556241125
0.07026322476591577
0.008006124598561839
0.0
0.035873267119539747
0.31306460562931826
0.5727922227618032
0.11137518992908992
0.06269812412605208
0.09199551270312832
0.43117456699294315
0.16636485442783255
0.13639116473114182
0.03999358539683287
0.0
0.0
0.15014397296261328
0.6284287860944022
0.18143331159961235
0.20543733084791052
0.03325530465980749
0.006091900925041454
0.16060735054188052
0.3933390466951115
0.20126838523504537
0.0
0.010018150460606036
0.009610920719968554
0.06306872550944854
0.9173019677028936
0.0
0.03430600067888449
0.05969492579717838
0.0
0.058837698222135096
0.7536816068207247
0.09347948275644563
0.0
0.16483314358123538
0.12381117895034335
0.27085311718002353
0.3949551908679749
0.04554691504050269
0.0
0.16291761630920384
0.052934753707414774
0.040737222371140545
0.45049363594891256
0.2929159932110761
0.0
0.0
0.18933723901762617
0.17345966538493807
0.4340957564232387
0.20310701992230226
0.09289803982369028
0.02984231356320756
0.031150506282246727
0.1947640659354123
0.39021441822358605
0.261130255088701
0.10141196082157883
0.0
0.05940454982250075
0.0427672456666204
0.6094264665868947
0.1869894216945717
0.0
0.06739112132144508
0.17676247759781055
0.0
0.14836365734661833
0.6074822687323999
0.05479681020364597
0.0024953974251952812
0.007891140090620176
0.05649368943193565
0.6806072820721597
0.19771523964831844
0.1992351023602635
0.20681832449781076
0.419353111899667
0.02672562858299199
0.10477346518520748
0.043093781475906354
0.5871219590071073
0.20316019251185916
0.07670182547019523
0.03279812465246057
0.0
0.10021766026535132
0.29456087872462244
0.0
0.04841265896242326
0.1374216413450787
0.22275215318453767
0.29685220967180725
0.11933901221705105
0.0
0.1604846712106039
0.25764092993059556
0.28645786656522
0.17607683952910175
0.015155848764130626
0.0
0.20305092375092157
0.5875410814954882
0.09307482447499325
0.10117669002075373
0.09729643709381537
0.11724870263046067
0.0
0.15469997874785715
0.24554534693900662
0.38520918247209107
0.0
0.0
0.05718807434079424
0.1840067551058429
0.6475108977374359
0.11129393250715752
0.2611625610346462
0.17708825024873384
0.0
0.1915926634111998
0.2962888222795976
0.07386714572437099
0.20040057583174534
0.04764342574508444
0.0331136601764838
0.0
0.5740501341055455
0.1447914112127771
0.25426386744466406
0.4205453438384528
0.04873495260909137
0.026703505795312697
0.13190840827820655
0.11784350801398408
