0
0.13250985833952747
0.11452265382341738
0.12331094710620444
0.12645306227093345
0.25824774242301873
0.1353327920001092
0.05242982342694789
0.05719297576799048
0.13975356350639867
0.12179114294391377
0.08078583690634666
0.036594312745948314
0.09552301944220488
0.18647245405424384
0.17324717947725501
0.1658322502806384
0.0972514980665651
0.06439334627592466
0.11323924582716836
0.26481659391931905
0.1789755508060295
0.15541974270225903
0.08011385013786766
0.04578998331905154
0.17470666746735303
0.04522211079965855
0.0330923827129005
0.13720996646971428
0.12817928413439778
0.08370973559858898
0.20876330147677752
0.189116324740258
0.23793527140159318
0.08665744898302244
0.11353487377585149
0.26661196542617394
0.0869538517529755
0.056025902703145364
0.04659462399013009
0.1056858451545297
0.2032733452574629
0.20923910231513002
0.16656127051187206
0.12928455505946068
0.032295683077328496
0.098882870012853
0.0779420606110911
0.08252078696861964
0.16232860757222053
0.07218101757011385
0.14151713991373713
0.11890229218391288
0.12770617913191792
0.21055729403265777
0.10230951671621852
0.06449763483743294
0.19532368018772941
0.25385697609441027
0.222701308192646
0.013979972877922152
0.0617173286312932
0.04676978638429224
0.07788682240503067
0.12776392672875475
0.18786823798663022
0.3839512188810194
0.24757645245843285
0.03806538362584727
0.026685768771686234
0.06715526521202105
0.04205487876987425
0.006642485924827377
0.1200295016106192
0.24205170480229943
0.23860532745394666
0.1048929147031935
0.10763700893278527
0.05174855342657321
0.07784886691661078
0.05718586985081516
0.23331776816465563
0.09208698896304213
0.1562180412826245
0.03828186625621256
0.13446756058023704
0.06752451867101403
0.07838428172523736
0.19971877817538533
0.1394976022910448
0.18142812322555257
0.27772868445107296
0.11016279899700461
0.15564084919439644
0.05823441097423337
0.06430961011191853
0.012997681126727167
0.23767040537136674
0.17526499544235094
0.2956543719945592
0.05362006538862686
0.050149793454313675
0.07087736513578574
0.07799519886901979
0.03876761787334447
0.20947751474541795
0.194200748698186
0.20055884743559046
0.1150274321072636
0.04332902311539706
0.07856470467080356
0.09434094959472948
0.06450049900165075
0.2330663014679679
0.41792024982332243
0.12717293511518862
0.04902027589874949
0.09077086506108478
0.029366521131710878
0.014993234779203182
0.03768923645358787
0.04198130038597949
0.1430475765044222
0.20589673117090157
0.24084972799232457
0.2174906677239453
0.07495667801496768
0.04161687976673708
0.034160226137055695
0.09536097380245082
0.10640879415051177
0.16442431481231506
0.25345063159705244
0.18960950082041114
0.04026010473194207
0.07292177158892187
0.07756373714850938
0.08411272209900267
0.10970399436244856
0.07878454013499978
0.058733063184018545
0.11426002967929988
0.15865769903409968
0.14580199740094396
0.2499457957065871
0.17824845738909376
0.18776717093783007
0.16950833379898203
0.10682338953761587
0.05290135567301019
0.05431099973374044
0.08700403576051068
0.16343598382503188
0.08752205160737167
0.09869462413598903
0.07947161714449132
0.05160014939858041
0.0679071145264006
0.1049355525806955
0.26089609961022076
0.24897250676110896
0.1386066854467368
0.04510027365268912
0.05034990225012619
0.0655785697765386
0.0894595633978484
0.2941520943139018
0.23791555207102902
0.07883714595769377
0.10286407525007978
0.09222133747487468
0.18818475025893538
0.14972079536895466
0.16481895265514204
0.10572503509905845
0.06792225912710374
0.12854259672361876
0.13029192931139516
0.33374108503679384
0.12922013671590085
0.08426188142957476
0.12615662192690458
0.0671871878175777
0.06703893197805731
0.06210199550195269
0.11170212523198214
0.12895845812933882
0.24577323891800673
0.2137573022772675
0.10265816969365962
0.05299450092871987
0.03738118571052369
0.10677475436283305
0.04406211590106111
0.04916250030829218
0.12011371977196564
0.29618768371514026
0.2747322741555152
0.07878699989607113
0.09832848614367076
0.03862601649602461
0.09830659139264772
0.14196757345083041
0.2363320632046717
0.1980679521259004
0.1024191531346812
0.053784278491432636
0.0744588082708088
0.09466339489758485
0.0639668774831353
0.19516124486083217
0.36584112420821424
0.19331759883264862
0.11250857026891785
0.05649099932034819
0.003306831981196417
0.009406568187186673
0.0733810342020017
0.10341112032426565
0.17716220635347626
0.0877709601204539
0.1367928900392063
0.17447699541628917
0.10717377778835017
0.13983074235759158
0.17234572343753857
0.18512829104177286
0.09767399681397249
0.059799013952032375
0.08475782577155756
0.10192436212138552
0.19427501864001526
0.10409548944284108
0.3900338005272587
0.14839596964404414
0.1041958978189682
0.04238110630916894
0.088626553226624
0.022672797639074965
0.04174908371992818
0.16194451165564896
0.09491533105977391
0.04829699311413091
0.12258481038397678
0.08394348052059186
0.25547649089946267
0.09471907145402823
0.2323689741470097
0.06769462775502505
0.07383980469980576
0.0638711844098738
0.048635939476254865
0.04175889291947392
0.2736168594990976
0.14645436049254001
0.308340294629656
0.043482460161970826
0.1371395426879468
0.09884923719244207
0.1571574606454859
0.15477427671409125
0.18222921725669866
0.1814814043341974
0.031151411247045787
0.05721729777441787
0.025381620317228664
0.021880284043071973
0.07614558059026098
0.23121122620568435
0.10813337715155397
0.21645270031818561
0.21649244769056622
0.10430250625206615
0.1625043481881457
0.28911796235425874
0.12583688414243496
0.04674126331249413
0.056781380724940086
0.03233865402023147
0.17263852409388963
0.11404078844005408
0.25533387404250846
0.18429002254500268
0.08253951257257541
0.12438396071270122
0.05226756879105477
0.033416586734562714
0.17342319959610927
0.09434496652147742
0.056229550008195475
0.21082977109295542
0.21676083960416323
0.2370536030674374
0.06260325675213754
0.09490963311919483
0.0625583036822457
0.05905477696504454
0.12488878376037693
0.10058672789280698
0.11313528273794105
0.14695195821467064
0.14649917075389982
0.062123850278877665
0.15035980554720393
0.15545411708005505
0.27492338195940696
0.18162398393973345
0.1336270902421127
0.07799165107700443
0.016231258221455738
0.06239541669261948
0.10151054983231651
0.1516965081489845
0.19002416428481725
0.07082732291322212
0.12465777872764658
0.14070629181982477
0.11177551731148642
0.05517323846213679
0.040642446117087075
0.2661930029524121
0.08538728685220379
0.11815994636630792
0.21790341512565511
0.16855914598952143
0.11936414413077392
0.10080576844827276
0.12854351437845232
0.06127653340188588
0.10517138462160323
0.30595182249597164
0.20454462046843538
0.06741614093187842
0.1545156276536377
0.033919214507407675
0.03748633306253576
0.09099459529604258
0.042981478719600064
0.07405770138754332
0.23674953282400044
0.155488625848453
0.15516081181002192
0.08567021103344256
0.14996522169760756
0.09992619874435997
0.13588980625373312
0.13061046747167326
0.20730831844261724
0.2996620337797319
0.08795449972746167
0.04938247729340721
0.016053312597984256
0.0731388761679954
0.05782095159656703
0.31966733175473333
0.28192316108190285
0.031289508314811476
0.1875589533842775
0.06058739336960472
0.03892713304375879
0.022225247721912023
0.025446908017007285
0.03949779842278908
0.185312609499195
0.24268048290100014
0.22121624199132084
0.1496846363033659
0.10565457056512298
0.030506588680974032
0.06378463655072537
0.016278443339629294
0.026362673142354926
0.10738923421007537
0.2822402199535655
0.2996690454049794
0.13913047576251622
0.06514503431856149
0.052197726046176875
0.029797935481915276
0.0052900091351953315
0.10245701919144042
0.19838055023971152
0.3673100759742185
0.1957505742265006
0.048815916610852716
0.13102060399140805
0.05810219793210163
0.03780450578871464
0.12758288651224428
0.28043706106696714
0.1969212766688156
0.14339611549264966
0.024735162808146995
0.1670198610050174
0.20815431910683888
0.31744135063368467
0.08127879062673242
0.0310751714568734
0.06159323087005594
0.07969653169880975
0.053740499703672374
0.10394983880123825
0.34549074812779745
0.23410838785771923
0.0973617561423315
0.06151032669343681
0.032772147675493316
0.02773660838776787
0.09706986094555624
0.05477256964461291
0.11163383261991935
0.11630404680936408
0.14786962918266047
0.19127348462778967
0.14409362033262174
0.06645197889442651
0.1676005652745948
0.09264654194824481
0.1317707354212233
0.23767109379223883
0.17099056369168236
0.15238619689380975
0.05837017233531063
0.04391848346455524
0.11224590818121107
0.08801818009141021
0.0865604795815804
0.2881139263452646
0.1402964652391781
0.1632253152070101
0.10645875131297437
0.0555964471162396
0.07173019777484606
0.1090067493714738
0.13740175049285505
0.0572628423034302
0.09902105127758827
0.041087085578183524
0.0983314974355868
0.18220678894636963
0.2756820699451123
0.06540891609909995
0.09936348662827621
0.30169929896427433
0.14718743161390424
0.09407524736055159
0.10200909961797316
0.0769154080274793
0.1133408689136989
0.03916828026079967
0.0678076221464266
0.21688994508045972
0.15490067088319867
0.09325172023095127
0.18933612789202411
0.1510728792373586
0.08757255439474661
0.0027451961635504875
0.0877893858010969
0.13381297491358052
0.2602892306895485
0.28029876561458117
0.12410140990824324
0.07009309100193095
0.0408696829653602
0.2700422418159974
0.10228585549740762
0.18740665850856772
0.07995505753246576
0.10562114522971418
0.048960789336834856
0.09859691448349088
0.10713102542257234
0.19330507319782428
0.38746289223632085
0.16188532699825264
0.06868873163893026
0.059122814268167095
0.018562682005386202
0.053547589777914156
0.057424658023026494
0.05668261617849574
0.3440683961690054
0.2899925161797314
0.13400991112834384
0.10314223613441686
0.021529507003774276
0.017294674671796004
0.03327995517195326
0.08854338657574931
0.21040450646112344
0.22011331360130423
0.11706324559625883
0.047518128591709535
0.12292174670680818
0.09992538458776165
0.09351011498954484
0.08076296657666283
0.04990971214575835
0.14879823200468822
0.2819755515272184
0.20326194869117833
0.11271500083763988
0.059719170487536485
0.06285721235058352
0.15778554849662488
0.09575460130496033
0.26252958450190034
0.1147391873261152
0.10693908620868262
0.05921145835354495
0.07964779480673391
0.12339255651983415
0.2665383662736216
0.2504303737661067
0.1680793382193696
0.05298814732722522
0.06372305205568346
0.024534047081518365
0.03172017782283682
0.14198630235134388
0.14684399481027843
0.1677577948361125
0.1316866789800006
0.16463421230905562
0.10709229390504209
0.12318482599508745
0.10012687207239955
0.058673066386101896
0.25862784400501826
0.07461550587323593
0.16232377823724334
0.20108123947085094
0.1458261975892271
0.010754448107115752
0.10758170118432751
0.0391889562859717
0.013215076840468774
0.1434179753152473
0.3031198375239395
0.11264618212322965
0.06280653003958188
0.22097573487465086
0.12765182806912448
0.016166565287408955
0.20074225796008577
0.06122963266999739
0.058001681551184105
0.17210189448543872
0.17104818446369974
0.09535001531874487
0.09377554959992128
0.1477506341712079
0.1018612882242504
0.13152738105194284
0.19030255587222988
0.11173512713131376
0.060993230718012555
0.046303427227602514
0.08116253100957575
0.27611417340832345
0.14213390615981125
0.1581209998855485
0.20922834190223108
0.22079216265478416
0.0729919172466208
0.0634561318425073
0.08811816068298059
0.045158090762847644
0.09454073257452798
0.08566021560626927
0.10772354031010505
0.13929449874865266
0.11916772157185739
0.0987800682822386
0.18115797055278485
0.1736750396822865
0.17257774945016502
0.22446791232462085
0.16988313766343052
0.08193468170940205
0.07179585840155064
0.0861657390270756
0.12494549575625065
0.06822915891033775
0.19127534896547527
0.4778681550711861
0.2019624823700556
0.05258362396283895
0.039698405408967706
0.0014651302808918487
0.01064097608410114
0.024505685475459373
0.10647491636891718
0.21595826451723232
0.3457751089798762
0.10096830839999955
0.06625548511399319
0.04546144885114756
0.032052323687496165
0.08705388467658137
0.08779874386354436
0.0500880446688055
0.15618359562894707
0.2896614937584141
0.17038777141968817
0.06964533970806928
0.11055522556858867
0.06567957246471394
0.051988703376139936
0.09931473886599952
0.32845352341561673
0.2508679381036407
0.016371434900127036
0.02717104310023712
0.1155016357081311
0.11033083868237005
0.10599832992683396
0.20682085252237575
0.16638722543689596
0.07635057116892886
0.13227636797137457
0.10671692000767431
0.043900878924648924
0.1615486355415394
0.3244908723537678
0.36248569311577006
0.04801398791641402
0.021692496551719214
0.02047729140949259
0.04135910648839091
0.02366874167407255
0.15781155965579596
0.07965077131364802
0.2041559412114323
0.09722937274260807
0.0680426375749913
0.11108392105345008
0.112066113651448
0.17177175817691837
0.15599928915518368
0.19025078457108893
0.09941881890214903
0.2111692482660065
0.18737038986426874
0.05541296092862373
0.026226988469883066
0.05861202591690754
0.17153861013005717
0.10266047531474153
0.054414811259138975
0.18523964507897028
0.12852351010349472
0.09510211157005967
0.0596555561049271
0.11613405300144437
0.2582696185064881
0.033948311153873964
0.03538450899667344
0.4897529675530613
0.18220377715935454
0.12607413748202217
0.05582218877601595
0.020595824647541706
0.05621806906743285
0.1205294942293669
0.3217622022282731
0.08360997913209105
0.03998033863562822
0.09497127005306145
0.0962695415234106
0.08471885101415022
0.15815814216969698
0.07613484812681819
0.14213452049534162
0.19346281085591685
0.13600601237242935
0.13676397413525154
0.12707201585333236
0.10565013576945642
0.08277535062466734
0.14681043254860962
0.14044016481913724
0.20238184537393963
0.08205767846290309
0.17199942541901336
0.04172108703268541
0.08939833792394984
0.1251907273176325
0.09941480931819144
0.13061111925884183
0.19461279177011068
0.28514828148578697
0.10370521505504145
0.06998220254761488
0.05158586596045997
0.06493949696491805
0.24115362060871265
0.2669134950231947
0.18423003273359756
0.07066265846489571
0.0610939603954966
0.0037178395811495015
0.0903280450369475
0.08190006301071491
0.11786955565243455
0.2578085795393401
0.25987849468928065
0.14898563228252376
0.05596294732104076
0.01737671383176161
0.0651708904274198
0.07694692406594618
0.18306046287037775
0.1631636977430988
0.08534565223441193
0.1284820824797467
0.16421412410074115
0.03254671211240759
0.17997628090517875
0.06321064527032617
0.0724620424921839
0.29910727583238844
0.3792744888802353
0.018053095757226557
0.13457228895808382
0.002847155655293735
0.029421012376542263
0.06426239590645784
0.17546657644958827
0.28153584218769323
0.1314137295209095
0.14959523723904672
0.0704255879872299
0.01268126904969247
0.020592927577743492
0.15828862911586972
0.10566367063336672
0.1471045810874197
0.2185143436352869
0.1572450330945184
0.03935925060467443
0.0972995332470877
0.13321176369191268
0.10160162241900658
0.1619223855406605
0.09218521947153363
0.23606868649469878
0.19314595856240954
0.11574348221220576
0.06657516851471333
0.04654868434319887
0.08781021073133641
0.06970657433560458
0.18812934302780068
0.2796224505861705
0.06707319334498897
0.10867995358967042
0.08022270097386765
0.11222842813224536
0.09433715674786453
0.10494664117455854
0.23771049035983222
0.19415480502675972
0.13241526179960425
0.09907846465219107
0.147861287012082
0.031736993782851025
0.052095848492393
0.07326278699819216
0.08677673857192114
0.27741554389007733
0.20183740220763766
0.14779446028318685
0.13160124546069701
0.05428361237190284
0.02702796694731147
0.07182750638105151
0.07502160098055252
0.18609851661962734
0.2108336804883147
0.08765581538459107
0.08031355710945005
0.18392815916564081
0.10432093923280909
0.19539754801984158
0.23305265755100624
0.10885922787700507
0.08570142162354898
0.06492550425361575
0.040555229200104626
0.1401771718884277
0.131331013576431
0.11897738801193437
0.10698021637339157
0.07738909409609346
0.1064666001115399
0.29875163251394043
0.09696806478053453
0.054550881109498024
0.13991583135047075
0.08893532029769845
0.2546498503065915
0.3280985100278374
0.16954273337461753
0.06278511992089617
0.04111199137352926
0.019486659164951632
0.03538955214432305
0.18379217656725147
0.2716528182606205
0.151798814003073
0.0952198342807788
0.1161862406081506
0.07152294061889924
0.029347895594028547
0.08047907823837568
0.19566469149403412
0.2601218587368542
0.21316829942842871
0.10444602949988904
0.04743380993732135
0.027347172602164044
0.05955519419926667
0.09226276648206286
0.09209257545987026
0.08837068172918307
0.26800264947403774
0.3664825318419007
0.09588314069435686
0.031476896577764375
0.030930347917504028
0.026760989078937855
0.08779834475294572
0.07467132819493245
0.17932301588717803
0.1803146221673084
0.133004247331384
0.19997226391612874
0.038445663111300564
0.10647019735870163
0.13190201545190255
0.10095359385886007
0.23588530574865707
0.21504731557696025
0.0638142677314993
0.013066168989735678
0.11315692374343164
0.1261742280524646
0.17618051712363955
0.18453358595386504
0.10369264747065621
0.26364698344077936
0.0454682520900463
0.06709920333567548
0.05701420056715932
0.10236437854413108
0.07228511685796474
0.2277346076173865
0.21007403765144572
0.13779483613924917
0.04729044054789384
0.08146355366925599
0.13843072892568703
0.0849264861104465
0.1510669033942524
0.1030271193754895
0.1711727985799805
0.16262314508323866
0.12580677673274157
0.06583056371237103
0.11494783333409761
0.10552463312459714
0.08859856213824711
0.23131464575712363
0.2934502681325679
0.1162546504110667
0.06990566899066401
0.10977120175985729
0.05454990276361647
0.03615487437008417
0.11567340862191006
0.24929832230458215
0.1989850040887424
0.14181923437598318
0.0988825341045472
0.08015261076777547
0.04328661720946357
0.0719021064783907
0.09997827423105794
0.200900136686991
0.20425006402621837
0.14668311674005954
0.12201481627048842
0.07543994773601863
0.060310436340793604
0.09042303322949133
0.027419735782084564
0.16021573956573512
0.4531077369407461
0.09680233667349683
0.13295783672010178
0.0601222546613476
0.03589521931934862
0.03347896375865242
0.031861467716792366
0.14919007547170896
0.4012803747228084
0.17102971380783336
0.06479212879047316
0.11354299097715673
0.058242085010710265
0.010060940804128934
0.10601368225943622
0.12261449846030403
0.18216720399828853
0.20953959304966158
0.09066847165323348
0.13484105430463575
0.06788070907038454
0.0862745617148084
0.0939727444891842
0.3666393606855047
0.31918004115151916
0.0748903270078893
0.021005890813505408
0.006712268138398136
0.028583101205722494
0.0890160404035374
0.15062328840231945
0.21538323383693345
0.21154866706319825
0.08635573355098475
0.16033219160384624
0.0774875528955426
0.0341238796514676
0.06414528317399651
0.06230040326097571
0.06530156202944393
0.027180293997778535
0.11378019740093716
0.12398314819308642
0.23857294311184166
0.23438858388469194
0.13449270324631463
0.08872737274984582
0.2054694878260577
0.20491815350117082
0.12160574794852175
0.14778943804821845
0.05747223695501398
0.03262084096506493
0.14139654085803946
0.07060608997310815
0.2141992488007823
0.2798652969737019
0.15770032664570527
0.18780633458647816
0.015751480708502585
0.029407106676903494
0.04466381255565806
0.12906781744127338
0.14474805171584235
0.10896983327990094
0.18167031935792058
0.1295516196415175
0.0875005370118017
0.15843210543007816
0.06005950735913949
0.1298832667549913
0.4105361658721138
0.23095797299605247
0.061796455616813024
0.017104038722380213
0.0208765850784
0.03359357752707431
0.09525173746868075
0.09833081545577485
0.22704171584209945
0.1731939610574108
0.2850193733734839
0.10345312907387183
0.07320245958273859
0.018318395164629325
0.021439909630250643
0.025891605730987075
0.05964132544457858
0.15259870153286345
0.3734268060510054
0.13209721784253117
0.11960448032331251
0.115066361744823
0.021673213809560665
0.0752667311760025
0.03755633719861507
0.10884545871208218
0.08657561738971678
0.19227672435324666
0.18488520868623579
0.18735034505528414
0.12724337827916404
0.12544897847981537
0.10079199650767193
0.20573882470630078
0.08737458103193853
0.08923724939170381
0.11429354331206848
0.17270197170804513
0.10441263221599972
0.09488043626324932
0.11140447028365584
0.12546064204666188
0.21818839914081745
0.22631074368030774
0.13761416762357478
0.024221585170030636
0.061919375470105856
0.033548672629512055
0.12370494686853839
0.25512275984809235
0.19222388201070978
0.14921262758574816
0.12589523624642757
0.07938883372232725
0.04090281624089272
0.0689628462944523
0.11546782606188169
0.47791792863386
0.23281476632292356
0.026221454532278404
0.01944653051562173
0.03047086113061152
0.02869755415880168
0.24680949670065758
0.381129218798597
0.17008110020563272
0.043264945861193484
0.05966817646416348
0.024208555294045794
0.01076447172146277
0.06407381792127523
0.2913723491470667
0.1492954396837243
0.19820793911940512
0.057781244137419266
0.024481008980109385
0.052227250973993056
0.0656949130530825
0.16093960386785683
0.032470031450288664
0.06908355082076095
0.25163468067512307
0.24364214016694052
0.12618393580502632
0.10218164270774666
0.1186747358222176
0.056129020643325644
0.10367614810831222
0.08174362538203664
0.3560549440843843
0.29078648039765814
0.08244499739289174
0.021651391916591274
0.0418354407549718
0.02180676006147539
0.06411141103216347
0.36117222957429346
0.21429084816694174
0.11482442715759941
0.09378974800430631
0.0497016344693755
0.006912621527066123
0.09519681216193018
0.10059548450649393
0.154324228308762
0.15424245131409672
0.20658740746536083
0.20717996637070904
0.08343456790652332
0.04371086088606749
0.04992476119441692
0.23812987704566269
0.31309394604830965
0.21863586448407568
0.06476614449009124
0.05985902726774971
0.009835140375948116
0.03481237687924525
0.060867445484033236
0.10626202459255846
0.24981523941201422
0.2897482694630544
0.08371831946342895
0.08929319098659624
0.049731440010321225
0.062298139085842134
0.06913316872152886
0.28664710795679865
0.18000231251599919
0.05225267429543605
0.041513197790262676
0.047603200414777544
0.09700818095545237
0.0842451257837474
0.2107279581599396
0.15295615033616752
0.32126120753143056
0.21147125492521548
0.147240892410624
0.026578854733359168
0.008321902728872088
0.04027169523086392
0.09189766271227172
0.07449592678882191
0.11024129205883985
0.13212567788263205
0.2012736887622811
0.1741429129026883
0.09930160056410832
0.09093318859888477
0.11748544682898367
0.04611217225212254
0.11436645950849156
0.3035530130534515
0.1572807875064689
0.1763370736777271
0.1529138906020869
0.04076171716680228
0.008674588346259577
0.11204329058961554
0.0973624171013563
0.12094786400816565
0.277783679359613
0.18722952003110846
0.08441981267842248
0.06609847247650977
0.054114679570811786
0.034004244458513994
0.11529080433901012
0.15785631905828612
0.11550710621900236
0.2855170598684539
0.16843376533416649
0.03930467677293311
0.08408581398022069
0.12509643487173136
0.09875006370112542
0.18301977676398307
0.1751762259435409
0.24800468980487764
0.07265485937451362
0.05342254482101054
0.04387516962736525
0.21829950229984896
0.268244549828932
0.25379690533423954
0.06539864720387391
0.05151270448623808
0.029133075861783736
0.05245306489192014
0.0611613061885317
0.19089750846356002
0.1498075534514683
0.26132886208704986
0.11466257977858922
0.07916729878911087
0.028683689098658705
0.03437367570561544
0.14107850035652666
0.033083245392910146
0.07213518144621409
0.2508264551672578
0.2754174032723036
0.13060662965191178
0.09703098289325096
0.07123386064321735
0.06966592129460736
0.09886273836220612
0.18024436898424265
0.3846773085194953
0.1889052497024585
0.08271224044325819
0.015385565409783154
0.01666795499807586
0.032544356922402116
0.22805830842337785
0.07949867039205885
0.15594370757900708
0.22099576426123207
0.10844926502677282
0.05312022666858946
0.05739589865379604
0.09653791585092614
0.09344042418355762
0.12673756729184565
0.25974658334019773
0.24710049157987946
0.18733159570170876
0.029907080633056304
0.011099051047578157
0.04463699578458184
0.11335619642565416
0.3827719165337337
0.26583161088294904
0.08316204941872368
0.08965892528173809
0.036444901668920004
0.023389273227492652
0.005384887879816598
0.08056820496823228
0.2900696733480451
0.3766157959474966
0.15370106761784236
0.03502463147569713
0.030956863476180065
0.01889821716443998
0.014165371609380108
0.18300848427068772
0.1157103869955849
0.15021562757107648
0.08873302048649545
0.1353620793877181
0.08835262511277661
0.10194307106239574
0.13667444892426758
0.04124284284294379
0.05332655598825116
0.20735389136565682
0.2968879986526311
0.09802399964724727
0.1075973807689853
0.15612882387250393
0.0394383077310778
0.12646279702328733
0.2372669945883526
0.10331429100712576
0.1162340054638338
0.11290842655997015
0.14333597425029523
0.07624431346418693
0.08423293800478888
0.09752401594040991
0.09586906166405845
0.3653300570531936
0.2119678017146777
0.09574258824104098
0.08105206766873575
0.04689840540770589
0.0056156619829921955
0.16012712386364636
0.29989233500439033
0.19346271299502998
0.12088552687785126
0.05478678938659079
0.06405456973745045
0.03206153361065952
0.07472916517416052
0.05736754515292467
0.257672331932642
0.3387457894875454
0.2105899444490729
0.05824201795173949
0.03344805904080876
0.009921261496171879
0.03401286448361997
0.2534667702478038
0.3422832531412153
0.22898558618713954
0.06675350003935669
0.03133247387290385
0.03172535619472673
0.017177555563666912
0.02827531865015661
0.12467833578986526
0.16891296314648635
0.20539954452664674
0.08507128057484238
0.06276277244346624
0.16784644006571067
0.10008402145839639
0.08524430726531153
0.25902654821001214
0.2939871017698738
0.16360069942293762
0.055862340279057295
0.0432174145243966
0.015673207904121293
0.07771571089937981
0.09091672652067864
0.039011118177261064
0.3021704934186719
0.3055737685003811
0.17044544548904916
0.07953521423697187
0.04034758890610207
0.025727236341227727
0.03718883412597099
0.20373082200401935
0.30246398310373673
0.17866523636475998
0.017568296677942685
0.04228869167935749
0.04709566097186608
0.07926567522595673
0.12892127804668294
0.30619666145351343
0.35484432179074554
0.09989668819856837
0.02896210189965736
0.02136878141858232
0.009957995612173072
0.06694356185117382
0.11182959609730277
0.05123894602947024
0.2758381690341711
0.41330040421377584
0.08650252378856943
0.12073264437967318
0.024652225696198037
0.021529027322475355
0.006205867126440404
0.0689123262782888
0.3385867498902022
0.37027666865483344
0.0676789238174778
0.07839669602842753
0.01471893855139856
0.020588566819171896
0.04084094721420907
0.05211988189591936
0.2217425272190812
0.3668989128141048
0.2438114198680591
0.05795923873450043
0.02003754407754219
0.020390371373546143
0.0170397215218988
0.11343525206838183
0.11606167102387106
0.22919855919234333
0.10961419144626876
0.06709835650451419
0.14905775318640335
0.15368973363970756
0.06184427905631713
0.023795681979434553
0.08293290983423454
0.3286081123615483
0.22651147087276566
0.16245541091339155
0.08717059936880478
0.04053065968386934
0.04799493949302593
0.05016676600735985
0.09689632896767726
0.21565107272465125
0.23668689430675005
0.12644802399971286
0.06107139746108934
0.07457030678445527
0.13850897553115496
0.16078841017547793
0.23960436600054974
0.1336415984403296
0.17466079083016045
0.20097187060825292
0.04257836588468996
0.02607031584037813
0.021684120126220317
0.1425419974247311
0.14024931351649308
0.20656300421341822
0.1835624512196388
0.17023854952332448
0.019206660248236477
0.06905519219896113
0.0685826506373082
0.25058586032367175
0.36658942602804423
0.090664341463116
0.021888251572404236
0.033021958723723877
0.10458180503036812
0.06250021568436968
0.07016798316739127
0.2260956657014178
0.23844182591270344
0.2397126837077855
0.14991580079911296
0.04334577995940218
0.007482011371390516
0.0376259953972009
0.05738002867957097
0.15044365556634182
0.49413480787194164
0.1696760267751696
0.08501899738614702
0.049482661558737207
0.0036038455766927682
0.017503905430691833
0.03013594088668619
0.14262506844766265
0.3948408841012904
0.14329705173475316
0.09258809652639881
0.14280174774448284
0.018509583078988298
0.02571964715032583
0.03961762206920566
0.2059851533261623
0.09947520006983843
0.15610270064572487
0.19682569729929203
0.1831038668814825
0.06158129935875158
0.0732937875329647
0.02363038448241753
0.36416768831195784
0.31294956918009603
0.09952676357349523
0.018780421324830206
0.04141784367147768
0.054497192020300636
0.029070212942318208
0.07958996053605433
0.1997167451699676
0.3026584516658156
0.26036805751101594
0.12140012162068133
0.026235116492541007
0.014215670789161576
0.033224176589313974
0.042181470806159575
0.09222372252822693
0.17159383274218973
0.369525232498647
0.04936104774373344
0.1788918726664532
0.043818157181871376
0.04649249871467054
0.04809332330920641
0.10838953570824231
0.09002471935630861
0.32466025069122056
0.11361865084968659
0.20369444559455002
0.04628255699374702
0.07569929354738984
0.03763017892029505
0.17307921281284372
0.42028294450848214
0.20394729380848198
0.0858420927048313
0.028580586957079643
0.014612579357980597
0.02026662286253012
0.053388364461064555
0.12032722746268965
0.22099084199527752
0.1482045491398167
0.09813743123689128
0.1356987742546849
0.09808952403420595
0.10153566168490354
0.07701579739036761
0.08358053142869022
0.09051773225371326
0.12705881853050768
0.19287483254693727
0.2144039133708968
0.08776391991719572
0.07490788314443371
0.12889217119252247
0.041740663658226006
0.148334112096818
0.19342739134918546
0.3081174149574367
0.14433717020504877
0.08390154926511337
0.07264864820947596
0.007492849737796419
0.10082299691817281
0.13973354992448703
0.2243406569761361
0.1885273934183059
0.1340264371640654
0.06005143357314759
0.016960915399930353
0.13553636517068574
0.14084117739426394
0.15239413313667569
0.29095947000972133
0.1109498388281623
0.08919381642593048
0.16199048816439796
0.012392828627612132
0.041277891809901254
0.21163723080281116
0.21793112669700876
0.030606021584805767
0.061896953730407
0.10819740047690309
0.11847523651911432
0.15619092684016228
0.09506491812414286
0.16675251783764175
0.1908191746601692
0.07873134142388498
0.046736025856151116
0.1138101433147491
0.1612427256396984
0.09555143112175186
0.14635644729798503
0.11353802891870243
0.2362007720611629
0.13704326921379054
0.06543534631448708
0.19800914302810377
0.10213220817448926
0.08832273826012171
0.059318278215770626
0.04354967397181174
0.07539379162758085
0.2755869078388396
0.21412608940470126
0.2845480017639462
0.02387402421302474
0.06004165694245131
0.022879510111894045
0.02768817028129071
0.09094882061094542
0.46541218816877433
0.2414530896930707
0.10844094037854886
0.05409660244996988
0.0018680870988262979
0.010091842261503444
0.10799634695637239
0.33234436442570386
0.268301487987852
0.1413558304883347
0.01833375165998812
0.03553277707166796
0.013075913113161959
0.08305931624649956
0.22165878879864526
0.09461736479220619
0.23068441903838305
0.06334837497030157
0.07798785461912273
0.08982025762420635
0.09613405637703719
0.1257485941077444
0.03402915060272585
0.13984151945192627
0.2851289683103906
0.2252610586521867
0.2362358685078899
0.03388899967305383
0.040798932408398256
0.00481530448564135
0.04442395575129245
0.1410108495860349
0.17922949079085887
0.2179798950008424
0.19368675023808993
0.054722476480721066
0.09236696645713295
0.07657931076561421
0.06241815164993206
0.06260315667801852
0.1276842432101599
0.19285803079718644
0.2668778523131808
0.18917319452254197
0.0766444788917613
0.021740647013499075
0.055949300693803036
0.1678723085845443
0.2031483025176785
0.15386181898491047
0.19730203292446824
0.1522713870297464
0.036117378096411926
0.03347726381924986
0.09417362867015103
0.14169624319958152
0.24619815191781735
0.1833192896887155
0.08281691979996507
0.10553661645742897
0.014027770709756976
0.13223110407868524
0.12648682582320198
0.18319851334264978
0.1781874121205056
0.10228114102277322
0.11991115100425569
0.04933233251122391
0.15506898818885678
0.08553333309915769
0.2154173302918296
0.13608408794550766
0.19985792119036175
0.054280617528079445
0.05687111502889253
0.05962072302529308
0.11753580087327986
0.1603321737232643
0.044668695713817014
0.1745412684319892
0.24637508224478477
0.0947695558712421
0.15396346520235257
0.04604393261365663
0.10408262712681358
0.13555511557577798
0.1823643249190589
0.22062043086618283
0.07695946820048515
0.05847557483420161
0.10930531722218473
0.13770224300763784
0.0941108670081006
0.12046144609144942
0.13228459133456946
0.2319407331108962
0.08600490155572386
0.056203366201568745
0.04528971252369655
0.053180971675881025
0.06775295717158608
0.3273425537402428
0.10113722075844352
0.15495154178877626
0.34188592109839644
0.1899042527680793
0.03642216378930749
0.08265892646503213
0.06939466090679729
0.02364511387957182
0.05626781859976865
0.12235800412106734
0.5247644451041175
0.12035689990723547
0.10238933997911041
0.026458547234614098
0.034617633626243885
0.012787098558142487
0.12567528760153185
0.21166160219462501
0.32461840156955524
0.12636030105463517
0.07063585398789247
0.07366272305328324
0.046895837542386944
0.020489743490674048
0.19610235082085764
0.1814859799202278
0.17212083849639337
0.03777031407407049
0.08744507012196531
0.06024068451983848
0.11983677755201136
0.14499777685027315
0.15292746570208143
0.1636639001547595
0.21009400113588095
0.08659118010161114
0.010343979888722956
0.08591812062776642
0.1041229228884321
0.1863382193517107
0.09812059216986857
0.3745546926472695
0.28753739023368324
0.05606749699160638
0.11102446915317324
0.02621423069689074
0.031120498908204116
0.015360374873316276
0.21035071861524002
0.15508248596592536
0.16224665898834503
0.13619369692317954
0.15198380755384083
0.11885858262066551
0.026239909189776405
0.03904380770155761
0.11375761120778839
0.11189869113756577
0.20192537343545003
0.1276095698706379
0.11702830068341127
0.1460238461371271
0.08909180107603548
0.09266455154049051
0.12972351973837154
0.12474668929177678
0.1719616871928995
0.2485997015793568
0.08679452093625031
0.10968424317382375
0.053839984341413294
0.07464947006813973
0.33248735997190554
0.09573440276088996
0.12448484372747184
0.04147172773492412
0.10944163241651027
0.07324411183673253
0.13517062858852802
0.08796506821118454
0.22458655264522123
0.16929901701516287
0.1439301978729262
0.24848829250126733
0.02211237870083247
0.03196779359202857
0.08149907747604729
0.07811649152104845
0.03899613219048886
0.011666208302365248
0.38860242576946996
0.23118744043223188
0.12815489794615037
0.08877505447602174
0.08485199676816099
0.027765546469098196
0.18507086895362573
0.20318796446621454
0.0254828029330989
0.03453446812817027
0.027716213479323643
0.09951369781651762
0.20504157009457233
0.21945222238118983
0.2769388218450194
0.2015170135812649
0.05771687669293353
0.030019901143865328
0.11179177902567765
0.12155939993400815
0.14327515549216088
0.0571807910708286
0.22318514276183868
0.2996948623246802
0.1845870135166178
0.08373987054932898
0.055874117694913766
0.03547849362903098
0.07034212074040744
0.04709811380664995
0.14711626232874647
0.27901140169973293
0.2533399127515889
0.18521040942522501
0.06846206353722813
0.02951980526679368
0.01936480022821681
0.017975163769484936
0.11935698857124498
0.15514587498833232
0.3504709103861882
0.2087962272726639
0.05521715023162738
0.040802393993011006
0.03865959049588191
0.03155065615936002
0.1754586965449879
0.06297493400460569
0.25411304813992797
0.11661060387884753
0.08655593038290135
0.12907287209916488
0.09022197340158486
0.0849917522689438
0.30635491602125814
0.3227702532730018
0.05577754264861183
0.05125890287138863
0.06713280604853752
0.018596450981930045
0.06061594989879427
0.11749298242340121
0.16700235846782074
0.331735262991111
0.2562925144745794
0.08364252935294474
0.027425455505705493
0.017404143762292056
0.07751142606674874
0.03898602837331392
0.23150787103858553
0.32511373140689914
0.10939559200575576
0.06341017593924914
0.0882451591411508
0.060949917389751716
0.07538671597150887
0.045990518406222224
