0
0.387688975732868
0.0
0.0
0.07926953044417309
0.16407337096067232
0.05013445247978038
0.1981530098129952
0.12067851107255202
0.38206894142901554
0.0928511174299282
0.0
0.0
0.03285676379946696
0.2700476010769292
0.05535399664543115
0.166820583502226
0.3610790494559708
0.2095854260290191
0.22442746014915857
0.0
0.0
0.0
0.20490693713494634
0.0
0.3579723308009501
0.10796616421860644
0.05596360364065988
0.19548786646334063
0.07216314884674008
0.0
0.04577718642669857
0.1646686233798179
0.37434462417185116
0.33526367172990024
0.08518808955997255
0.0
0.0
0.029074072609329746
0.0
0.176129001664231
0.2936844036178783
0.06655296145364722
0.0
0.03744804900465458
0.09887756087478745
0.15502037534454927
0.18813026254951834
0.16028579504931698
0.27525703402938595
0.4144611457298436
0.18568941025263314
0.1245919979803135
0.0
0.0
0.0
0.0
0.7211611589362017
0.01809270641930999
0.0
0.0
0.0
0.0
0.0
0.26074512323149057
0.13193419026174222
0.5034117699724934
0.11241659777318291
0.042979465390454434
0.0
0.0
0.19733667489311277
0.011920359321924931
0.08523240936920418
0.0
0.37961023948109124
0.30154888286468823
0.1866180796999758
0.046989893047785045
0.0
0.0
0.11823851891958616
0.03204719580674407
0.06164401211823918
0.044319080069523585
0.09254653660335849
0.16824777064419322
0.35347184312816826
0.1294841469638672
0.5826452221539862
0.19158994749227629
0.06038161652167105
0.04524494704452512
0.03884816165041276
0.08128913875293632
0.0
0.0
0.49398648248969995
0.45436987059126194
0.0
0.0
0.0
0.0
0.0
0.05164293404308325
0.5513546967775333
0.27912874673393556
0.0
0.0
0.0
0.0
0.05483899652844691
0.11467624729390558
0.4601110649287029
0.3602313703540803
0.05904695294346831
0.03414050687451367
0.0
0.0
0.0
0.08646954088219111
0.2980385698772124
0.06759030361184747
0.0
0.0
0.14802078851113987
0.20904539653602924
0.0
0.2773040458940298
0.321138961018994
0.2560253341296131
0.0
0.01862354755034991
0.0
0.0
0.2815641031993755
0.12264731794135995
0.3464486618310231
0.0
0.024917109826209996
0.15568100795403764
0.09326526602251917
0.09374903036527694
0.0
0.285938294748877
0.17675067809000367
0.6827115113741978
0.0
0.021225367422801948
0.009224831264002637
0.0
0.03703473854911315
0.07305231396230705
0.8303221267974716
0.04569777737116143
0.08560104093320846
0.0
0.0
0.03837866188533266
0.0
0.0
0.3730893459469738
0.17528612980071975
0.2897830198616729
0.0
0.025961017243252324
0.0
0.0
0.13587928193743667
0.7525957881950711
0.0
0.030079807887051523
0.0
0.016424928355479405
0.0
0.04407271130907972
0.15682625493790275
0.5791879945948142
0.06147871749857497
0.0
0.06270327090821354
0.0
0.05207070036081117
0.08765836037668073
0.15690037409277022
0.3217482095730995
0.0
0.0
0.0
0.0
0.0
0.3181258567387475
0.3601239419406691
0.7280552295914365
0.0
0.14611620995666616
0.0
0.0
0.0
0.0
0.12582748179204553
0.5944068500198122
0.0732402446613356
0.0
0.0562464573146647
0.0
0.04657408825270623
0.09717532309535937
0.1323563370646237
0.5589047912538493
0.11143909130357578
0.0
0.013133223614833961
0.068394449836751
0.057042728050172235
0.038622952043761864
0.1524622241249123
0.24584968797170634
0.5396172890177344
0.08803999749207778
0.07197754539740443
0.0
0.022298803310779547
0.016448563991928542
0.01576763479170726
0.2631748811899032
0.11884844579167593
0.1551784147076604
0.1858632798951721
0.06956208632420503
0.10229326129696013
0.04450191170902134
0.06057694826404279
0.7992758641248396
0.20072298018307191
0.0
0.0
0.0
0.0
0.0
0.0
0.20203303431436753
0.16669407103502035
0.06299971557741955
0.15104892772636747
0.13666557459538223
0.05347886572061826
0.08256682093723106
0.14451213593376508
0.686649920383077
0.26603272690886365
0.016882052779995698
0.0
0.0
0.0
0.0
0.030434553839663953
0.1974728015099314
0.36301537840773385
0.2045988707614736
0.0
0.10986967312520894
0.03697886887038393
0.03237066509668284
0.05569259775279818
0.4476411792369588
0.09153750230794683
0.08986728307812412
0.03998135988288821
0.022626109794703572
0.07434293321470553
0.12045745158634631
0.11354537282298031
0.16424479774848666
0.2756337424521282
0.20187042835968386
0.0833060198583445
0.0
0.0
0.11372086599711374
0.16122349781140838
0.3581004855270767
0.17901852504262883
0.07171407599554594
0.0437466912859939
0.10074873852825163
0.05762007927133641
0.08069156923814927
0.10835931666299053
0.25447038319377213
0.6050058586826272
0.013558738243521384
0.0
0.0
0.0
0.0
0.12696443855396156
0.5071419534087557
0.21938169257399576
0.04177615351060401
0.03560778419176888
0.0
0.03976385001101027
0.031138103738029735
0.12518949701421192
0.47700227164032294
0.36097151119281273
0.04960111551501217
0.0
0.0
0.026343792424288755
0.047145279389800364
0.038935608215652985
0.1699575272309003
0.2837754377787022
0.03505805351558087
0.14210206410853712
0.061397793704863465
0.08739041695330407
0.2203179886911723
0.0
0.5966796840016706
0.0
0.0
0.10427190849162697
0.013970953012283623
0.045966346635567285
0.0
0.23911055560847938
0.34247166858663725
0.26157704433119955
0.2584617395465757
0.033212680006134136
0.021689447428049353
0.0
0.058087300254798586
0.024499112939307146
0.06554456920803123
0.06452978813974998
0.19844192572706523
0.3183883578035355
0.23785020134580132
0.009770807470100873
0.10547325789627247
0.0
0.0964129759328804
0.0
0.0
0.5434184795075605
0.17356890912988288
0.0
0.18659900461892776
0.0
0.23191243663606265
0.45142559171203384
0.21375279736238417
0.03586342058750623
0.01466614409184697
0.0
0.0
0.05237908581930798
0.5168906473966326
0.08641562329886389
0.079706576933555
0.0
0.06856337393639676
0.02908290374710202
0.15138641725994406
0.06795361222281805
0.36761963910769646
0.31024614349200313
0.06947926826484306
0.0
0.0
0.0
0.032202140322363786
0.22045217630332856
0.3566901983200482
0.1195436474869179
0.12077844975968706
0.056135897161728364
0.03433031707556144
0.09181686855193333
0.1399918393496804
0.08071230840081159
0.3854918431174898
0.46029879490807907
0.064811594011088
0.0
0.0
0.0
0.0
0.0893973011973363
0.8153834640246986
0.061392621157532495
0.04508989718733931
0.022671402095693023
0.0
0.0
0.0
0.05546211843137713
0.24087043241110406
0.06961918176169962
0.25590595974679725
0.09553129087233216
0.04376173317366437
0.051688175542011786
0.0899635181623446
0.15265849272639523
0.1618759042796306
0.4324332766744062
0.0
0.0361868508299805
0.0
0.0
0.07800313089285738
0.2914999502199411
0.26109786194460943
0.22892286591991354
0.0
0.04590640003469198
0.08400889842328378
0.16959089440803082
0.11668482038060869
0.09378748688921343
0.29482162886367325
0.08875313813621177
0.07974708667270303
0.12000503365075789
0.08627476616457276
0.0
0.04512146212875652
0.2852757448943141
0.4341232902954435
0.25471256640422607
0.16497936029258578
0.0
0.04331133660145565
0.0
0.042388819831726675
0.06048395634846791
0.3060902303343937
0.2238873827178213
0.25829166087068783
0.13562424358230563
0.07083326804171752
0.0
0.0052722824363776125
0.0
0.147645574572062
0.06830035520558829
0.20587385278740822
0.0
0.10250567254663835
0.13985179647318371
0.05628211226482132
0.27954014478614087
0.02915122563268141
0.2902688356346366
0.13235067820447408
0.3964716437898183
0.004164460693855735
0.1091976838816247
0.0
0.03839443104771247
0.4820440258835706
0.09864491474692974
0.08467306643140166
0.11381617771056846
0.020433575004767994
0.05022178999655262
0.03794806631250794
0.11221765414316827
0.513001971493936
0.25273081353223764
0.08966132191369275
0.0
0.09818924722423773
0.0
0.04641573972082403
0.0
0.22528874772706467
0.030405007639152735
0.04477019175529636
0.045853495645335356
0.14301312788153123
0.0
0.010312823304723015
0.5003558909812572
0.13772239202736763
0.500186539896581
0.0911436630754732
0.12593124722575003
0.026968678433099268
0.0510620081632385
0.0
0.06698463491525893
0.49245573650123153
0.12472282574564515
0.0
0.0
0.0
0.0
0.0
0.38281992528465647
0.3142242736037072
0.18595335639499358
0.006783401166040154
0.016336593052281398
0.0
0.046401270525682506
0.0
0.4303003468500177
0.3138064711343495
0.2217267576551184
0.0
0.1875415627236741
0.11840489731512716
0.03010744870125389
0.03316079251775561
0.09525110623680347
0.3100821046294803
0.1832943755096381
0.0
0.0
0.08676250209540576
0.20428958444316198
0.14834974481065846
0.06722077712202561
0.11306530455519449
0.143008099521293
0.2175203976199763
0.0
0.1264996680864928
0.06517790693060593
0.1348728505670691
0.1998542398639175
0.5190347218576123
0.07861501649350401
0.03773130094718768
0.10672208554095387
0.11747496674403206
0.11062678664854676
0.0
0.029794098634606227
0.2503838592337205
0.1670682827353607
0.32723506037494565
0.0
0.09712581843362966
0.04955229871452672
0.0
0.10863375715525656
0.04549848194797372
0.0
0.09842827100727533
0.11864551863859536
0.5877427740256403
0.0
0.14968267945645178
0.0
0.30361157860902527
0.0
0.005424120199937102
0.0
0.02000316546944909
0.0
0.36415902120152477
0.30680150808501255
0.05302021735346066
0.6295999920609417
0.2320964513934462
0.08528267972851472
0.0
0.0
0.0
0.0
0.07678621368249923
0.23927645065644956
0.6480640410538123
0.03587256957589504
0.0
0.0
0.0
0.0
0.5040803425856393
0.04940113951908011
0.0
0.0
0.030925739756829
0.07722138621221274
0.0
0.3383706740805407
0.5065016215679147
0.02881083748475245
0.0
0.0
0.0
0.17199945255681104
0.1964306372988595
0.09625652887925679
0.17852838350978883
0.3265210344607094
0.021440208576225517
0.2708117026890361
0.07969278027642362
0.05115324718754741
0.07185115668928002
0.0
0.1297515454984379
0.3134757762524788
0.2824570853931177
0.0
0.0
0.027638260964007975
0.0392182267791854
0.20745830189216102
0.11277977241770526
0.23487561627607828
0.1424120630360364
0.08451930726764813
0.22748766231383702
0.0947829523201
0.0
0.10314213195575321
0.22039296160787883
0.2845559803682243
0.0423706181218115
0.0
0.031206807220982874
0.08406573532150739
0.08897369918215363
0.2484334218790554
0.4722054539051529
0.341254551924813
0.028718897326281523
0.022219889235930736
0.009097411570338458
0.029887599782114593
0.0
0.09661577391864787
0.00858150136119922
0.53509091065338
0.2839860618676245
0.08516896326574962
0.0
0.0060680376477732405
0.030340186722463226
0.05076366005460258
0.3183809489179072
0.505353073711113
0.0
0.0
0.0
0.10570391792720928
0.05133830306187489
0.019223173593822324
0.1797828272753247
0.05647507943699437
0.09720069646376794
0.06956576528670565
0.013570094813614696
0.021881119730773804
0.14359489132924497
0.4179288471588433
0.12055380233602349
0.092104019034274
0.276349971391209
0.034454217820711786
0.0
0.0
0.19704707692407092
0.2794901570350342
0.3422035974462777
0.17849696776937282
0.0851893406255846
0.0
0.0
0.09754675643606717
0.0245734689730664
0.2719890620860219
0.1778798929153294
0.035765831313122644
0.0
0.031276312151979936
0.12997521814396304
0.11664950606850702
0.26353723297787407
0.24491447298182709
0.20736154615180058
0.0
0.18269412970389529
0.04895678748071295
0.1439118004607731
0.04889915690186297
0.21773955151735583
0.15043643409535815
0.19114862653005954
0.17521537105260995
0.1458264450418295
0.0
0.0
0.038428641569239606
0.18295692769308208
0.2664231288226207
0.4697293305836391
0.3439210469418311
0.16576755827907014
0.0
0.0
0.0
0.020581425992521687
0.0
0.4375612089492043
0.03305252622402895
0.10950122692464032
0.0
0.1511558199673432
0.14566185965732278
0.0
0.12306606779313957
0.1901175891574388
0.1653697958686449
0.0
0.19219957409058072
0.21907271464004685
0.0
0.04580055416776116
0.18743855836325662
0.23994976218874897
0.2648293180558136
0.3853782058052808
0.0
0.018151984409857408
0.0
0.0725192065907111
0.01917063297531283
0.0
0.029541882991619736
0.030949418970890874
0.0
0.00922733365700719
0.0
0.49636988629036904
0.4339103246733803
0.04493576770820741
0.15150214958659397
0.07028822144064492
0.03960087320307574
0.054801551329929206
0.0
0.4896927751180773
0.1491778612282564
0.2939630074740451
0.42848158834037997
0.0
0.0
0.1116952670074526
0.0
0.1165114815833896
0.049347538665629985
0.3334045114057279
0.27567467405009694
0.0
0.08416793868142552
0.21475787193406914
0.0
0.0
0.09199345689131071
0.4118542782918447
0.23196364439006475
0.08915136598885237
0.03910594594615922
0.0
0.0
0.042751255396526064
0.1851724303543022
0.11265309504807211
0.16913828617964036
0.234147244473748
0.0
0.022370130360126243
0.09223560409067742
0.21648841624793627
0.1529661050932983
0.3165681453111443
0.06419430191905025
0.1562659348890307
0.0
0.06007049052620014
0.0
0.26290979938782855
0.13999017276496284
0.19434755235329554
0.0608348649764911
0.016388075512837233
0.05940535972995119
0.09552343850236776
0.0821345504785092
0.36956700484556865
0.12179857419503974
0.7916843451832307
0.07219827819547993
0.015934504710598724
0.0
0.0
0.0
0.0488848317306869
0.07129735699373714
0.357062251608171
0.057426514482282455
0.035925401725754286
0.0
0.03163127689964759
0.1583348276207206
0.13989030023371715
0.2197288191358981
0.21963963276208304
0.21415810772682325
0.07222061588174286
0.03331899655201612
0.18386979386106672
0.04150488043557316
0.1442493806921566
0.09103781869076243
0.39810037314381197
0.18498105201331008
0.24887705157057174
0.09455141874141552
0.0
0.0
0.009712153993543889
0.06377727712063057
0.060911540801303385
0.15685899230405842
0.30908553733093896
0.0
0.0
0.06352606926483885
0.16186823128370628
0.24774858634249802
0.1864013614049212
0.04706361401942545
0.33033883178395457
0.028336047470336502
0.047356848178348974
0.0
0.19601913759457265
0.16448284408048805
0.3145232924090258
0.3609508375518001
0.0748753935747676
0.08227662781058143
0.0
0.0
0.1673729768301286
0.0
0.5063664221086379
0.07501225833117668
0.08094010229144058
0.02559550533357336
0.0
0.02320910292731363
0.0
0.2888759345070322
0.32731971651359604
0.46656961304565164
0.0
0.0
0.020680821451069583
0.01655273425097521
0.005780465673287998
0.16309600278973477
0.08736836628038648
0.04791104244573737
0.13872421537836988
0.0779935283075093
0.0
0.0
0.07667853788156918
0.5713235668772365
0.16384487283175542
0.25000718324678944
0.3561353911007236
0.07666782537622335
0.03931541477079349
0.0
0.0793181663991716
0.03471037022713037
0.21411155988642525
0.05330840432272265
0.06629149004082609
0.0
0.22493796511604514
0.0
0.2059160530831149
0.23543359674574477
0.3361732400290836
0.10345200454970828
0.0374644135746791
0.0
0.022076119434758974
0.07861082166162044
0.20490701252250493
0.21731528442168943
0.5822677381750191
0.11363737502279342
0.09219298628820054
0.06107678868629854
0.02812186531541287
0.057034079769357864
0.06566820103408916
0.0
0.4107883230968117
0.0
0.02587228304414704
0.0
0.03015525831444959
0.03148702766693739
0.4291687086814829
0.07252777096160919
0.1948695256698337
0.13273496944575214
0.05747692375783611
0.06714300708601077
0.2548733023650136
0.0
0.2097576724847153
0.08314392776076754
0.0
0.15630708645717817
0.08057364067072839
0.12004335821721758
0.15278888312719593
0.04051743475232308
0.4056019817195884
0.04416651637255058
0.05313524264428728
0.0
0.0
0.04811601112888814
0.09032991209939997
0.061965806612983905
0.17486751764759104
0.5715841814858034
0.1905859325078115
0.6214460405997084
0.18796712068147933
0.0
0.0
0.0
0.0
0.0
0.5333009153783381
0.2964184829786206
0.07224076599301389
0.0
0.0295225594821391
0.03827372981151352
0.03024272628531062
0.0
0.15767189221313305
0.15194285120169027
0.13514715222349685
0.17638462793900656
0.21144596549121422
0.08453905474345069
0.0
0.08286730702517332
0.29645650382546945
0.2214311273448994
0.13144494481696226
0.06321566853613625
0.06803753411503521
0.030664102899786022
0.12005030226671087
0.06869875310850627
0.27612635188854123
0.0
0.08015588453859024
0.04742538680622044
0.0
0.11285539081474807
0.2784902519278821
0.2049457210679396
0.7782955275813772
0.08896067121827149
0.0406891320941734
0.039998402444660006
0.030940273719601168
0.0
0.02111554028124752
0.0
0.17092646479568732
0.17527779054379367
0.0
0.0919779171676255
0.03420847400291477
0.22414789146108718
0.15937752211610176
0.14408312076838914
0.308150916080249
0.2948439933412163
0.10463713693917692
0.18412915679925665
0.0
0.0
0.06630387900878616
0.041934254792524904
0.28487020733613
0.32529393796963635
0.10184010812465917
0.06164282950913424
0.0
0.07864379736274461
0.0
0.14770829478141562
0.29229872486858044
0.0747220086455785
0.08209282729288808
0.0
0.0
0.0
0.022923665246308546
0.5279607477616847
0.24237602188968024
0.06364914153472159
0.053297942553795996
0.0
0.0
0.017025403039396203
0.5008343222267081
0.12281631748555864
0.08839457062262261
0.32720484443707615
0.2584939708981714
0.0
0.0
0.11296656970336051
0.038556999767086014
0.17438247755698683
0.12432120150669566
0.5548373177341748
0.09715283705942714
0.0
0.03381017809573576
0.06811120032107669
0.03334165493354466
0.08842480074240203
0.27509000667594036
0.4361174273523697
0.06453567566804179
0.0
0.048668140143692654
0.06882150814145503
0.0
0.10676634755355924
0.23548384279457732
0.15970845793991356
0.19168500385029452
0.06831798035945076
0.1071500783619867
0.0
0.060713936283573876
0.1769400478362195
0.15289776673745942
0.16889396396576406
0.1790151079239862
0.0
0.0
0.018714557347652462
0.18690355560407873
0.293573750799979
0.6118241033188466
0.0
0.0
0.10040303437007037
0.0
0.0
0.0
0.2877719578468599
0.33056357784212026
0.0
0.025076243003376786
0.19294383014686928
0.1807991004953058
0.0
0.2401094276451514
0.03050656705504505
0.23925989476754742
0.0
0.0
0.0
0.0
0.027181082282272857
0.06199299631529637
0.6715654188473993
0.44005176608893465
0.19230415852679902
0.14356982992105613
0.0
0.04152449232645864
0.0
0.09748974262050138
0.08505935395637361
0.17279469438486286
0.07367429400177086
0.09643599766569924
0.0
0.044119032839192204
0.07867733152864968
0.07665016939104113
0.45764781141143523
0.0868733434347135
0.0
0.0
0.01782651861943674
0.0
0.06341864784604226
0.249086400282019
0.5827943851628138
0.3592998925748176
0.31781093969631335
0.2328095887194091
0.04049262369185644
0.03267146788882572
0.008457450505047752
0.008457450505047752
0.0
0.5677538644806677
0.03179886330684151
0.057301438291614055
0.0
0.0
0.12222443282176258
0.07648584358842836
0.1444347148424846
0.11936441334430786
0.15591228951893715
0.23860743848500318
0.050563999415672765
0.0
0.030756879940463774
0.06244192890813751
0.3423521565338472
0.33021992212541545
0.279128311880187
0.24944220697345423
0.027442827501609576
0.028907463049235554
0.0
0.08485846548504539
0.0
0.3821908304305198
0.35574183861301417
0.0033532630991136027
0.0
0.0
0.0
0.05621093382591484
0.2025025412526489
0.38643006839221267
0.1750695327033518
0.14068716885007493
0.0983038917831735
0.03129355359154307
0.0246018997982965
0.02102472470566401
0.12258850822663582
0.382308393916516
0.10924275778906999
0.09786129761214576
0.09853854800005915
0.023066130308846224
0.18265038069130524
0.0
0.10632960841570456
0.35342216733353865
0.0468357925125838
0.23376747981952842
0.12944415702126255
0.1301747358961304
0.0
0.06319803495865627
0.04315649518473358
0.15523213567542804
0.27259328473437733
0.20911750927706846
0.17467815782086105
0.05096264332532983
0.05332053579607993
0.0
0.08409475331998632
0.3604806594310646
0.287514839590946
0.0875266234939843
0.0
0.017837630780087155
0.0
0.0577439536409051
0.18889577112878822
0.0
0.0938051802801914
0.07420284242723761
0.09601718982320744
0.3378994690952165
0.19755140561524145
0.07702735399818247
0.12349549058346872
0.18141768622507956
0.0
0.09951774277648275
0.0
0.16858067304578592
0.0
0.3889978900239526
0.16148503394093638
0.5138690696156673
0.1995122246634089
0.10758202240139522
0.0
0.07935567617127812
0.04462416326269649
0.0
0.055055812509286026
0.5858540188535832
0.061082075539552534
0.0
0.021744292680671472
0.0
0.0
0.06769673644639869
0.2636223355702677
0.41442478678345934
0.04589804527570757
0.0932833011122481
0.18282902017407407
0.022026681413390342
0.0
0.10348595551448843
0.13805118716363943
0.16613972722410528
0.07263237137345732
0.03381456620869696
0.03602213796894881
0.3776249090433112
0.051694041709125525
0.1789236191973847
0.08314773119074832
0.2613802331069249
0.2219025573982166
0.039949043226075606
0.016799001148541055
0.08916397887527139
0.11308379324490991
0.1910334050584388
0.06668720806758778
0.20054652145603086
0.0
0.09161908276577217
0.14643023594852655
0.05275908783781914
0.24546080491348846
0.1398986625860934
0.12328395577073768
0.0
0.05977270966111663
0.1338701153806431
0.2109565891646144
0.054620993899013315
0.11096812922187899
0.07158104209835961
0.35822991482445055
0.3746703318127205
0.0
0.09968908234291975
0.0493433707447249
0.0
0.0
0.008929049897739127
0.467367546083679
0.22954894780573362
0.09784475560490204
0.18315689482438455
0.2569926379253608
0.15269506349572695
0.0
0.0
0.07976044052862526
0.6691992209080503
0.0
0.009212998320004195
0.0
0.01302914731195726
0.011744314930485958
0.0046064991600020975
0.2922070050477751
0.13726452468500752
0.26439942069936545
0.0900687742648346
0.07920681051450999
0.06982285241078594
0.11447946277772374
0.035602810265078055
0.20915456373946353
0.29455933766910525
0.18974959275226394
0.0
0.0
0.05028965787453495
0.032053490784929764
0.26180088495620074
0.17154604202639376
0.19955878452808792
0.0
0.19965148370327274
0.04264124600999772
0.0
0.1739124361595868
0.12875564744093243
0.2554794913862291
0.5186793537767943
0.28140292312861614
0.08768217972052864
0.05857228525901503
0.014906254111509958
0.0
0.03875625869084146
0.0
0.35890925775697813
0.21033207742158194
0.07940727147805544
0.0
0.0
0.009202255339784726
0.06380616058380549
0.2783423393581885
0.3438906032741183
0.274201951956252
0.08962449971648084
0.0768095724546053
0.0
0.0
0.21547225078274312
0.0
0.49241248482779676
0.22285451684500643
0.10933033733966131
0.024276881027802177
0.058576836848937226
0.0
0.03530653580642929
0.05724208962684792
0.10569619013830349
0.03839462623855387
0.026302818425716207
0.0
0.002306909657307549
0.03818615177204496
0.16136190462705138
0.6277508224135954
0.3476644628545496
0.1807094224757702
0.1931609727244207
0.0
0.0
0.023566237208824295
0.02303057098796033
0.2318677092444312
0.3581223676872428
0.0
0.06968529747129792
0.0
0.0
0.0
0.16718874649974866
0.40500261446010904
0.23704636504662752
0.3883919577427637
0.15452640449341717
0.11386180090349092
0.018279373085590366
0.0
0.0
0.08789318475946971
0.3048870030381286
0.30642012901608
0.0
0.04267446722388305
0.03906870926515286
0.0
0.05849069088634208
0.24845818945050352
0.8019693601762173
0.0
0.0
0.0
0.0
0.0
0.1297035350009617
0.06832627649601357
0.4268744875945579
0.32520965204299723
0.014354570191778921
0.0
0.0
0.0
0.025767244979114926
0.20779319934032572
0.11452888961356414
0.21174599160148644
0.15862920351424267
0.12284937364165872
0.07443618191241429
0.0
0.21841614223197028
0.09939288826713501
0.169098239575092
0.0
0.023157632036324996
0.1621004238219095
0.24533668967596284
0.2199123198444942
0.11283878347695399
0.06755475368767795
0.2149411722160781
0.25977337176138054
0.4182655253892596
0.05524835351442273
0.0
0.0
0.05177005182896231
0.0
0.18937556093472865
0.05967295080261249
0.0
0.0
0.283606638097536
0.2673511260679447
0.050809686637167235
0.1491823695503942
0.4355743249316744
0.1003174852203709
0.12198777317129401
0.008754761241655695
0.03599047804087823
0.0
0.0
0.2973744852695237
0.4508166907476771
0.25273679829647405
0.0
0.0
0.0
0.0
0.05599831844435875
0.24044729811118018
0.35145631053115695
0.1470744195465536
0.0551289684541069
0.06511518128547912
0.0
0.0
0.21305142258615717
0.16817276547541848
0.39127841402064406
0.1893432411530303
0.0
0.06864808470827986
0.03807910822926309
0.08715753388850676
0.0
0.22549266602258444
0.03683308797087385
0.301604388621565
0.03376075404560342
0.08090786362914494
0.15134932114851973
0.052800196052594124
0.2400265952362763
0.10271681214347769
0.7099106889483309
0.0
0.0
0.0
0.0
0.0
0.17990134834553353
0.11018741747111202
0.20679528475704775
0.13969691442592758
0.01283146026256234
0.0
0.0
0.22818247185171797
0.19927846473866578
0.2132146478629735
0.0183930907318064
0.19530133133511524
0.16694953626527548
0.2552350863501753
0.08755844745516281
0.05141025202433311
0.0065029395229994225
0.21864816674693588
0.022355337048490145
0.0
0.1675846521430755
0.15989709519976578
0.12689436262462536
0.40958261127568474
0.053659648534275135
0.060025757860839975
0.2814570051813776
0.05716352595506904
0.21907063968876453
0.10455909729046128
0.02874129062995718
0.08352426546733237
0.033117377951966
0.1923659571949933
0.14806575684380635
0.2310966728124785
0.28621342319307363
0.06953993817480528
0.016492843049939507
0.12125509773134531
0.12733489379093324
0.0
0.6082041397423483
0.25910182848379826
0.13269332041074752
0.0
0.0
0.0
0.0
0.0
0.24400525230111722
0.07513934448683901
0.035641716477878234
0.1665525348988566
0.28996656507412266
0.0
0.09590224836486953
0.09279023818787091
0.23162879853670482
0.278158182619175
0.11645501646134183
0.1339950926003217
0.01818242321129859
0.0
0.018709558348913708
0.20286982575086118
0.17081700817744064
0.5837206512236777
0.1889288784872908
0.0
0.03520564975444395
0.0
0.0
0.02132696933471725
0.3871554273056219
0.3907303454384109
0.18750292566801396
0.0
0.018605650387717804
0.0
0.016005186058982674
0.0
0.3585541205070746
0.27399097160736674
0.2272628894524256
0.10465055288163219
0.0
0.0355409428905815
0.0
0.0
0.2999423028942811
0.056696639593676317
0.0
0.011863964434944274
0.12249541033918615
0.12424208483569088
0.2853751031608621
0.09938400713544436
0.07717239894720239
0.2712620922542651
0.06643835427361804
0.0
0.030501589531332876
0.1435246641535234
0.18509390223126668
0.2260063471271148
0.5993717839535654
0.31801427139031424
0.0
0.02335245195429752
0.0
0.0
0.059261116635895957
0.0
0.38962155132424675
0.1338282006316505
0.0
0.0
0.0
0.0
0.0
0.47654985320365495
0.19658860666609806
0.26397553675530416
0.21568390173102858
0.060060044652300276
0.02658604791609251
0.12310629429964111
0.0
0.11399833375327076
0.19522198433010005
0.37939581210421525
0.21920258767000006
0.07299415483156352
0.0
0.0
0.03797805504133875
0.0952063761981655
0.37412402485576257
0.3062211933454285
0.021052142731508967
0.029920713604328065
0.0
0.07207092475414342
0.12653476103819603
0.07007549536502261
0.6025199112641504
0.08648919531732138
0.1194100030915675
0.01353458948828288
0.03973892197747987
0.0
0.017771787117685366
0.12053496341598238
0.281872484571605
0.0
0.0
0.11331314247955265
0.06239465484015452
0.018160033399331057
0.12588031544197276
0.3983786602372115
0.13844482078145992
0.14266863207561245
0.229207611414714
0.11155660119089632
0.0
0.0
0.17488583785495573
0.20323568813551807
0.34276314436829347
0.3886907670944439
0.0
0.0356221591572791
0.0441838519397248
0.0
0.03951923949109826
0.1492197333528785
0.6903019488425387
0.1275006584058845
0.0
0.0
0.032754746460434685
0.0
0.09925957030579667
0.050182393594778926
0.49397351642088155
0.10753316954598285
0.09582117328880792
0.0
0.0
0.04190868621209933
0.11438972873241114
0.1463730869954475
0.4910423823787254
0.14265175032020092
0.07944575831541013
0.0
0.16161917236551582
0.0
0.0
0.12523978219746837
0.8108895118648216
0.0
0.0
0.0
0.0
0.0
0.0
0.18910954588889103
0.6509063452373788
0.1478818188515864
0.1076089336915946
0.0
0.0
0.0
0.0
0.09360225838390458
0.09578412946287189
0.3241858848255253
0.20839374800503943
0.06473690158328041
0.13024499427917505
0.06407742403359805
0.026606701967790945
0.08596888550764041
0.11507223211832332
0.149416535151527
0.05763089630290156
0.11368480108632423
0.24262695636486434
0.0
0.2947081285397696
0.02685952807630062
0.1185600563859571
0.17993259236641737
0.38822860397727876
0.007525206803758879
0.029435005750120723
0.0
0.050199386073467085
0.22611855372320405
0.03469264642463711
0.0
0.0
0.025317179741023255
0.30500397082309444
0.31289101012176745
0.24525735521595293
0.07683717050722297
0.21937844504476256
0.0
0.06988800335863786
0.07320109534142616
0.11955560164777176
0.0959040701410484
0.08602998734582472
0.33604184956823546
0.3055710523517757
0.35522766220904795
0.16827010509637774
0.04457758855881595
0.0022689394311443127
0.035514521355039595
0.0
0.08856956376292836
0.24280146200149516
0.43833412116000614
0.0
0.0319047543488455
0.0
0.0
0.06489333466494257
0.2220656972516764
0.11932282885749597
0.658685728253881
0.18800875912016254
0.03398193866518901
0.0
0.0
0.0
0.0
0.6487010599666216
0.3262827456304079
0.015323803464452822
0.0
0.009691624748355828
0.0
0.0
0.0
0.09820430516309141
0.10508676240962958
0.25524884505334694
0.0502339734358376
0.1020323722590793
0.18334325477594426
0.09520343847417133
0.1106457988120379
0.7450308486770855
0.17760596540639945
0.022222987685833865
0.0
0.0
0.0
0.0
0.05513921610406827
0.8060467358369379
0.13012223091713196
0.012846823364543616
0.0
0.0
0.0
0.017129098571409766
0.03385435430359216
0.6431318530905926
0.11808724536858008
0.0
0.0
0.0
0.0
0.026817481288080473
0.2119629219208107
0.39912268005528684
0.08841283938859137
0.21768732846156444
0.0
0.09301585910808652
0.04583951507096833
0.051570591025584485
0.10435057694212468
0.22027134156804914
0.3053955623513122
0.054064453302372605
0.00970486618618058
0.08309819147021646
0.0
0.08155592271716054
0.24590921186761552
0.5153987939921078
0.2511615658104311
0.07362153805938179
0.0
0.04656926953659513
0.0
0.06171575042675098
0.05153263472414256
0.0
0.4360490955067996
0.4143974642111295
0.09923269113604113
0.0
0.0
0.0
0.05032045729465714
0.26773697999835205
0.26328883339488396
0.0
0.0
0.061105260918382746
0.12000548967419175
0.1385561454692003
0.14930671804085913
0.31337980836349655
0.4067814955219443
0.020962070254173563
0.033485056429326275
0.0
0.0
0.10133450953473849
0.12405637178267796
0.3812990626705767
0.08587099782288501
0.0
0.0
0.0
0.03594885861613315
0.30370890917568105
0.19317119691442128
0.21602127482106756
0.0407923767317305
0.26444006967443756
0.13701771725510736
0.06979504177003795
0.0
0.023673204110438856
0.24825958156227118
0.5146256740932887
0.29677357447049163
0.027211467997226232
0.0
0.09573758175158138
0.06565104093456485
0.0
0.0
0.4537497462257594
0.323890069319315
0.0
0.0
0.06789030703952893
0.03493193391778211
0.056224938408787686
0.06331237647489775
0.33929014758155757
0.0
0.0
0.0
0.0
0.1294903839451289
0.21429759623537795
0.31692079513609
0.5801579545964084
0.09226870784704423
0.2670664350972969
0.0
0.04112128589770626
0.0
0.019384759868068882
0.0
0.4260410871060979
0.17214199005033584
0.0
0.11222308747234037
0.015865459235867924
0.12470188627748496
0.022437147042299065
0.12658808854097142
0.26257406686248846
0.43119219873472064
0.1407026461861138
0.1322581674601181
0.033272164570996514
0.0
0.0
0.0
0.42208579843856664
0.033556305104537006
0.0
0.06055733664569261
0.10922355053987569
0.0
0.09620216451295752
0.27837386954810206
0.2927644815037219
0.1373423561880871
0.0
0.0
0.13650478912120173
0.0
0.16890207833848875
0.2644852591731176
0.6954848897662125
0.26395766484364536
0.04055671555604893
0.0
0.0
0.0
0.0
0.0
0.26761393525936933
0.04341500779379503
0.0
0.06312085306141368
0.0
0.03855051166616336
0.2695559477961505
0.31774223927852313
0.18701299118026377
0.4929395888306548
0.1021265568792043
0.0
0.05734812428427163
0.0
0.0860368884692331
0.07453467185972588
0.7115919408609244
0.07781054367751142
0.0
0.0
0.0
0.0
0.0
0.210597077187931
0.40217981895472227
0.20115921783971033
0.0
0.0
0.0
0.0
0.10452924539295139
0.2921311884966265
0.1341326109586781
0.4046517201345963
0.0
0.04425201820217139
0.08817579164885792
0.0
0.08039574109676347
0.24839122356802062
0.4441990684198354
0.19142179193681721
0.23485565676359807
0.0
0.0
0.059486837778012176
0.02151164717628522
0.04852407562117008
0.3239056377903614
0.037895322617138925
0.06699009599824375
0.013398020146653093
0.03813143289651921
0.0
0.19051373751822687
0.32916469382642954
0.10985622239225626
0.1958116551878913
0.4253909933182633
0.08399238888684583
0.10508661326681377
0.0
0.0
0.07986105823178534
0.6181342020642118
0.22446761462515052
0.05303806280932673
0.0
0.0
0.0
0.019887688450988514
0.08447192981033803
0.27880251398326344
0.3211840744414361
0.039094471301220145
0.10570281593493176
0.04152549799724185
0.0
0.1307579684131016
0.08293189473748491
0.43926125130713073
0.3184139625081098
0.0
0.0
0.0
0.0
0.07959211810262354
0.1627317608101512
0.5016941824842734
0.36314458642661773
0.0
0.0
0.05399242562240836
0.0
0.0
0.08116812801613786
0.20728570531598714
0.13467680795942694
0.3120631593409133
0.0
0.04158439666143627
0.0
0.08504496151013155
0.21934394979068939
0.5045630759597555
0.062330494242720635
0.044597294665043766
0.05606344576257714
0.11264765708498539
0.016050918400306736
0.004539885080951946
0.19920642625775087
0.474401728278324
0.3482252959361259
0.0
0.0
0.08068941689560025
0.028218652908301715
0.02311920391983625
0.04534511821373698
0.5884227048638658
0.12987650560727515
0.07594147518704979
0.0
0.0
0.07763116779810608
0.04998449044542961
0.07814273736513302
0.41852602809784684
0.0864814619869803
0.0752635427050801
0.0
0.029935892975388304
0.03326210247991376
0.1520004068574182
0.20452973334482297
0.12281103459856768
0.10292491069808943
0.013350576603620837
0.029920256381206815
0.17717570546913486
0.0
0.04005173332764234
0.5137649962314069
0.6149018432877429
0.15111171407515467
0.08315773173847661
0.0
0.0
0.0
0.07461664705996983
0.07621146009108276
0.4991615863593806
0.07105766734081936
0.17063477088643006
0.0
0.11337263275817856
0.0
0.04392538801712001
0.10184693941225086
0.0777963720500239
0.07577784135718475
0.16852756105416594
0.0
0.30634468321904873
0.18536300885946058
0.11692533063902934
0.06926424229882648
0.4150699814045939
0.23703796077816722
0.1092831949431314
0.0
0.0
0.059863476586171506
0.09166661253768595
0.08707779330361058
0.05241754564874192
0.037256683286322236
0.037637509145470045
0.0
0.0
0.09833974882119224
0.4235431760131379
0.3508045662388843
0.05358215758997631
0.0
0.0771406227039599
0.23675401643459437
0.09116938387896685
0.0
0.4170627373124684
0.12429020638621122
0.26182393449684277
0.16677420121488037
0.13099932065373057
0.0
0.1625584430565323
0.0
0.1427032966630455
0.13513970117083818
0.4131226000517837
0.3294382403091111
0.11313040075891137
0.0
0.0
0.02209257473654926
0.01733084093343309
0.1048838113657676
0.19403126595884523
0.01959272319247138
0.0
0.16643400337986072
0.18850381155898638
0.1166740911473015
0.0
0.3147631251263898
0.25769090748671575
0.0
0.14423855325661894
0.0257106711686173
0.21177565114292332
0.0
0.17340689838155576
0.18717605799417758
0.20584731234626016
0.38260158807897415
0.1481394201044499
0.0
0.07914493784835905
0.0
0.09636754422345971
0.08789810004312186
0.13196891332938765
0.38348181880204557
0.31913716736982595
0.047639367365745415
0.047639367365745415
0.04376423735081582
0.0
0.02636822292793299
0.2811242144762869
0.046746896228683436
0.12965337551903758
0.0
0.19850004226732298
0.06075638210606924
0.17770433563517557
0.10551339521340358
0.3193505097996106
0.1807426804942576
0.33281396056473384
0.05500366473204512
0.05780817371779098
0.0
0.054279898995872704
0.0
0.15464758312271698
0.8418452547041991
0.0035065422981040927
0.0
0.0
0.0
0.0
0.0
0.18677039172914836
0.3903109295131729
0.03143402074224874
0.08490066267119695
0.061553262605512485
0.0
0.035451882475709164
0.2095781986444987
0.8560223536858524
0.0
0.0
0.0
0.0
0.0
0.0
0.14397682857459435
0.2758677845753327
0.15114449226462884
0.22054749832880907
0.0
0.03584805247922044
0.0
0.06845092955330791
0.2481400117715136
0.2481024175652997
0.20694201292222772
0.1359651606652271
0.0
0.0
0.0349386526236604
0.07093450694800267
0.30311588515039883
0.07628542385486131
0.12896895411797754
0.31082741603943986
0.0
0.26495119665023165
0.03489036082964404
0.10306574381574725
0.08100954245239252
0.5866691806324307
0.21907226484138909
0.12035520644601155
0.0
0.009305980334329523
0.0
0.03290160650160081
0.031695025541942555
0.1682098295409271
0.02456364494673618
0.03606067071537615
0.1729650709915092
0.10327212264060076
0.05549127098863305
0.08684559339644732
0.3525909904386502
0.4900212720164405
0.22143291387523842
0.07569496152278996
0.07193474656342805
0.041795551892649926
0.0
0.029935132232327036
0.06918394420128594
0.4410520896544529
0.23702129429076382
0.14769484993755436
0.0
0.01959798400707679
0.07121144267966183
0.06322058772160556
0.020201139271870856
0.0
0.11954339604778601
0.2034358229907243
0.01056624308697048
0.18733449199954924
0.0
0.4293609548046149
0.04975845039773986
0.4391888556327708
0.2485314317802266
0.13552201361518998
0.043152388639745624
0.0
0.0
0.13360479892720217
0.0
0.5412483919495141
0.08323094412607447
0.029593517591026058
0.17264694197831323
0.09007318949426717
0.0
0.021829461476389787
0.06137691897860322
0.15083154519734704
0.22874399573254514
0.10896361123826945
0.08482365407521082
0.004963156539341445
0.04682232569348185
0.13581053509522747
0.23903993563941425
0.20667623819468456
0.036987204988522246
0.06110986681560375
0.0
0.0
0.0760690233974682
0.26271406836910954
0.35644252331584475
0.5782106038695988
0.0
0.0
0.0
0.020168276063066953
0.08180368085826407
0.06797534492269815
0.2518416741139447
0.7863682613866376
0.027539363863351485
0.13271507349030454
0.0
0.007750651062955057
0.0
0.0
0.04562616578104906
0.2611490736992236
0.47107214381103485
0.015268214853234265
0.0
0.21147756897534975
0.04103209897290021
0.0
0.0
0.03641529154033964
0.493481636618376
0.2022942238489637
0.03002881718291761
0.04005681988042842
0.01820764577016982
0.13447142764557818
0.04504322713095172
0.4470694503520283
0.16939695290347193
0.0
0.0
0.0
0.0
0.04095573066188011
0.34257710291764565
0.2991984741281826
0.06549687388360907
0.048754420373262275
0.0
0.0
0.23975801315220044
0.10983882225402947
0.23695245862367456
0.7238529749474412
0.20677228466833764
0.0
0.0
0.0
0.033892215763872885
0.0
0.035481766767355725
0.4391725784423736
0.2541844874398154
0.10168339256990509
0.0970661351449094
0.04516185001649956
0.04086047161273949
0.0
0.02187033374340637
0.20259898838693596
0.17237522517580736
0.330965097136778
0.0723970466395804
0.0226728273014053
0.0660242673338515
0.0
0.13296574642018175
0.14170306453388515
0.28615542068384375
0.15032008644831846
0.13659315757423773
0.0581868344789477
0.0
0.036349028138746096
0.1906917780541131
0.32935017869529376
0.07063653244287613
0.04133690529781158
0.0
0.27116401352691133
0.05028851546743083
0.1427248395605177
0.09449755352892363
0.1307712868796195
0.26057648113916065
0.04780725538718496
0.0
0.08240771508649959
0.12814293995651135
0.1331307335541152
0.21716282286045588
0.1278812535448565
0.0
0.0
0.07884971019636776
0.014755529466593566
0.10529827791524211
0.49662625752915146
0.17658774172030564
0.2530795119463506
0.2805200895305384
0.0
0.0
0.0
0.05047212041577463
0.09795791337362626
0.3179694834522544
0.25415492151266134
0.019936397721563623
0.06006679300726886
0.08758411254674804
0.02228956975094245
0.03596207726568789
0.23176256923354951
0.2882424444831074
0.07775913416078452
0.10274414921911032
0.08596519967065762
0.0320063162882625
0.05775971101207647
0.07015794764880585
0.3749372333977239
0.19866942497604953
0.1298951864213143
0.0
0.0
0.0
0.0
0.0
0.10394718086887271
0.7661570758666671
0.5999689909570001
0.24310046437576113
0.0
0.0
0.0
0.07135056388955996
0.0
0.0855791675210511
0.19187502165089887
0.27398893046318695
0.21684584707630136
0.0
0.16106138711619034
0.07003231056056912
0.08619527126885433
0.0
0.06707326966652981
0.08005987123340484
0.09694672237883577
0.15989878446240174
0.24776142134337986
0.264872712947541
0.0833858301795846
0.0
0.48836027961272993
0.12514082774251034
0.0
0.0
0.0
0.053527901274954076
0.07112399996884733
0.2618462055843281
0.46336064105170316
0.18801123997847924
0.11988093118258729
0.12731753178404936
0.10142867928147037
0.0
0.0
0.0
0.3596912985916727
0.19534905426077623
0.018558013206126128
0.0
0.0065612485610372796
0.037404873875376825
0.07197607821892221
0.3104586131300002
0.0
0.0
0.0
0.1297804672787021
0.2452172164884641
0.23364966672085377
0.30770668711308613
0.0836441318831324
0.017732140805559505
0.18048792771028752
0.26475916880603256
0.10731102250905163
0.08434425431077452
0.05169763015294233
0.2936667474465269
0.0
0.0
0.10938042095484853
0.06477489863792855
0.10444980992052864
0.42236040151188153
0.028968216096533075
0.11965308411781422
0.15041172034968225
0.1585002760176453
0.20632587313775777
0.11532868844226256
0.0
0.043743594432285544
0.0
0.14397433035051505
0.3321264090192651
0.35157736441419146
0.15164529728962817
0.14721503637833
0.07675959602856851
0.060670267536269536
0.00809296736263651
0.08092966958149904
0.12310889658765307
0.12260680907409646
0.04063120148935744
0.03105748882773654
0.0
0.1594481353909397
0.09567565712596114
0.12855601348272877
0.42202361788448245
0.3395876041679799
0.29621309291218473
0.031364551888318444
0.05274586633651135
0.0
0.0
0.06952362527623837
0.2105645663535154
0.363084398288249
0.0
0.10700239747790548
0.0
0.04712029712821543
0.07156074451458554
0.270408867201714
0.1408224028268568
0.550341410244402
0.3466835856316966
0.0
0.0
0.0
0.0
0.10297457240892191
0.0
0.03501515359300622
0.4813696306258236
0.058885088637849914
0.03739619895985139
0.2504543183254251
0.11730444853387952
0.019574067100590082
0.0
0.1946824588576457
0.13229724120798173
0.16806210979254596
0.06056468603476128
0.028162006753775375
0.1884976078576055
0.13822809694526667
0.08950467934942874
0.09279335487559748
0.4320103485288391
0.2952669551872097
0.061968072033718624
0.0
0.013052865307406512
0.018101067652250714
0.08680643136160877
0.07851531643097814
0.3589454097664879
0.0
0.0
0.06738334879067888
0.07063257878315925
0.34602598323934386
0.0784954912297378
0.5802529489072294
0.32058044995362206
0.08405537458990651
0.0
0.0
0.0
0.015110336164076301
0.0
0.16494701139921017
0.1745728658601758
0.23387356264322995
0.12321505002461203
0.21981817444882953
0.01711394335191879
0.0
0.06645853657486889
0.2751739120322802
0.43518962466292793
0.0
0.0
0.0
0.10386645446069624
0.022126168822492322
0.16364324004160682
0.09500484627568069
0.21497472688904037
0.2761236388289264
0.0340322390271415
0.025278511461805608
0.10747493303149927
0.04239335388060733
0.20471617069829723
0.08144764950801614
0.2024934567957458
0.20950159702495905
0.0
0.06183966641175665
0.07901582998245493
0.2902198336321157
0.07547975808544656
0.2063301792012217
0.1274153713808627
0.2753844150443924
0.2873823151705185
0.02225369812811768
0.0
0.03147148088891717
0.04976078087677125
0.15601223888844146
0.0
0.04478442670546943
0.09022510600379703
0.23045135704747147
0.03827927122240339
0.08229795936251416
0.357948214185708
0.28637586173208446
0.05750046977988576
0.0
0.1778772865299878
0.1076084923196212
0.07617691987468583
0.24220275461889634
0.0522569340913187
0.1288640237252482
0.6265681719599961
0.05859224200644162
0.048290702509552204
0.07339620783282061
0.0
0.06428785418108796
0.0
0.14847249127887352
0.10529649424776158
0.3611703915647162
0.08973321136590395
0.0
0.1481516655452121
0.04983744784045433
0.09733703310052294
0.5021494367101539
0.40825104472161555
0.07893234360133508
0.010666679778728374
0.0
0.0
0.0
0.0
0.2822854393466561
0.0
0.0
0.016618261972634496
0.012091561816711628
0.17752944225242118
0.17587430022022604
0.3355999867611767
0.4444016806646238
0.0
0.06480163011504339
0.0
0.025938548159459947
0.0
0.17264126701880864
0.29221566987522063
0.13218635125821188
0.3243173723248882
0.0
0.0
0.033220842481190276
0.12043506832024632
0.27510978932495794
0.11472926312148901
0.249172902063577
0.15029319174268044
0.10512163277701088
0.010929094921824735
0.12461084126633029
0.08811317275881696
0.11152674732606446
0.1602315531229326
0.20819226492509663
0.02314644153076748
0.2073036385639378
0.04600741277039477
0.2637713517533308
0.1672847515481492
0.0
0.08429339800880821
0.6546491646824875
0.0
0.041030430139773984
0.08007090722660412
0.01461648528669798
0.0
0.0
0.2096324958936671
0.28057601543530974
0.22527145859906011
0.22267532774309595
0.0
0.07064328000509386
0.016854469025979455
0.10776778541364612
0.07621117395477812
0.31895664765227966
0.3603211628528731
0.19867485557019365
0.032009326651386824
0.09003643788687657
0.0
0.0
0.0
0.4920974913489056
0.27326315932988293
0.07280109741307138
0.0
0.05716296166449504
0.0
0.038134868823645175
0.06653900021736442
0.5320332678492725
0.1873026661147069
0.04504770960181222
0.052534201270851406
0.031853539942379154
0.022969913953129154
0.0
0.1282571085908753
0.33690257733911083
0.45942919575851265
0.18395907091318126
0.019708241057091895
0.0
0.0
0.0
0.0
0.09119131547709645
0.0
0.0
0.0
0.1421627009166424
0.2158618525835681
0.3681291084213911
0.1826537647563832
0.2527268290182915
0.39588856349259904
0.08487561056545667
0.041887036298963516
0.020318199176284604
0.10587454214861684
0.03212589209892933
0.06630252405356803
0.43052575500893386
0.028154463594277354
0.085909460970478
0.0
0.0
0.0
0.17759231725919597
0.27781718494467
0.0
0.017631182206491545
0.0
0.0
0.10352504444934896
0.25793881243329475
0.32309232205418
0.2978116532436738
0.4180914711780334
0.27747980630702884
0.0
0.05079143055531722
0.03606943717436495
0.05504650163298243
0.0
0.162520763669043
0.5478862293687846
0.2432159980633532
0.09392132406253398
0.043235584267983025
0.0
0.0
0.017476949436352005
0.05426304095353438
0.33915500540954024
0.0
0.0494421861801844
0.0
0.10585049533677979
0.03678840161576217
0.061341267540829754
0.40742120757115646
0.09805284070541827
0.43045909785560144
0.17429061475243832
0.10168736080223266
0.011942576048634634
0.0
0.1487482749876295
0.0348182907045695
0.3280871086721643
0.09918873087307273
0.2415596419945475
0.06323074087997203
0.12965200190771856
0.0
0.10542032559331879
0.03286009953748945
0.22316132107547734
0.1619963504961408
0.09035863890490899
0.0677912329945922
0.04151148695001494
0.0
0.248213632813802
0.16696630915321117
0.3728159586095763
0.15731490392248204
0.10625486569665925
0.10113474677068887
0.041110327728340584
0.0697665408157598
0.0
0.15160200644513397
0.5994125168444369
0.2581911599827989
0.03348759669252416
0.02674673949984575
0.04433528594101392
0.03782560175520331
0.0
0.0
0.12403015977657683
0.06984045257771963
0.17098910445048215
0.07822248976708669
0.06083939271247548
0.0
0.29189732870652313
0.20417972892346042
0.448617873814451
0.0
0.125993545642454
0.02066782628145984
0.11868102818700585
0.19262592561709937
0.027728794803759366
0.0656833717187418
0.4350634633926808
0.13719973749498998
0.037449095061330366
0.014462121686551126
0.0632337922638316
0.033099287918748256
0.050015208649557455
0.22947641663734908
0.357773113641287
0.24140234371173808
0.03750150200230128
0.0
0.02441920899642145
0.0
0.048375484555766186
0.29052750853339865
0.6333671405292274
0.12255517030969484
0.1970352740133534
0.0
0.0
0.0
0.0
0.04704163799799751
0.3504945136700447
0.3425538114704136
0.0
0.0813249669187395
0.0774941354988183
0.05428370642483754
0.0
0.09384785450000976
0.6611385441071042
0.15655344299033847
0.0
0.0
0.011038734315175604
0.0736065772933008
0.056471942954867536
0.0411898384446666
0.05685207564137045
0.2536103134869768
0.16514257719697892
0.10244511933393353
0.02996367684899132
0.20169632726916548
0.15238702381291405
0.037901388225849354
0.7205311973761575
0.0620982738338682
0.0
0.0
0.0
0.0
0.03709022972383697
0.18027963161282398
0.42835634351558843
0.29100463761648154
0.08718560579211553
0.0
0.0
0.02354538724374337
0.0
0.16990714834730627
0.26345098401475314
0.5215892287290173
0.17911516975421682
0.0
0.0
0.0
0.0
0.035843816009911524
0.5533540540833491
0.11066869816768192
0.0
0.0
0.0
0.012100155752554449
0.050351783367280245
0.27352463220988993
0.30942908584549295
0.12790695045430553
0.0
0.056885444501940836
0.043492443832799293
0.08318090170005633
0.18953119538166174
0.18957321887272793
0.3741284899605114
0.14554880917410384
0.07096254120732912
0.08644273996667053
0.18687004909121585
0.06253318738077064
0.07351308326451118
0.0
0.09566609297363288
0.12737064017998836
0.21751363198043838
0.0
0.05646671221226007
0.14102528078562998
0.22966432819127128
0.132291754750582
0.14495258402699066
0.08796413532715681
0.21372063829432453
0.09115333007046025
0.15180252133270758
0.0
0.025982695033285378
0.284423195127197
0.2547971309633355
0.4650116160696666
0.0635047366525525
0.0
0.03223964632248278
0.04478874576152236
0.02455298365783388
0.11510433458146034
0.15754083809995562
0.0593383934750239
0.0
0.0
0.046749073946508124
0.0
0.32795624526371836
0.4084135013366694
0.24712606554365552
0.0
0.0
0.15029830493603763
0.029907106977033228
0.02507787239644665
0.2630795559933741
0.28451015955633896
0.5408897501108573
0.44010007121305034
0.0
0.0
0.0
0.0
0.0
0.019009427262550945
0.5185657219920425
0.1113186248054326
0.1502753445317103
0.16105132943358488
0.0
0.0
0.0
0.05878824803102619
0.10645589533588527
0.04204008345610574
0.16328008654472312
0.23391075247317375
0.2068098566720767
0.18804731767600927
0.0
0.05945365773000588
0.48397676315962407
0.10209034812665631
0.04774595359485144
0.07867780673683586
0.15123404174427493
0.0
0.09964782965806114
0.03662651671009906
0.13578633514885163
0.11225736858380043
0.07247117872924021
0.0
0.07500787487032787
0.04101590413422189
0.23892493594700426
0.32453480118456607
0.31958614438660427
0.2180318485637609
0.15647218923259126
0.1508205925628484
0.05800783599444156
0.024762091424542908
0.0
0.07231833103798259
0.18244244818949168
0.1935092895937507
0.009711879321503218
0.09390756345849974
0.14263399413521644
0.23211577066629097
0.14567819621825326
0.0
0.5059625396262374
0.29902637998507936
0.015454912761609008
0.016618524541918287
0.023342802005940643
0.025188426732404273
0.03498754850400449
0.07941818282568305
0.5997220427790609
0.09646816793758109
0.17950318747530838
0.039935210936028996
0.011973082430625668
0.07239756012372627
0.0
0.0
0.4958044026775491
0.343241561511755
0.0
0.036572173578509816
0.0
0.0
0.025131822824421394
0.09924966982213883
0.1893566473640232
0.15651435340552586
0.24998225529979787
0.0
0.06731834713223614
0.048678001631551705
0.13486624093762875
0.15328279363778008
0.0
0.0
0.3274692783242271
0.2294411513197624
0.31183436319974317
0.09427550012724085
0.0
0.036977894038573
0.6176213609526118
0.14428055215261076
0.0
0.0
0.03788992705857718
0.16605227227083133
0.0341535194448749
0.0
0.5754137254185728
0.0
0.0
0.0
0.06197351349232646
0.0
0.1631771523450422
0.1994347480008498
0.46636141739383175
0.24181602784635203
0.16813453801051748
0.03273821800988601
0.0
0.04547445549991391
0.04547445549991391
0.0
0.26466037432643846
0.11843852222233396
0.0
0.050750849390660074
0.09621201744824974
0.06628539768902807
0.3039570529574027
0.09969440979025149
0.22591731683004243
0.7221245678299719
0.03731139978505297
0.0
0.0
0.014646207789036407
0.0
0.0
0.31212552778084607
0.2488322950213407
0.044232499629302285
0.07953104342962573
0.022757433250468063
0.0
0.18933266510301816
0.10318663933258578
0.07961772862325493
0.039048460038468034
0.04827011774100492
0.0
0.16502532704194087
0.3558799194439772
0.06851477092760261
0.243642641401619
0.17608052179628614
0.07858771528082341
0.0
0.0
0.07625594989658355
0.06696242310970477
0.1809000617877694
0.4212122997615405
0.0
0.0
0.8459239421776114
0.15407563082309284
0.0
0.0
0.0
0.0
0.05737278861047966
0.17312931437595444
0.2561357127594087
0.41572312728021465
0.028829467498415355
0.03207236298599598
0.03673650932968426
0.0
0.3442352392849237
0.5048225154569982
0.09657583676597954
0.0
0.0
0.0
0.0
0.054365793236117156
0.3567255982879411
0.12355090465286118
0.0
0.015927485661834596
0.16969372559236787
0.03787652656018715
0.11671758565461338
0.1795074341752507
0.36824173458003817
0.2204771121655872
0.0
0.03026279995905529
0.06684409230306948
0.0
0.22180088701806322
0.0923726211588602
0.2989358402830942
0.20004357702300235
0.005245648323561006
0.07057298731589885
0.0
0.0
0.26586211521243924
0.1593389045335985
0.15593664422815717
0.3036330039086321
0.3727599071023519
0.041738237032272474
0.025597014582870354
0.0
0.0
0.10033449904919874
0.25303201291014216
0.446360298443433
0.19374810606394957
0.0
0.0
0.03669505264668704
0.0
0.07016399123387891
0.2567603188578829
0.13430669611644935
0.10153227081523929
0.0
0.09380985031173761
0.07974076350030153
0.18468968682886788
0.14915863051182252
0.30191051702083666
0.21148774865596207
0.08010265553930304
0.0
0.0
0.0
0.15247490232837885
0.2540233569999748
0.25911166099808175
0.510024490177597
0.047546780447078545
0.04810617568593598
0.0
0.054001524938329826
0.0
0.08120845339178093
0.17362709051799713
0.5207756117676661
0.10929600481013181
0.0
0.03500278961229621
0.0
0.057396987670049616
0.10390059321731254
0.2261464193423127
0.06864221145105207
0.25468978730638825
0.0
0.10805574142360097
0.21456169736672512
0.08137520233448656
0.04652804864079079
0.18134462896934497
0.2624116919358451
0.022527717612685096
0.0
0.06576455479249184
0.06998110855295038
0.17025820166284308
0.22771083713618842
0.32996731963770964
0.11007841805920404
0.0
0.048042421859384794
0.18947662540134202
0.0
0.32243230204255396
0.0
0.06782820676683377
0.0
0.10814698941925507
0.13299740220538953
0.00966511897649034
0.0
0.326429307470363
0.3549317670217693
0.2534719606785816
0.20165922941910636
0.20988092593946067
0.1120933756288862
0.15948399498990998
0.06340959194217571
0.0
0.0
0.09813641311082436
0.16805964061236775
0.09640484828660748
0.08675597198980767
0.19631372244026216
0.07964505594146938
0.21382151981616876
0.060861624919089176
0.27046150456832163
0.4422410449166928
0.23347738026616932
0.0
0.029862924426024468
0.0
0.023956774388766627
0.0
0.3609494624534607
0.4838259964005744
0.0
0.011992482918099344
0.0
0.0
0.0
0.14323158418338558
0.3729663909631723
0.0939734027259704
0.19275052470727636
0.0
0.06128814930035277
0.0
0.01699827486446199
0.26202259376764325
0.28091621507901293
0.0
0.15062860822286114
0.0
0.14996761436776776
0.1600935515752251
0.08836927028107532
0.17002161614868858
0.5516476933115287
0.015154684596532133
0.06256573579343082
0.0
0.17111724785711835
0.07727403202843136
0.12223891206777628
0.0
0.16148744067965315
0.5882265122369466
0.2338174848553711
0.0
0.016467974086100054
0.0
0.0
0.0
0.30655374518095624
0.40558013339151355
0.18876179158781103
0.0
0.030707173080528418
0.015595996503169325
0.05280007886823058
0.0
0.22986176572335634
0.4343013227639147
0.2228491377299758
0.0
0.0
0.0
0.03994409800177918
0.07304276388561412
0.42380727593606604
0.5135282242608586
0.04488863094014388
0.0
0.017775258458044313
0.0
0.0
0.0
0.250475166442387
0.0
0.12217847201067039
0.0
0.07854165245874241
0.0
0.32205399935546386
0.22674942184467525
0.406572367664966
0.1546946313276298
0.0
0.0
0.0
0.0
0.0
0.43873245945595535
0.7311525276408103
0.0364912864026481
0.04503135623696718
0.0
0.0
0.0
0.0027012062168407943
0.18462314599240956
0.319915127213391
0.3662169818070759
0.31386715383132646
0.0
0.0
0.0
0.0
0.0
0.09124094348365129
0.8907615172089509
0.0
0.0
0.0
0.0
0.017997136879178345
0.0
0.047838715349646975
0.03382708219472725
0.4265495600663989
0.10097886348717439
0.2703177757392524
0.025213218540162157
0.03382708219472725
0.0614464417670025
0.4559930770460445
0.1460583647640864
0.0554750370617051
0.0
0.051219534986428256
0.0
0.12188328541322871
0.16936963734081428
0.21365203202059987
0.10457257362540961
0.19256958210507283
0.05900815641757594
0.08778317205588818
0.17786509539148937
0.14096417340350417
0.023584282729889598
0.09722806002472639
0.0
0.0
0.06090243163176079
0.13538136956544067
0.0
0.36599115621233463
0.340495969773423
0.1328156779015087
0.5276130792287481
0.0
0.0
0.1544141750669674
0.04180939456590976
0.14334685704557418
0.0
0.20771936772492564
0.16081919728872568
0.11817142343426323
0.11867759315968801
0.07161057131905729
0.020015764380236657
0.2529455553282804
0.05003940844962127
0.29252821133772144
0.07601204996423842
0.507832469297499
0.04758450712800264
0.0441811054765786
0.03185944774071899
0.0
0.0
0.1606407727057059
0.0
0.0
0.05452089188097073
0.09201039623910345
0.1637075600378262
0.3958476317574512
0.13327171573613275
0.09787798325795048
0.2739829202253014
0.15359871527708083
0.1558288148965079
0.1404654949527314
0.0
0.0351783798382872
0.1430665367652898
0.0
0.4778193732567171
0.3510244337866215
0.0696964401877737
0.036412049690570436
0.043295030882384976
0.0217518270024644
0.0
0.7601729893381254
0.0586130869625932
0.0
0.0
0.0
0.03703457808028965
0.14417870364749974
0.0
0.15230335315199067
0.2867070096854677
0.3766594270731581
0.0
0.09488521254167707
0.0
0.05239395019755687
0.037048118439404615
0.29977581970212236
0.04143298617913258
0.05015816987476583
0.1154195703241665
0.12952946000845092
0.06344562330491375
0.08979435705391625
0.21044265344817628
0.2409402256145713
0.2145663222173629
0.30695997090422983
0.03144569731653828
0.10160415878203104
0.0
0.059131292582631584
0.045351629435458694
0.4184997646780472
0.1909544601070337
0.19096673691023489
0.045052310679327814
0.015452816194218719
0.0
0.0
0.1390726897788299
0.10218877946449711
0.2994173401024428
0.06994006911867999
0.0693987510157024
0.026521386089806892
0.09101183133232411
0.0303283653286528
0.3111921772299324
0.561877405558761
0.28151872634084024
0.0416084909954917
0.0
0.011540118491389965
0.0
0.021315711568817335
0.08213919718345618
0.531334535711862
0.26112956832107176
0.02855074048258204
0.0
0.01114719136540457
0.0
0.026938405114685145
0.14089900164483463
0.568121537740351
0.2612004386729036
0.11140318613789611
0.05927392770506082
0.0
0.0
0.0
0.0
0.24001232663951655
0.0
0.41230663476556395
0.0
0.15061060546992858
0.14990829098876707
0.0
0.047160277962675086
0.34199831104122674
0.30908770929300483
0.0
0.023347429231568493
0.0
0.062101725018012484
0.11010534653686195
0.15335839500215587
0.5460274475668029
0.11136483474401816
0.0
0.0
0.0
0.0
0.10928572028607271
0.23332155955537684
0.2365092804780827
0.03677471100360209
0.22088610523353264
0.07360019786033126
0.049277839192260135
0.08802365203288867
0.1487706917258736
0.14615683911272342
0.5393613585697792
0.06044281455532273
0.0911054862084502
0.0
0.0708480959733898
0.12110062981395894
0.0
0.1171408106175073
0.22956835058486771
0.31134662897470466
0.08764319270396659
0.03871296794764182
0.03891200843006607
0.0
0.0
0.2938161565014627
0.721808122393434
0.026389986126971594
0.14176478233396037
0.0
0.029606464788024603
0.0
0.0
0.08042977806390529
0.3135031518530903
0.5736152752753902
0.06772199390955884
0.025970201368759237
0.0
0.0
0.0
0.01918890025144095
0.679131675028324
0.09818978107382306
0.06415243983643037
0.05130636289342154
0.0
0.04170134581998864
0.022273910873614997
0.0432439190811403
0.6637723704218363
0.050267965778326
0.1171434716821453
0.0
0.06970912422586241
0.0
0.01675598743861216
0.08234991863452686
0.8394659562441555
0.06864116129316611
0.028347152377909912
0.0
0.0
0.0
0.03819082977063024
0.025354464976183287
0.5398491798323077
0.15913490245450032
0.0
0.0
0.04444550683183916
0.06349358186414744
0.04578587229656889
0.1472893693811136
0.2251443890211428
0.13943611383811794
0.058521053912934544
0.10086334162774555
0.031737500198013795
0.20220562417093024
0.0567737608026977
0.18531570735888123
0.32194003930656967
0.06095092279201949
0.21660425988949394
0.2202100377448347
0.048590252840619186
0.03494203957774419
0.04568465070099929
0.05107698954959913
0.4519431892633837
0.049074261142304475
0.1464927028794459
0.024704622129915758
0.0
0.0
0.08372821048526047
0.24405599874601605
0.2179075093851941
0.1431399079338356
0.3217951075107044
0.1027470492566585
0.0
0.0
0.0
0.2144096513708095
0.28432115888429615
0.04157169236249728
0.0
0.0
0.0
0.0
0.0
0.6741062191818948
0.4239701981813631
0.10339669596638064
0.0
0.054435854561183876
0.02941404773899202
0.0
0.22726085039554583
0.16152119046428318
0.27858729587508024
0.14112772833034548
0.15797662693271763
0.13378676408680493
0.0238560147994193
0.06800009732464964
0.026671834905655875
0.169992694753604
0.17320171604848322
0.17482345098900973
0.2385896799983114
0.11369002704928746
0.1156280671371884
0.13171446911332227
0.05235106824244245
0.0
0.34075662833025044
0.33909632482099616
0.15825940948598907
0.05351346329989927
0.0043987793095465666
0.0
0.10397429505846657
0.0
0.34657332724386813
0.09471723164487557
0.0
0.0
0.03226748099653061
0.04909610013542446
0.0702507481151332
0.40709416770836165
0.10097603340673753
0.14733250963457312
0.1831163954380996
0.10172347289783176
0.08522478639962035
0.15023220891766303
0.2313920996036285
0.0
0.17181728901545212
0.23161523719864524
0.4199649760815866
0.0
0.0
0.038094280370193835
0.12356522880876511
0.01494180727184921
0.0950344458181544
0.08961042957056078
0.016915909270993477
0.3869371023093808
0.1492646002263345
0.0
0.0601794026070347
0.20205736261288204
0.18598339971244118
0.4196484396204451
0.2625282326578412
0.023828129427783642
0.022605346460803404
0.05433649168118684
0.0
0.031068076660584806
0.5531192759586138
0.35836760086031716
0.06780318898939412
0.0
0.0
0.020709162406767963
0.0
0.0
0.9423944263321593
0.040755136812761016
0.0
0.0
0.0
0.0
0.0
0.01685017560419297
0.4410618563124918
0.17972956796684225
0.1234301938954817
0.0
0.03675739200876958
0.01786088209627704
0.037011772791031725
0.16414756915008863
0.33954679610408495
0.2198569782006242
0.097643913370392
0.13067404387762183
0.0
0.0
0.07417145405182649
0.1381060684489844
0.295581301808746
0.25420138384504193
0.24780245671860107
0.0
0.12738289305286657
0.0
0.0
0.07503044811168466
0.31304708578461066
0.34362777702861963
0.2161071183878588
0.03700264145279363
0.018774082803070153
0.047864706514745954
0.023575667553142162
0.0
0.5459167472837644
0.3090378935004958
0.03631563691609692
0.0
0.0
0.0
0.0
0.10872922992665494
0.3638268385415082
0.0
0.3135730164558758
0.05843253121530203
0.029646996440202487
0.08893268929068551
0.013001068750900319
0.13258540574190553
0.28368628461848855
0.4768983914645015
0.05301179683213407
0.061442870484479016
0.026078649768761755
0.0
0.059985956566461524
0.03889558457500113
0.16015337485051795
0.10914778522795283
0.06362806135667526
0.2059240624795002
0.0
0.135260789199091
0.32588514133556756
0.0
0.07082216913764122
0.3031102320771759
0.0
0.023918867481415914
0.0
0.027571796902984398
0.08713282461668086
0.4874434099111361
0.21673777882779643
0.04023286731796733
0.05495844020040824
0.0
0.11561155930505611
0.27926007221350563
0.17222345675260403
0.12097480412546013
0.40767048133031464
0.07569422197158264
0.0
0.0
0.0
0.0
0.11169004965344738
0.404944725805675
0.06453224943338243
0.03064177979183483
0.5153754876397861
0.20203523411344343
0.12052842428862937
0.0
0.06688551097742788
0.0
0.7964998344115901
0.14618457922604722
0.0
0.0
0.0
0.03600269214748715
0.021312478158645568
0.0
0.13305160589758686
0.06699685651118428
0.0655729500440869
0.0
0.1899813496931852
0.059081111080815416
0.20985394774999488
0.2754613101832868
0.14342976235766178
0.34243322038009827
0.08672690525360119
0.0475496063389656
0.0
0.0
0.0
0.37985979691412247
0.6067898171667134
0.21050871313957498
0.06915041196944176
0.0
0.026591152383208097
0.0
0.004178396178577907
0.08278077051939149
0.28805816843058063
0.018774016881721298
0.037548033763442595
0.0
0.0
0.0917005745271846
0.07894022090087585
0.484978046795365
0.21844963793215538
0.2755181971731896
0.0
0.0
0.0
0.0
0.1024552952315765
0.40357617160247644
0.34160927018135967
0.42378804550880034
0.01626522542031497
0.028531094628734134
0.0
0.03643975370281125
0.0
0.15336548276751225
0.4766257628652139
0.17039098079488516
0.04245393435089316
0.07657998808101547
0.006242550073031051
0.04608507453943102
0.10624809622202225
0.07537283275473143
0.38652570081462734
0.2026690338583039
0.17322901707454078
0.0959180551915044
0.12353789894667529
0.018119618836031203
0.0
0.0
0.6011934330207502
0.047838424907550955
0.03580635898131928
0.0
0.048039266823897635
0.053828757469904995
0.0787739844769645
0.13451850837370855
0.16099184534002584
0.41872733196927037
0.256459083173464
0.0
0.08775747106328376
0.07606342406704382
0.0
0.0
0.7801750409316445
0.07099546271908067
0.08696493699978029
0.0
0.0032371141496964286
0.0
0.0
0.05862663592124269
0.2786626351476626
0.30622837526347624
0.2035219626482413
0.0
0.0
0.0
0.0881916330653182
0.12339459851532295
0.19405521514096813
0.6459695937713118
0.11272469293770988
0.0
0.0
0.0
0.02385647328512702
0.02339319779048174
0.26265474711741016
0.1376496913906958
0.13134036824008904
0.07663073292011446
0.1086718857127538
0.08411490044595624
0.05091509298204466
0.14802158112407152
0.10456670197151742
0.26001374600558924
0.0
0.07674431751831645
0.0
0.06261510857183014
0.16241143713865863
0.33364764520898677
0.6893188036088769
0.0
0.0
0.03190602772739775
0.0
0.048701360275256886
0.016197832449219712
0.2138754032594169
0.07290232972217305
0.8846625004204519
0.0
0.0
0.013817448658493476
0.0
0.019138797583485134
0.009478691249854784
0.32670067675493447
0.12205306353646242
0.0
0.0
0.0
0.0
0.11708904626400543
0.43415635382639833
0.5278825839177939
0.40208424661222636
0.02073701909903882
0.0
0.0
0.0
0.0
0.04929572566022547
0.12394242216585845
0.18527866240277582
0.14522904516436008
0.0
0.36230123146813503
0.056237653701180744
0.07269098606788776
0.054318901174076166
0.16712969664490654
0.4938928070225175
0.21590007787274654
0.0
0.0033906340599157312
0.02916733888772277
0.03198717811988505
0.05853141973377202
0.07751893463637743
0.29838426010691854
0.19909746030615655
0.13780930023856972
0.043066074797987464
0.0
0.008120616350988756
0.23600263579511677
0.33622095747126735
0.1699372262662665
0.36288473138421
0.0
0.0
0.1309563150048136
0.0
0.0
0.3660673930827059
0.3505573514024913
0.08139967219207575
0.0
0.04736155875417286
0.03322173211297524
0.07063227246094535
0.05075953228282424
0.0
0.5052851233421111
0.39714471135554413
0.005247334193468485
0.024890290940217465
0.0
0.010625041415166661
0.056807083915326406
0.06372582153148738
0.34644385754059703
0.14978069641458422
0.1172159770779642
0.034247823218104496
0.0
0.13320791533286627
0.15537708879775294
0.5611182433308199
0.09883144091572886
0.12647841061839468
0.0
0.03798168096133248
0.0
0.06595729596911314
0.10963174127705433
0.15132779456183842
0.0
0.023167303623975663
0.20149987117288928
0.02967428747420043
0.2060283455621946
0.17666474399584758
0.21163685420340653
0.0
0.0
0.0
0.5929671412904718
0.2411234995922399
0.03133845480885619
0.057170137993181075
0.07740027081077001
0.23352977864292776
0.0
0.31579200303096217
0.0355052473915503
0.02068617430269792
0.0
0.039659637989991774
0.3548263084453781
0.23862613859134807
0.1344749026977423
0.07856520378918386
0.012373390456337705
0.024007904209074366
0.0
0.2640570790091505
0.24789463100013995
0.09363872859489669
0.3429120641004249
0.24420023966770038
0.0
0.027213718630191456
0.22804849107295916
0.0
0.06398582341088434
0.03188250948388063
0.18133497578435412
0.09077215635326223
0.11762772749979618
0.21406235896555215
0.1542168471629673
0.08666083774032225
0.12344172247393566
0.20103935032891151
0.260142469702306
0.1735667723114501
0.2091322867930602
0.008810491333101756
0.07693430822414941
0.015883339474303662
0.054489880521276186
0.09603652367021949
0.41187603692352764
0.0
0.07712291359669231
0.021705216421631625
0.0
0.21236832698250627
0.18089012443146504
0.30551614818400863
0.18793357326892268
0.0575838939888961
0.06504334862517405
0.04113702647285915
0.07865035083965194
0.12011090486772254
0.14402390839211274
0.3006209079848686
0.13886667795709617
0.054672122701897974
0.030732593994641077
0.0
0.05547912548639146
0.17250736939747402
0.24712036912316315
0.19802995507473914
0.17137310710637452
0.24914662488518113
0.0
0.16400446045133782
0.13201753468925526
0.0
0.08542720750587482
0.3447505583597534
0.07642566781389662
0.22548794387514995
0.0
0.004882656576473336
0.0
0.13881106267994406
0.20964089003061126
0.5201116330932739
0.0
0.004907785920270593
0.054031617674371056
0.08397335727276323
0.03470328870788058
0.0
0.3022714497492359
0.5730234738005585
0.10010770189114687
0.005073511740154784
0.0
0.07727743263945475
0.0567235871641655
0.052969019241361846
0.1348243766444893
0.8471920646686069
0.05265003395748176
0.05214531188767015
0.0
0.0052100110723716404
0.0
0.018784962472286195
0.024016964690184817
0.42412350571082436
0.06654883084225344
0.23355598742125985
0.0
0.04892767475028548
0.0
0.05578612888186096
0.1710570074662907
0.4239235273511241
0.16468748119480295
0.09747508782227315
0.027326213263128254
0.041844163153458465
0.0
0.0
0.24474225862763568
0.3546070190512596
0.1722175056757475
0.19441108964690412
0.24973143218748772
0.0
0.0
0.029031670407870507
0.0
0.524907262561199
0.009342132860377916
0.15676751166585476
0.02829459965742663
0.0
0.0
0.0
0.2806881693749583
0.23142958899892124
0.6707689511085747
0.06665509982950699
0.0
0.015243878277744004
0.0
0.0
0.015902189497217837
0.26803737059146315
0.3655903479742509
0.19068345434305406
0.0
0.06458197902002193
0.08820559464364283
0.0
0.022900632446976897
0.44018559715437905
0.22058461600227602
0.051556635639195006
0.06475069307597062
0.0314086990850761
0.0
0.020442482928831406
0.1710706217663596
0.39614665707656344
0.11920894640177684
0.0
0.01778962983797559
0.16395552537564193
0.0
0.012203585415202889
0.29069457723805364
0.29156838895603937
0.357721851920806
0.14307098026994636
0.08949320872020186
0.0068040427202600675
0.0
0.0
0.11134096040917368
0.1833956973467059
0.4167811547149562
0.0
0.05822362157873126
0.044355656476867227
0.0
0.12014069795896826
0.17710225132747598
0.39831240499946063
0.053289034426187376
0.09121410018425015
0.058014943021927515
0.019641116771409818
0.06150384905726432
0.20599643759552452
0.11202729556409192
0.29758580381910243
0.2092784327531907
0.049582224857498504
0.02304247087358781
0.0
0.020539111678443057
0.18480695123519458
0.21516433055363507
0.2637303534890726
0.26659541603449
0.14180688463988422
0.058943956468164804
0.0
0.1476004762271288
0.0
0.12132238985095146
0.20921739139688272
0.16001610249001502
0.15841904245416166
0.12963854370191666
0.11057913099251707
0.031226604963965243
0.13274050345835328
0.0681620817993461
0.37927257909683365
0.03163839514728767
0.03689639075079626
0.0
0.3231124643028603
0.1549832361433632
0.0
0.0740953526391252
0.34489706668253056
0.14262918781760014
0.0
0.0
0.0
0.25076091463763195
0.2617120550031137
0.0
0.6231024222462506
0.07508729599263517
0.06782841977851972
0.0
0.0
0.009738465775794895
0.014607698258085146
0.20963515355194842
0.3804541294093083
0.12941093920561023
0.100330960789559
0.0
0.03935671325669978
0.0
0.15415838024844647
0.19628723722728728
0.5881785385264807
0.19234484634098392
0.0
0.025865596099473684
0.0
0.05644615946723609
0.06691524991693158
0.07024896621810779
0.11732780228953074
0.3781571816958445
0.38406658114821857
0.0
0.03717826207104718
0.0
0.0832688450002907
0.0
0.21588178884506196
0.31998124660197236
0.03057290314900079
0.11505064735890014
0.0
0.0
0.31851258546289407
0.0
0.35039877084438154
0.2682512936567169
0.0358928959062268
0.07050548720467728
0.01877390302103365
0.027228297912643723
0.0
0.22894847989777026
0.07188433935208116
0.12277643102674977
0.12782706635798718
0.18930805010903454
0.1699826863571566
0.035136586360197695
0.2245670525058693
0.058517197045289224
0.10751322123894252
0.5007923761469457
0.17788246754916134
0.0690767248301395
0.0
0.08363983414763188
0.0
0.06109478200929643
0.05523371653432557
0.38492363965475446
0.25281356516916176
0.06622802227909687
0.053231829133364515
0.06809218743130029
0.11947621605613729
0.0
0.39020275471786664
0.20529690080553312
0.1517039816928678
0.0
0.060463089498651576
0.0
0.0
0.1923314574796936
0.4178495107019796
0.14490886044966164
0.0869654793569359
0.04700160936416889
0.0
0.08666668704914166
0.06159985689719475
0.15500672167082735
0.04571099078776138
0.09277220458224421
0.0
0.05147902826540048
0.08944962080696488
0.09713536790384773
0.174193969845288
0.4492575558249593
0.2347322877912427
0.2922469937485246
0.07126423927333306
0.11368439794587644
0.0
0.11725194130200386
0.17081909374398782
0.0
0.6570813482516159
0.1275546314407238
0.03149363625038509
0.0
0.0
0.0
0.04861471535914872
0.1352549727804862
0.12797534053699194
0.0364646924338801
0.0918381041409178
0.0
0.0
0.11286882984793546
0.2556769411323558
0.3751746682008917
0.3361659981129451
0.12888028588713113
0.13927125564491266
0.0
0.2168167821435685
0.06697340246608012
0.05683853137087191
0.055051797999596266
0.14259610389926972
0.5274551273201677
0.058331955115589786
0.05251705220505401
0.09780945814422204
0.024895471356014262
0.032364111093447126
0.06403009847946071
0.14037520293099226
0.6238778074199848
0.16061674612190424
0.019965398721125766
0.0
0.0
0.0
0.05516449619500731
0.2801360544323549
0.5341030660045651
0.06900372026440735
0.0621991136650371
0.01574268889020354
0.0
0.017250930066101837
0.02156366428670314
0.29048528316881606
0.2530124431436921
0.06761292473777888
0.0
0.0
0.037170583567816114
0.2775641718502405
0.07415383224841375
0.28623277201038455
0.32488917361775527
0.2138319430119442
0.1252781186535322
0.04976719228706157
0.0
0.0
0.0
0.2384587491722079
0.1537428763729506
0.28733459677013196
0.11594130545116214
0.08147524367312102
0.12304621011989568
0.0
0.0
0.30339551961955785
0.14159912795583846
0.0
0.23660396342913248
0.040858462874277766
0.016316946990262676
0.06956393658187546
0.1916615683474349
0.38199409934364237
0.2459867987063365
0.050847765641662275
0.0
0.19806336868942065
0.04351467332655452
0.0
0.07959271527930006
0.5037865273840155
0.21029248040249496
0.09491766631920978
0.0
0.05810285402819972
0.04692625737557866
0.08597369703338766
0.0
0.08500133291755961
0.27596388386250725
0.3279614696687255
0.03950039787128883
0.18600755620067588
0.0
0.0
0.08556471392378234
0.3416075733764783
0.3851853729102337
0.07176889964483286
0.0
0.0
0.016778103144146347
0.10625386320166173
0.0784057001189487
0.211622152443614
0.08474656382454027
0.22197070596972943
0.0
0.06139782782742495
0.04517628905044665
0.0
0.3750857965270598
0.26757138320041784
0.1663249514445523
0.1993467363652224
0.0
0.03666298726117597
0.026976070503129078
0.11371843841795569
0.18939889457637343
0.30333679916625444
0.05802213757737277
0.15082914999725638
0.0
0.0
0.021563758560827748
0.14707108659500195
0.31917598991537477
0.27393271257716906
0.028063017913615592
0.0
0.01669648997569734
0.018667242952355053
0.026399467331542935
0.24599003043523904
0.3902503788277076
0.6297470180374968
0.05940127363836864
0.0
0.0
0.029398528256869116
0.031887183298073704
0.0406483422300267
0.2089167632653307
0.5401852515942979
0.05792440916985627
0.08631853128846445
0.040335383165028375
0.00952271357205635
0.0
0.0
0.2657131338109544
0.2999075833562326
0.044793075666451014
0.06685616252225125
0.17707026016490074
0.12550957094940834
0.16079788252283078
0.05530037646856061
0.06976430044194194
0.2622010938597482
0.09635123842560787
0.07591220677288953
0.14517108904421241
0.23024384325555197
0.13640328119473336
0.0
0.05371652860227011
0.0
0.10424035126618544
0.13829557740897308
0.09433408846383388
0.06367065898793907
0.12725634038903774
0.2364943090984508
0.23570798491496894
0.5025710534511867
0.19443205096217017
0.03622719593575319
0.1082784757321779
0.05385360084651157
0.05012925366124108
0.031595760805130345
0.02291209001501715
0.2053575229262747
0.08177723879466008
0.07375315023500213
0.045897904744426676
0.06312438135264148
0.05246440853999333
0.3956046964462574
0.08201990889047706
0.6384322616345394
0.177529264157186
0.18403751332208623
0.0
0.0
0.0
0.0
0.0
0.3000617886964151
0.11141659356699445
0.09451607034549506
0.0
0.038940110630091895
0.19711473376669444
0.02133539987771742
0.236613417315788
0.5026015065412285
0.17228169624350093
0.11660900655567205
0.06854706548934894
0.09518735601479332
0.0
0.04477236801486035
0.0
0.23997123888290517
0.11455500255590761
0.10739077736359993
0.1459948162880052
0.0
0.08266044439298381
0.25141781937074703
0.058008554656106874
0.49886711991811317
0.33619661176943033
0.0
0.0
0.0
0.01029116747149532
0.06574908357131637
0.0888953037055673
0.4281243898434395
0.012245378915098906
0.06451299261271864
0.055996488125578454
0.0
0.05476300094414581
0.0
0.38435729320069567
0.6432190350563705
0.19646401471588737
0.0
0.0
0.0
0.0
0.07870340801546434
0.08161258779328337
0.019150261407839916
0.0
0.07511542700810621
0.0
0.35470132693118356
0.3100832295399327
0.13995475686110848
0.10099380136046442
0.3332168241140974
0.26814938288743295
0.0919030892414336
0.0
0.0
0.05989225034713129
0.04734898093166033
0.19948906999985172
0.16486172163686624
0.6082686831315717
0.19398831463138985
0.03288077563764786
0.0
0.0
0.0
0.0
0.5983997176403589
0.09970747839889295
0.0
0.0
0.0
0.0
0.0
0.30189217431806514
0.1710868265452277
0.3451449051571282
0.24745565438962122
0.0
0.11054116612346288
0.0
0.05226554847460846
0.07350516542850317
0.6325008285007467
0.0
0.10418582991623483
0.0
0.03574335460764969
0.013656834564940445
0.04189488722382433
0.17201750174637193
0.2655227275755792
0.11951473411120553
0.04346192315321822
0.01456847082814802
0.1672189064513178
0.27225732926634005
0.0
0.11745475687551883
0.21983936499158377
0.20149475080029955
0.05042226254377925
0.08132665656645842
0.08080529866836204
0.04868840913214043
0.24410426220082368
0.07331862402349716
0.7192390094385569
0.0
0.08416046228773234
0.0
0.0375340458943013
0.028787299606201112
0.07953043873108342
0.05074811283884593
0.37709337678375326
0.2382691420503384
0.07389350943500048
0.0
0.011388467682493903
0.14808138896015308
0.03546917828711749
0.11580403646377764
0.4376876993319253
0.20444724516027296
0.14751226951511637
0.0
0.03092743257510797
0.025044304829236756
0.12160674118985021
0.03277360738891644
0.6069270376828203
0.15152358515083253
0.0
0.0
0.0
0.0
0.0
0.24154892875520667
0.28855913040858283
0.1372757333730903
0.0855266924972806
0.07562816756084653
0.10564401524437975
0.007243864513867091
0.0
0.30012158651331006
0.6207246090147479
0.0
0.0
0.01778276673957005
0.03206370982297787
0.022202292900392714
0.022923667815199358
0.28430241458778743
0.24440165933353994
0.07817609714256854
0.18499120544862407
0.0
0.007227382083825634
0.1074427628544326
0.0564988874242696
0.3212601988671783
0.04304390638414856
0.24706331393417574
0.10307146379925347
0.050996943618234016
0.12358159164383997
0.0972050853857304
0.3350366645199799
0.0
0.20306111751996636
0.0
0.0
0.044492039207815984
0.0421206975904724
0.22380239265453689
0.11209402253390319
0.3744290072779517
0.4914135933862389
0.07592872949453734
0.010644223521640588
0.0
0.05030979609260136
0.0
0.06227622860844343
0.3094266908524283
0.16808508702281302
0.0
0.0
0.0
0.08164827270022564
0.24463677964358801
0.30322123896285047
0.20240792074992792
0.4463930618253705
0.16386248097463413
0.0
0.0
0.024444669273248176
0.02906545278523668
0.07809640298087574
0.2581367973453761
0.24569020344398537
0.13397761394097574
0.0
0.020148763138335638
0.01274319561058125
0.02849465335571553
0.1087420890536157
0.4502018885573039
0.34050629398069554
0.21487039530768723
0.0
0.03695701517647088
0.050962986081018485
0.04263323574460739
0.07437694851876106
0.23969255219655408
0.5706642663806833
0.08516529427638037
0.03862322472943091
0.0353629644656708
0.0
0.0
0.008946200814786528
0.26123725859311425
0.3396990449513342
0.5557936276859605
0.0
0.0
0.03301108911755342
0.07149463957639167
0.0
0.0
0.4594597512280715
0.2093827860128637
0.09414530365030349
0.0
0.10227863503424856
0.03569610081427773
0.03731537884879388
0.06172113831395237
0.24214227291192775
0.4893056295146866
0.0
0.0
0.0
0.07874609510450603
0.03384339562921787
0.15596202018534272
0.4865655597830381
0.0967834161327668
0.10828943546128418
0.1589664074760435
0.0
0.0
0.006759295733523313
0.14263469052734254
0.4053941251530334
0.45613490899285014
0.07872653812246748
0.0
0.044280302012971985
0.015463352551060974
0.0
0.0
0.2009101086377961
0.34888115490912247
0.17311639243494817
0.041602961950704065
0.0775776119646006
0.0
0.1579110290807576
0.0
0.09858578728751044
0.0
0.1413307277606363
0.05017574849612906
0.03032079186477364
0.05224713810526541
0.18684655855176432
0.4404923077260628
0.06026740668543758
0.04679721389049646
0.04679721389049646
0.24414098985289448
0.27887236930201736
0.04679721389049646
0.10421317495698867
0.17211259040696492
0.36501613326018467
0.47217196827034996
0.020089905658966054
0.026470776658356412
0.018940945731527888
0.0
0.04708490995859989
0.05022476855744781
0.3083807503521549
0.29913563883973676
0.12038542739528407
0.041274476984602335
0.0
0.07710296065099291
0.04136002029515622
0.11236006080135841
0.4335804412665381
0.5412992774014402
0.0
0.025119810629659362
0.0
0.0
0.0
0.0
0.3015328421020744
0.10090467035393956
0.01666674968421829
0.0
0.0
0.0
0.1330312776447296
0.44786380948779864
0.3295034231383837
0.19652361463384377
0.0
0.029133375886635716
0.010229411608602166
0.0
0.08003610433391126
0.35457321794763696
0.0
0.10244470472372523
0.10981177097905062
0.0
0.2145875748031342
0.17008693996629753
0.4030676778644925
0.0
0.31505746005850094
0.5354292499708849
0.05133667096163724
0.0
0.005496852900602469
0.03152381305574427
0.0
0.061155494981544906
0.6793293566532037
0.08346203918754808
0.0
0.029451923791893504
0.0
0.0
0.0
0.20775603459122685
0.15214949212580706
0.07322539581945811
0.1292955067848032
0.0
0.1291794887211362
0.0
0.2512434761498116
0.26490571103491106
0.3328098607280964
0.42939092733231343
0.08733657958658386
0.0
0.07952638747981129
0.0
0.0
0.07093553777693903
0.3432063586655407
0.30102144317022855
0.01976389482233961
0.0
0.0
0.0
0.21040129644470473
0.1256065501040368
0.1788331301296655
0.3077915083139654
0.0
0.0
0.0
0.0
0.1473872258613768
0.3659872399595691
0.5107123227772421
0.04024905339172533
0.0475628774883088
0.0
0.0
0.037976083541873644
0.04000287934795002
0.3234959977221517
0.31122558206497747
0.134861680642476
0.07018727462361682
0.20348562828033873
0.157475139048521
0.07043690822464035
0.0
0.0523269319357741
0.4606205108723871
0.0858367785014464
0.0
0.0
0.01613709237893112
0.09721727007346498
0.11678855554144764
0.22339881417734195
0.23934187426781714
0.402286738401685
0.11471249543650155
0.035952521523937735
0.0
0.039480426835754236
0.0
0.16822525417614487
0.5647574181063924
0.16439301895363118
0.0
0.03202834955647966
0.0
0.023817465188408986
0.0
0.21500315275846701
0.047585723859008576
0.3024345831507405
0.0948759852128569
0.29248787864992754
0.0
0.05015976061563892
0.1308006456091291
0.08165416890870178
0.40811339643449257
0.04284997296444183
0.0
0.0
0.01773144499845154
0.04270297465915253
0.30457945282049703
0.18402187155072783
0.4572759561719792
0.08820816953435039
0.05750468778134615
0.0747955052011777
0.17652224942635591
0.0
0.10503024508126309
0.04066195405692912
0.19320697398700046
0.2710191024518603
0.0595503825618927
0.10813317485627064
0.168071694814456
0.06075095765836945
0.0
0.13926727542043077
0.197606446144073
0.41274342550753473
0.25905625585667935
0.1305932358216785
0.0
0.0
0.0
0.0
0.4447246425306327
0.2748528538818259
0.023094146322002677
0.1136796844595597
0.03449286312863351
0.0
0.10915420838640724
0.0
0.2595002472274672
0.24119003330607247
0.13702254181130247
0.025854039948377847
0.0
0.0
0.11683099155708568
0.21960087855107013
0.4497910325138747
0.0853028418555877
0.04433870453043514
0.04999654535647524
0.025482865392798464
0.05572825994990804
0.2234724573696751
0.0658865473952498
0.3270095875079312
0.18459594877489388
0.06364437775657604
0.1727254462426253
0.0
0.02398595760077461
0.1291753325397654
0.09886265249972855
0.07847021924588984
0.5509942843015894
0.08867572780980637
0.0
0.18265945299692443
0.06936974898549685
0.0
0.029829899643451525
0.4742483086440348
0.11091312718382319
0.025971912975609267
0.0
0.0
0.0
0.06879906734572601
0.3200669835747967
0.4717195121563665
0.35739323355886526
0.016472951173108166
0.028895469726933843
0.027790772245287754
0.01021609102959018
0.08751082791619143
0.0
0.1595938832753673
0.13014042455413763
0.037313900975375576
0.0
0.0
0.20321575624188712
0.38901241114492974
0.0807223045627429
0.039556650567756264
0.16625661016958726
0.0795707561462652
0.16088329120503025
0.0965600705365031
0.0
0.22926255710738447
0.2279093542669623
0.20450860442888266
0.5388742684052559
0.07523476748483345
0.029700655306608485
0.05522682842875158
0.0
0.0696243358932733
0.026830030090044702
0.6153989754168855
0.08265394319654967
0.045682151709576645
0.13123023269210976
0.0
0.048744546435344566
0.027942167041515514
0.048347434672030065
0.5576850844918378
0.33148064173230946
0.0
0.03064758238179185
0.0
0.009440774435749592
0.0
0.07074526235838174
0.31267485241415394
0.1627744511173459
0.24787605504181687
0.042615169517195656
0.0396625150456037
0.0
0.02353499627077787
0.17086120725625714
0.2193736630887036
0.07412921806493764
0.03062495152666595
0.1421551147948521
0.3303585841299768
0.0913251186241443
0.11203272254724975
0.0
0.5711853726849021
0.2270223849104153
0.015424799187375542
0.0
0.01478625127648268
0.0
0.0
0.1715807436667218
0.7343672002814647
0.093939664219349
0.016961740064765425
0.0
0.028620756987185046
0.0
0.0
0.1261101387071382
0.2297512370352323
0.5223152247929959
0.08911247910655545
0.03939233746763121
0.0
0.03422905424584797
0.0
0.0851990968675225
0.009087271204096409
0.3988019030206447
0.41351949311996916
0.11830614230572623
0.0
0.04163099361161843
0.0
0.018653650926735488
0.37668347906598615
0.019450114585229893
0.0
0.0
0.0542392217155636
0.03136236811094394
0.16176418653480762
0.35650010257218173
0.12778857978780667
0.2323808256232922
0.32835592161241983
0.09527598385790272
0.19273284354877307
0.023464533862536014
0.0
0.0
0.29543705023718464
0.13129724261415704
0.0
0.07790768359960336
0.0
0.0
0.08797072684763481
0.4073865636778148
0.20766032846509244
0.1209488975500038
0.2669809853504652
0.0
0.14633243716436825
0.0
0.08428369952076604
0.17379282677225755
0.5035689296070927
0.08912375382874686
0.3545397190193732
0.0
0.0
0.04113253267506502
0.011634036556420818
0.0
0.3079489698877292
0.45648577948318053
0.03336235216905327
0.0
0.11343871946975612
0.0
0.0036186551914143424
0.08514488410493938
0.6529792501807876
0.20892875067680317
0.033549799874535394
0.07807157388516398
0.018163536393162493
0.0
0.00830672188082452
0.0
0.10096872141078268
0.1112929502351164
0.25881398809968115
0.04202084773539394
0.03758458779897184
0.05836833177159491
0.17030997991309949
0.22063945358513304
0.49079162282363253
0.09209376994586395
0.0
0.12532298497345357
0.060063973597257375
0.0
0.09684145953466597
0.1348847949251688
0.3029786461943361
0.5133024671632311
0.103124129010104
0.0
0.03044893956526057
0.0
0.017423436035148593
0.032721875673615765
0.21635148943312915
0.11308881848089737
0.0
0.0368381452523908
0.17859755936528435
0.05132367842309964
0.05084694862109876
0.3529525053401373
0.4729406336375258
0.03821630701015928
0.035330986449846946
0.040283523189940926
0.2391911488759325
0.07792583805633782
0.09611067950560863
0.0
0.20491270931011177
0.14033340077482256
0.06217176876281668
0.40977895407380827
0.11787661521965366
0.0
0.028610140000632653
0.03631472598935787
0.41002328007444483
0.01050965112180905
0.0
0.0
0.2039715444762404
0.01694630258036247
0.14157259033427025
0.2169754563982013
0.35194900752456165
0.4488498797922268
0.04711839791311818
0.0
0.0
0.0
0.07067759686967727
0.08140468011503643
0.16617949717297276
0.20041806783815685
0.19031408308128794
0.040725085862835075
0.12724356615073018
0.0
0.22591297862916937
0.04920585142010766
0.33844690190670146
0.4201742641242319
0.057832217508590925
0.0
0.01363118318057047
0.09596420774566058
0.05190600252717402
0.02204455468331613
0.10067614963611761
0.2773198952463852
0.0
0.16935527190918667
0.01672788679294152
0.0
0.0598604941745775
0.3760596052454929
0.18699799259709196
0.1203220910848598
0.1758961720998144
0.0
0.0
0.051326635271531716
0.0
0.4654561069625026
0.28724744870548313
0.24608394371115475
0.17344561540304404
0.10082193315741923
0.0
0.040980514513560176
0.12426658569412709
0.027153243264384928
0.16738543891926863
0.1419414818084153
0.06669972390655059
0.27621585797153225
0.040216976805435026
0.11243155847537191
0.08566248465628364
0.10944598030676972
0.4323780604160469
0.4475326344902143
0.02301618560264969
0.0
0.0
0.04024954636754554
0.0115789125469837
0.045244208495983776
0.16849853155496144
0.24547216016874593
0.1240711822051099
0.08631754870605587
0.10143481290847702
0.0
0.20084894022001576
0.07335580697457819
0.08879653323781311
0.19818506046877316
0.36853025365639314
0.0
0.04025549436286099
0.052129279199543924
0.2025475978912816
0.04955489852325873
0.2441829605263874
0.14978700139181209
0.15904305571807992
0.0
0.0
0.2607467680106887
0.04883702639816964
0.13740189377623727
0.19513413680114056
0.023269120836034492
0.025518732296440767
0.27470920683034006
0.249907112956993
0.08831666939670503
0.11864970512710436
0.02449463951018117
0.6155181944758046
0.17787597190489748
0.0
0.009642699415993088
0.0
0.009455445045104538
0.03101616803709492
0.1564910483488602
0.4490441267189059
0.46506561792787576
0.010236659704075187
0.0
0.0
0.0
0.02905400837854414
0.04659898406959491
0.5467854463129342
0.1501060701373684
0.035395672287638964
0.0
0.0
0.0
0.0
0.26771215318966857
0.36210239458695265
0.3413036853485555
0.1146567515619811
0.0
0.0
0.0
0.05308119843972759
0.1288552754635304
0.4420917879278745
0.0
0.0
0.0
0.010165496766393138
0.0205835611315002
0.11482880863567113
0.4123295418855292
0.3464355809107787
0.08964793562623428
0.061250438770774525
0.039626682703741645
0.0541303920600157
0.0
0.0
0.4089082586709404
0.7194683788369617
0.1170831369317238
0.0
0.0
0.03423326297631642
0.031346559065233016
0.0
0.09786813142554555
0.2634750462730181
0.07333281003675847
0.21476540733442023
0.03310502864972464
0.013641976034338458
0.0
0.12486528748302292
0.27681330735735565
0.21526305442779206
0.0
0.140049725028514
0.1109720194184032
0.08027211300437094
0.0
0.08611679263296211
0.36732555982459375
0.457516322823776
0.034155618300696654
0.09022620941010863
0.03243958137083895
0.026991362710969132
0.0
0.05389444405589942
0.30477591579712304
0.3025908151898497
0.3127702691667516
0.05558359096350341
0.01836533502773955
0.0
0.0
0.0
0.3106895789907753
0.45441801241493457
0.37869073883995163
0.10305701244479502
0.0
0.0
0.0
0.0
0.06383378202072489
0.4910973681649907
0.1423648821571613
0.20402173979112523
0.0
0.030087049168388863
0.0
0.07812339679946231
0.05430506246807201
0.2601705463083629
0.35743511809239004
0.05918146562812617
0.0
0.15576559725485956
0.045832239300848995
0.08917255609036455
0.0324419548825283
0.16890682011929586
0.3032364580239899
0.1669811792818287
0.1189495262999501
0.06362860026553993
0.029102791439329572
0.08025056595523378
0.068943727215865
0.023127133930864328
0.22675031845351257
0.3057340396359784
0.2645621509424525
0.0
0.03573688824231432
0.07797427660490056
0.06611436622091192
0.2536190431094517
0.5630674213921077
0.023475629778718334
0.07432245989140038
0.0
0.0
0.0
0.08551443931897894
0.33812267013537584
0.10042357745757693
0.0
0.07553337240113359
0.06181211554763721
0.2843122942135159
0.0
0.13979470001366237
0.3457396210387471
0.035466637689704913
0.08143697359138824
0.0
0.07903804033735025
0.06391075465110771
0.20781482394630632
0.18659220888136638
0.26032034487735217
0.6301987902820512
0.054535703621076265
0.028491140332861074
0.026453359552680408
0.0
0.0
0.0
0.44973059419179207
0.2420661352497748
0.0
0.1177908680722852
0.0
0.0
0.14632185412021312
0.04408949261404716
0.2986842147952218
0.042545978496792355
0.04120443387922067
0.0
0.0
0.12099347609526093
0.3474611115744358
0.1491099018462871
0.08707691230868271
0.07846980395507454
0.14375176063816703
0.0
0.04217347652532958
0.11074391597648295
0.11546100367836763
0.4223226322904539
0.47535484269035644
0.2324125552594479
0.1319679072521442
0.031139186649668926
0.03400679565760462
0.0
0.059202788116679
0.03591517872580184
0.34448535451084056
0.47848189883737663
0.04504515261174819
0.0
0.011375619212574207
0.05004588548756806
0.0
0.07056552055894025
0.5710796365193801
0.12856621183697853
0.09024239841067563
0.03419274255773971
0.0
0.0
0.0677904770884763
0.10812694622855896
0.08188966120663543
0.0
0.2980194395779362
0.0
0.019268154944683584
0.0
0.024180402870142125
0.5766411371408917
0.08909414948759509
0.6078341489440631
0.2540332804131304
0.0
0.0
0.0
0.04903768474773745
0.0
0.33441618595130207
0.0
0.0
0.06335461174614843
0.07366784246632141
0.1842584107600966
0.07797490123449632
0.26632718633252206
0.1139024764686625
0.15646883925912006
0.042640984650572235
0.09322114251543176
0.2280181188697514
0.0
0.0
0.36574786010343713
0.5430602647735087
0.21424494437294989
0.13444086233763866
0.0
0.014462821358684307
0.0
0.0
0.093790535464044
0.15044560938274834
0.4812986219175531
0.13250833237885545
0.12031667348982027
0.0
0.0
0.03691147164258101
0.07851825948148425
0.2593613086321073
0.12315234738222523
0.15074705931689694
0.14930531797390714
0.16523929124152809
0.15219358488335535
0.0
0.0
0.510698513524407
0.0
0.08403192308122548
0.11763859386106217
0.1235896121082457
0.0
0.0
0.16404081331179954
0.09349821794370838
0.41703383820738654
0.2189822804796654
0.12997512311423826
0.04551052801520226
0.059599473003095774
0.0
0.0354000989314926
0.16407453210031117
0.0
0.03254154395066895
0.12581207246312334
0.3468462344498405
0.16208468331013687
0.03898599638664737
0.1296543133836244
0.6604411975448872
0.14935906808811827
0.10193103236555616
0.08448761621106904
0.0
0.0
0.003780417500634819
0.0
0.38188240113852084
0.028832457354126827
0.0
0.0431585316126333
0.050576347486579944
0.0
0.23535558072023563
0.26019405027235815
0.6363198506172043
0.11337636661225207
0.037328642657446474
0.11351188688029402
0.037612121189754245
0.0
0.0
0.06185040873299952
0.3229464918724713
0.16179682366485898
0.05430230621978859
0.0
0.08850611404053203
0.0558766147099267
0.3165710037681092
0.0
0.2118648308536517
0.12851749601394685
0.07931144668212722
0.0
0.10015871966508001
0.1452808589048605
0.157499415349078
0.17736651752028024
0.2772711938937318
0.044661561926019284
0.1501039707984173
0.16391444310852063
0.06696989808130563
0.0
0.1664973802604719
0.13058051969088866
0.8091024672454552
0.027656842030305478
0.0
0.0
0.008519497044554387
0.018072584001612952
0.03846495301417529
0.0981832389611797
0.3135343278235924
0.0842650338096255
0.03763745178054676
0.1299769547880104
0.0652231335728123
0.08089829531072315
0.1436441068466862
0.14482022559986304
0.329611444687088
0.22787693979224752
0.12642563092850578
0.0
0.0
0.08438324837055353
0.03759473286217313
0.19410728251330636
0.423224474952845
0.49461740350713124
0.038358486949580724
0.03527477332182714
0.0
0.0
0.0085241078367843
0.0
0.20512867858264477
0.45853980508984166
0.13666412098855116
0.028786732119667903
0.0
0.0
0.03921519187068962
0.13166476565575952
0.27926366513544765
0.21282416446529193
0.3049906422057173
0.042759731003230314
0.034620141582570686
0.0
0.07126621833871719
0.05427473844624513
0.5136636985557953
0.4105296482051884
0.07580624891457552
0.0
0.0
0.0
0.0
0.0
0.15000459894674045
0.4438820350594642
0.0578500119270972
0.04249530936647346
0.06625988325891244
0.06738476054003761
0.011512581865143135
0.16060980145800982
0.13601963781266777
0.5780981691311925
0.036431194312999404
0.03620561391156235
0.07189320626710861
0.1011770986696292
0.0
0.04017436431861063
0.28615159169403453
0.136420393600645
0.16579457627134628
0.07852137918053552
0.0
0.059517261565613086
0.08457378109429828
0.18902044825423003
0.050694516096132146
0.02975116225727297
0.0
0.042074497078614825
0.1001977077916509
0.08577874634717941
0.4715326643722213
0.21997026929483773
0.15939893295102803
0.29993345205407734
0.3110351808900039
0.0
0.07946983488666783
0.0
0.05385121530004965
0.09631082729974834
0.12134061484589581
0.0
0.1814544099042425
0.2619044047328907
0.2124133884310677
0.11593077960116534
0.0
0.1069555439508124
0.43331182527654805
0.2841944705975618
0.2824923979306299
0.0
0.0
0.0
0.0
0.0
0.2157580490702933
0.05807193432928984
0.0
0.0
0.023464605780159173
0.08981152064514848
0.2773921458892879
0.3355008167658974
0.4906766259792535
0.40406582330271296
0.04818881795722314
0.0
0.0
0.0
0.028110145571407046
0.028957877301016437
0.2929895121398835
0.2678529455037008
0.09232406229275358
0.0
0.037417629070567344
0.027889453230234777
0.281525358384316
0.0
0.1834064188727766
0.08369215739260409
0.1447559385849477
0.19448237641750882
0.16821089602753128
0.11545417303363179
0.10999741024651381
0.0
0.5393792645365344
0.25015566996571975
0.09783855247756926
0.0
0.07645931033649501
0.0
0.0
0.036166384096006726
0.17885599614397252
0.29457322041118394
0.05458717741630742
0.0
0.0
0.035203291462166476
0.19173497054146552
0.2450447573034031
0.13483532062495707
0.04215572109419587
0.10254682058150565
0.24935775330898563
0.04186991200826726
0.25737926230075997
0.09246250160859415
0.07939148334702528
0.2409826679014816
0.37714186563721047
0.19462798117878957
0.04070643160901017
0.0
0.0
0.14654053569781217
0.0
0.10110129794803573
0.11236373075023431
0.1404952506436207
0.4424925952955843
0.16912073849987938
0.0
0.0
0.03442553049552113
0.0
0.3319057442046027
0.2612313840409941
0.010442907592402764
0.16309120165527838
0.0
0.1935625312313113
0.0397654056911289
0.39427761965836977
0.441559264129911
0.042462495436841406
0.0
0.015487320125144631
0.0
0.05089309534929988
0.05531948631966093
0.28480073849667176
0.3133703918664006
0.06321379165927095
0.0
0.028778173440743432
0.02275114262686976
0.06615245094742424
0.22093217340550497
0.18724366772103224
0.37292191692762716
0.12365628443570888
0.0
0.0
0.07228193923137713
0.0
0.24389540189414025
0.6813520687962302
0.16575080474530374
0.021260070695946855
0.0
0.0
0.04509942018556429
0.06464830266353846
0.02188858125644328
0.19490940606636126
0.45701942974628357
0.15994454757332385
0.0
0.008594000963768224
0.0
0.03659908778799837
0.1429329907371925
0.13122917528077713
0.10643652530497713
0.0
0.04899587796294065
0.2601060245966723
0.17771260465727218
0.16815642115692106
0.10736269158983294
0.6422534670085404
0.3454743587642402
0.0
0.0
0.0
0.012271890593066942
0.0
0.0
0.39878586376106057
0.3186119258675679
0.0
0.07749537536822318
0.10599878010618666
0.0
0.0
0.09910754411476415
0.3997003817960246
0.0
0.12825946364491744
0.20147628782175633
0.0978515905366497
0.07020651150912369
0.0
0.10250471146214878
0.05240396841232904
0.27685077374996575
0.11010475322184385
0.2034279267594545
0.0753307076430355
0.15098719842122132
0.07483063697283969
0.05606321600728563
0.12014655281316992
0.21730286488767042
0.03394939908375185
0.09305377669961835
0.0
0.26363045123378465
0.19600322586508848
0.07591316359362074
0.15990809610932372
0.2965810065525192
0.12054521491503792
0.12648112556003488
0.07441013887257715
0.08718771364702615
0.10635083492854899
0.02853498458260791
0.26429112917090586
0.42394829984899696
0.23559452976442202
0.03048462759310732
0.022527194528470747
0.0
0.013563166795829204
0.009590607065521367
0.24376735173897085
0.3603379938433138
0.02680053711207929
0.1155312141545021
0.11477910112825469
0.08105300798981259
0.0
0.05773012401964892
0.22439668486236
0.12429467517320107
0.0
0.0
0.1996088976189006
0.11922490735000861
0.13042660035374787
0.20204717886444193
0.07916956501101766
0.13550771801057698
0.2044512745508723
0.09544450224182634
0.04784615352402226
0.24485156359078633
0.13259967505563278
0.060128554663591745
0.14091508595686164
0.1010502705162745
0.10569326419243413
0.056529677964151454
0.25664518092903754
0.0
0.03866444851746433
0.30050141725205315
0.1890169945813913
0.4195769708666245
0.0
0.08018279156007715
0.03354341996430608
0.10161429042312523
0.09441676849733906
0.08164812654239255
0.20436448905912538
0.4467760563305676
0.16185190944984343
0.0
0.0
0.0
0.0
0.18700666583321612
0.6206314541582245
0.0
0.10780449594719478
0.09423264125900506
0.06714628515558574
0.027857001108115308
0.0
0.0823274819963597
0.2563431484539695
0.08911001022696509
0.2544831248810713
0.18029242406011475
0.0
0.0225921889727612
0.010429537657311408
0.1867488425894831
0.2838794621490885
0.06364140411327211
0.0
0.0
0.1246225935593379
0.09812030395348526
0.10999766461962336
0.3197378900806754
0.15749397499133821
0.42039322566287085
0.0
0.0
0.07100453325694867
0.0950588567868086
0.09770863543217642
0.15833993356022805
0.3410356771444539
0.3969924320288007
0.0
0.08773592603635257
0.08104052613776132
0.0
0.043073629254926124
0.050120796391143856
0.07765942366169862
0.04411818867316834
0.04645668494094069
0.0
0.0
0.0
0.0
0.8317653294305828
0.1324514490674249
0.43707606368775886
0.19564573087905565
0.1054137612247615
0.03693296425943284
0.04211005549819412
0.05036851547986805
0.0
0.37867072491093506
0.08306928336859318
0.15628900600685525
0.18306687937449376
0.07324778087230004
0.0
0.03718923183535832
0.0884658728351651
0.6341163300901825
0.22513381461292178
0.1094342019869545
0.03131524794940845
0.0
0.0
0.0
0.0
0.02525360282665509
0.09411462197201864
0.0
0.1185246566897199
0.5049065625399681
0.1184968349838215
0.06665732648341238
0.07204534227092972
0.27022849636647667
0.0
0.0
0.0
0.0
0.0
0.10786592393459006
0.6219051456604604
0.12958149114577533
0.42314129692651076
0.12990444912234603
0.0
0.04154354076388926
0.0
0.1653898192799838
0.11043827656933243
0.3502142785409945
0.08294100205726826
0.25498758679055944
0.0435368751405266
0.025565734492925665
0.0
0.12699815635015407
0.11575535605324795
0.3268949191107215
0.26344549983523285
0.09531402331534758
0.14674104752806472
0.05601326025300755
0.0
0.008650958920908879
0.10293969120064007
0.44582763122229774
0.30742723975423086
0.20861524984599025
0.029925879184874837
0.0
0.0
0.008203431186994741
0.0
0.14900380311427588
0.41595806046866945
0.27885500902808247
0.0
0.0
0.0
0.08372524627496981
0.07245736425209306
0.31932627524080287
0.18280903585703168
0.0
0.0
0.0
0.03231001942869794
0.2182709597926909
0.24728321348357155
0.08712605934557434
0.0939819523212445
0.0940395119221009
0.023204707851784075
0.07727478368094241
0.06059528366660595
0.08897656576504064
0.4748004948139246
0.2522539974872299
0.38948442549385176
0.14045638824591744
0.059498682245131246
0.0
0.03887056808292432
0.06660226092782345
0.0528333015151118
0.32111582269785377
0.28192874633102605
0.1349268914811959
0.04468327902168662
0.0
0.0
0.03591428502897133
0.1814302323674321
0.5562052921338928
0.19863580957801358
0.0
0.0
0.053918011992248556
0.0
0.0
0.19124045169920417
0.24975000994349192
0.0
0.1078643862799198
0.24458819904450096
0.04694081588661869
0.09858496556167393
0.02369358731233537
0.22857737371558626
0.44422624432931956
0.2029403040919315
0.06855935820573164
0.033852766372184484
0.033852766372184484
0.0
0.0
0.21656795765121908
0.3687499902721645
0.1925912220719244
0.3187347640297559
0.0
0.0858799093317433
0.0
0.0
0.03404346722519548
0.1794202806691521
0.21451261303036484
0.3165975997548313
0.0
0.2093678817414418
0.057994044373052535
0.0
0.022106240043423993
0.18917789278228445
0.17379389910057688
0.1497396744941719
0.18405629756480824
0.1392049449724405
0.07002375322440764
0.0
0.09400287093818102
0.03246180927127003
0.33717364405079425
0.23630704372283381
0.0
0.06502372680104251
0.15680365110246863
0.06203833363819152
0.11019088969651092
0.13775109465792829
0.08872750001901568
0.0
0.0
0.06361196260481018
0.3414205558111245
0.22890754804144992
0.1395804738570481
0.5083758857418577
0.24896778780383538
0.0
0.010676905822201013
0.0
0.0
0.02120903779685823
0.21076994401713942
0.30923929359075575
0.23357693691240763
0.12126574829348297
0.02868537662515175
0.0
0.0
0.052930158578688324
0.2543013521105152
0.2306826832384589
0.22275868026218623
0.26849021039575927
0.06024650469703203
0.04557588469778461
0.0
0.04986826470648517
0.12237710176870238
0.27964196324964596
0.12058861142693199
0.0326682830754373
0.039337821341892884
0.05229476644698213
0.0547863763434551
0.024501211626260812
0.3961800533831577
0.17540635045131414
0.24519379855398282
0.1673422692405508
0.08746000088313406
0.00682153305016275
0.0
0.14247862534499997
0.17529656978420516
0.0
0.114027272529514
0.47497268154428496
0.1465821354679218
0.0
0.07737544455972188
0.15640615762830323
0.03063488608140038
0.539584040533443
0.0904594776890007
0.024745372100207653
0.0
0.0627099787146948
0.05242801656707296
0.10075280166740401
0.12931939052261726
0.6844921358021278
0.30512669917259155
0.0
0.010380798008664316
0.0
0.0
0.0
0.0
0.15106524050622042
0.0
0.04786536293708012
0.11092496629146673
0.10334601900967254
0.0
0.15221123748111823
0.4345855221432434
0.24376170012150078
0.08937911924428665
0.07352616452874755
0.0
0.0
0.09461908187849848
0.26594965118879316
0.23276281603156118
0.32471910813109073
0.46357484032641294
0.0
0.0
0.06302042360672329
0.0
0.09369666622596766
0.05498834067983004
0.07568275863035494
0.2612242642946471
0.6630921007699816
0.0
0.0
0.0
0.0
0.0
0.2937027465641865
0.4245267736611243
0.2496834416842261
0.0
0.0
0.0
0.0
0.03208666649391417
0.28707343875834046
0.14309652534419762
0.2733659617035229
0.07204948595388339
0.08214904815748918
0.12064942328653402
0.021614843129088714
0.0
0.2253352479391439
0.2050694302762774
0.09168297849379153
0.04616578810765827
0.12210826124132718
0.0
0.16090737792743012
0.14872988371595483
0.2480438596366594
0.3383141255027194
0.14334170209357744
0.12013779815667791
0.03903867535488738
0.05622174163974894
0.0
0.05490144697116618
0.47040696592497017
0.17383688854149318
0.27102705518963766
0.0
0.015236984801607123
0.0
0.0
0.06949134369306317
0.23743776302826075
0.48444880974900423
0.03154647355358861
0.0
0.06425975161966288
0.0
0.08794355116449562
0.09436319929852331
0.6132137493651165
0.3104616447676209
0.01806083110909295
0.0
0.03407147728475302
0.0
0.024191523121655917
0.0
0.15341311687064693
0.049269079543837344
0.057320632126024014
0.03621012521422809
0.08746358525813216
0.07266629214379715
0.24634508725085788
0.2973113374790173
0.33295863211815474
0.5218980816620672
0.014817753822294798
0.013436216517114187
0.011895292392904011
0.051567299835562165
0.0
0.05342617142682821
0.6060985687562441
0.36820147766880706
0.006509050693904868
0.0
0.0
0.019190451559581472
0.0
0.0
0.4187432462811418
0.2632940951631466
0.059517933073617586
0.03869693091204529
0.15970462443769132
0.0
0.0600428023732129
0.0
0.31463005932261734
0.24853540034573512
0.013327383253598085
0.051813798134943544
0.02934667482538463
0.05953029397118326
0.09777043029703454
0.1850455332503747
0.33929380456740804
0.43871667672742265
0.05885225415816639
0.009938060562836722
0.0351121113096396
0.057476257183114936
0.013307739861383198
0.04730263426715858
0.4367580108123762
0.3615717014683643
0.18423091387671048
0.0
0.017438937869108842
0.0
0.0
0.0
0.2131697464995768
0.07454331282227877
0.23149132801304198
0.24698390867073663
0.0
0.08047630273009782
0.0
0.15333385364300495
0.28662947027293356
0.408095999441878
0.25359502167935877
0.04319049786890169
0.0
0.0
0.008488510546608735
0.0
0.030754309128281608
0.04789921162106136
0.04117035260493565
0.03870840986613192
0.0
0.04381494182847087
0.5867904144115962
0.21086159549744773
0.07160500252701202
0.21148810936561488
0.1832655764096175
0.0
0.163276573131063
0.02407035986099891
0.09014839474183349
0.2561454178766068
0.7993952383926716
0.17230501239662732
0.02829925866056533
0.0
0.0
0.0
0.0
0.0
0.3599069230813805
0.05770816966976466
0.11449069011994263
0.057514196577458127
0.05692829702861954
0.10282857793407603
0.18293249429726957
0.06768946938207793
0.20184520852018412
0.0
0.026744855539500997
0.0
0.0
0.0
0.06401630264660879
0.7073927861785794
0.2433710687925324
0.07923831906955668
0.08356908915071848
0.10219589118069751
0.056029955958966704
0.06437989564494606
0.16127421156922211
0.20994043619498878
0.2163777028737273
0.19210602021004866
0.0
0.0
0.05323950291058405
0.04893981354407645
0.05892533056391891
0.4304106887473497
0.4630605650479901
0.1584698310334216
0.0
0.0
0.13051284765434681
0.04610789270749854
0.12305863287036763
0.07878919968253904
0.5068046156787521
0.09911583571579187
0.18631919365666283
0.07011682683331402
0.13764278403950003
0.0
0.0
0.0
0.23246903422752416
0.5037507082771979
0.03948395582998667
0.02052673068215279
0.01741750736076497
0.0363734596758338
0.0
0.14997787821705016
0.39678512042661
0.08467575011005828
0.11608139701763284
0.03508416094896246
0.29633217667046524
0.0
0.07104000800313001
0.0
0.13409551129068434
0.0
0.048488211062905635
0.0
0.09693360817546086
0.04277037368989769
0.230538963232991
0.4471727202919295
0.0
0.0
0.16856936395811342
0.28898956440243645
0.14647879691955396
0.1388385443880677
0.19239290223556763
0.06472994788504248
0.11963024149773926
0.7154584865808286
0.11059682238755819
0.0
0.0
0.0
0.0
0.054314062993637495
0.322648972475646
0.21663488794184305
0.2627832489064397
0.05893255257676463
0.01278426543107454
0.011523581381236957
0.1146916922703878
0.0
0.28212989147925194
0.1854839598260588
0.26889457003673134
0.0
0.08922491506847985
0.0
0.1742657829918638
0.0
0.0627660955352513
0.12338051125979792
0.1324761701557285
0.1572934404226601
0.22225287204571315
0.0649562660337745
0.027312204275985272
0.2095612332307463
0.14131978966501216
0.3286941412498917
0.1838447816262001
0.1437156614686473
0.10361248518669315
0.0
0.05153522956093089
0.04727733792070058
0.3289272769787566
0.3604845652649649
0.1403532353293755
0.047811242518751976
0.0
0.0
0.12242302976098722
0.0
0.07014262008205388
0.10078978983449606
0.06393034408840244
0.08172518677280674
0.10150141155027496
0.0
0.3127749994227161
0.269134923239155
0.20497657964125018
0.35035896261643956
0.07279321908362003
0.1889622080786399
0.0
0.04946376527717354
0.03288462607359964
0.10055972007607067
0.11988681455266785
0.5845125578488074
0.1599194717435795
0.0
0.0
0.027625176332236955
0.0
0.10805532983320279
0.0
0.40253463498231745
0.29664698494116376
0.2671209265341659
0.0
0.0
0.0
0.033696886867884995
0.08183118240486338
0.24110622119684388
0.3301417042013674
0.16735138911717828
0.05825543991463454
0.0
0.04315546926273391
0.07815787464458618
0.4206006710128473
0.4160641797039077
0.0
0.0
0.0
0.0
0.059831157755699464
0.10350343029296778
0.21527708657850222
0.18080715733987762
0.22732924899618423
0.0
0.11090517990956522
0.12729499699019536
0.13838576635912683
0.0
0.014493586376477548
0.25803720572834604
0.3251784410630068
0.0
0.0
0.08160797018290389
0.18462563326815962
0.13605655948166026
0.17183838166980256
0.05987375126879692
0.02650358410599727
0.0
0.03549010271299107
0.0501905855844301
0.2629655382238668
0.39313718641137485
0.339568295270364
0.24460303770183064
0.1108659609731503
0.12655705238159667
0.0
0.03931510723829826
0.07021523400351842
0.06887402184966596
0.37001653854981204
0.1081437138431265
0.10197298969630117
0.13498406170933872
0.03314956948364583
0.07652287765358749
0.027434781866098115
0.14777449723212002
0.436325791951576
0.17151349747850528
0.0
0.0
0.10004638479132098
0.02170358850532998
0.0
0.27040952400583257
0.0694596784126825
0.10231486056570772
0.22960493459023887
0.13066748294456623
0.19717560405247112
0.1152142832437106
0.11369039258619573
0.04187186926560705
0.19238925922562305
0.34414440436953064
0.08981647205879889
0.0
0.0
0.0
0.07159267974681989
0.3020561922580003
0.26769328669064685
0.21995002059125746
0.03883106086034042
0.012315735826867812
0.0
0.0579971447948746
0.15017190900447588
0.25304009548033923
0.32030763461762585
0.07209558783950322
0.059790674471680544
0.0
0.057389294725358024
0.0
0.0
0.4904157960448215
0.12100336082851097
0.11942130787300743
0.04036543607229086
0.220163578047257
0.10193812133867354
0.14437231807188533
0.08754817042034099
0.1651866879668205
0.7423030209484573
0.09566253832603483
0.016904466818546918
0.02177027843875011
0.005280068155194698
0.0
0.0
0.11807896730448202
0.523378578319347
0.4121177848692415
0.0645030426886175
0.0
0.0
0.0
0.0
0.0
0.46861923519717313
0.14589366386529143
0.10192949733126858
0.0
0.12268794652765184
0.05912084332297699
0.0
0.10174831323454102
0.5782313809443639
0.11809045126383928
0.16509944087479972
0.0
0.0
0.011602389162286052
0.0
0.1269755332737673
0.08845657391204419
0.034288656398848386
0.3182891448308302
0.07118794506542356
0.031836218550798726
0.07171183598099633
0.10711894661782154
0.2771095530629878
0.18513918330327006
0.11759505243228592
0.10874796365155724
0.1370053676927441
0.08516487013218578
0.0
0.21725076007433378
0.14909588269403978
0.0
0.028344994186379518
0.1350136659570608
0.15621899581117465
0.5865174771818903
0.060921753516334574
0.0
0.032982446728962556
0.6930553827962884
0.13072540186883455
0.0
0.05532768287105155
0.0
0.0
0.06593325757954221
0.054957682535763726
0.33337885961001423
0.5774370101119412
0.07295407762049054
0.0
0.01622929923126712
0.0
0.0
0.0
0.37963264632414895
0.4993433446687691
0.0
0.0
0.0
0.0
0.06969962810856319
0.05132336782598615
0.12697461593730253
0.14304091573383096
0.054734028357160666
0.010042369214879434
0.07738084608588754
0.1324054966517632
0.06889009006132148
0.38653102904975933
0.5885932918246809
0.0
0.11716817746836927
0.0
0.0
0.15289472502996304
0.09439743887500252
0.046945841931508935
0.19385411600623903
0.14753939061094146
0.0
0.08776282678604569
0.22789265107505396
0.1713497775496551
0.04279317590761991
0.1288072646607005
0.5058242523723626
0.2358895872385897
0.035626356667766854
0.0
0.1594534028321554
0.03232401165470768
0.030881727212839327
0.0
0.24397783109408397
0.2744294835529232
0.19147739234442138
0.0
0.045054874183476534
0.03669318697027558
0.05572999191314538
0.15263643539035274
0.23551311933960895
0.1673026601248803
0.27728350897341403
0.0
0.051281959583030695
0.10920615027549925
0.0175466339037312
0.14186521549409867
0.41287982428076825
0.07616177462737922
0.09327738480457114
0.0
0.036108284126208395
0.017301552501444387
0.21241220365127095
0.15185833121757247
0.3604232152042338
0.2676767750637844
0.06542595032612963
0.02909636656368467
0.052748086170139125
0.02318291182874165
0.0
0.20144614962705568
0.6161729714366956
0.2338586394680388
0.09588645573381868
0.0
0.0
0.0
0.0
0.05408126482484585
0.2158158723870459
0.03759221835835647
0.07526096740812874
0.029888162357296095
0.0
0.2183277564505012
0.07360972701688377
0.34950461953499096
0.22186950317094062
0.31530373827109665
0.35681550556966957
0.0
0.07583725072909887
0.0
0.030172956200148232
0.0
0.6706590440611558
0.0734371225929494
0.136671651068741
0.0
0.040451199812575674
0.0
0.0
0.07878020455686086
0.768204812143685
0.0
0.0
0.13920640266368364
0.0
0.019155377913010446
0.04283375354115535
0.030599024932402276
0.055471518578679255
0.1049352379393802
0.07445701444321287
0.08813995771572479
0.2387068811418372
0.08821411035717026
0.09687028153432128
0.25320373757333603
0.21173000951189566
0.33891096528929043
0.2098999719228192
0.032773635215390784
0.0
0.0
0.0
0.20668442446380647
0.5432125282582417
0.25304378284850376
0.06395920806861298
0.05230817672065614
0.0
0.0
0.05814851548424174
0.029327208989919373
0.1739406668236102
0.04937622770475117
0.0
0.0
0.020763233332740386
0.19117659748954335
0.25530643372240763
0.309435877018058
0.0
0.018388695192608422
0.09979891649222475
0.05815016047823531
0.13558232649987303
0.2052145713106654
0.40704474502121435
0.07581852908663353
0.43989265337069305
0.028227891254059886
0.0
0.07658376180508808
0.0766614382285341
0.08024920790854875
0.1444199077952076
0.15396423608511653
0.10572497272071735
0.20164688694889493
0.1369152092560565
0.1426778332233111
0.11476136664180861
0.03472028491170849
0.17065207147139408
0.09290055827368363
0.3029966524587918
0.22166623912315928
0.24533397356346706
0.14757185044288607
0.0
0.035251333345453814
0.0
0.04717938803498767
0.6885984801531412
0.1950280478881563
0.0
0.0
0.0
0.0
0.047578009563610794
0.06879490841287957
