0
0.04467270257509474
0.02196197549823242
0.01926865670004181
0.03575034850478864
0.04231491543333903
0.08982531931401583
0.04147646198349258
0.0948673128788808
0.033167963986465945
0.021735434744312172
0.026646896356481865
0.028118009598708138
0.028416116873297627
0.0442065048665415
0.025711176125108384
0.03242956573472127
0.03251456135475707
0.02696680649441128
0.03448138907854592
0.04221520931944966
0.05349303891288536
0.0675990466243035
0.05074108460982069
0.061419413153931283
0.04103082885212895
0.09384803554227734
0.032811599365536424
0.02150190398051384
0.026360595662146193
0.027815902908167083
0.07900867313203154
0.040657396924360906
0.030523061181082174
0.014129525051337017
0.017364049795323307
0.025216888789812122
0.03411091270100544
0.041761638908171944
0.05291829677488928
0.06687274613039026
0.050195910133934575
0.060759508135485016
0.11141613957339261
0.07472588834459667
0.009259945886719476
0.015685594946917635
0.008462513299772503
0.0235623556608636
0.07362598265742337
0.03788749617205481
0.02844359086266868
0.01316691098772056
0.01618107453793962
0.023498916550722008
0.08109285650933401
0.02350692639887634
0.03541424657625007
0.02748413977647428
0.038752799165538566
0.07262619191950023
0.10382559831474975
0.06963497475936367
0.008629085747649192
0.014616969197840148
0.007885980522746748
0.02195710319493348
0.055404755448037524
0.174738860070941
0.017738334617067416
0.008580210368465438
0.008019147191666801
0.037287766149884986
0.07418572641022277
0.021504710595212025
0.03239781801529528
0.025143162565042405
0.03545200749210314
0.06644021478434692
0.13391271352261844
0.03591517602042684
0.0212966834495349
0.007710243264459306
0.01576997486221064
0.04162846387934033
0.050685623942971
0.15985537844464684
0.01622746189392502
0.00784938607833931
0.00733611177620589
0.03411175949542897
0.06871957737095923
0.032662778603772195
0.006782097642935468
0.009734612564308218
0.021533437606345993
0.07314480442733007
0.14327645472604839
0.03842651646514203
0.022785837295104108
0.00824937596250363
0.016872677955217526
0.0445393014854847
0.09992225426106265
0.041695946363966875
0.01656414912737338
0.011313054354824032
0.03342492690444522
0.04683928171993606
0.07352473978746166
0.034946697716343934
0.007256330488154556
0.010415297693972503
0.023039146300180904
0.07825939736638908
0.0537165014569468
0.07326922782816712
0.04082124101656023
0.02941449964755652
0.021083220651346553
0.030343842869057478
0.08946849585358448
0.037333761452472844
0.014831225721236041
0.01012949481695556
0.02992804712295247
0.041939006614044816
0.1432173271086207
0.113610951291936
0.019569643615296173
0.009843520819326606
0.0038131494322979982
0.01853064694695295
0.04809673904387352
0.06560388028289457
0.036550566834554224
0.02633718643773805
0.018877516859227284
0.027169302774326904
0.05498581402253532
0.07208274747595726
0.032632323755202815
0.03508823255348705
0.02453332531877465
0.02582702171675832
0.15355337971614696
0.12181029974405405
0.020981992735349442
0.010553931710843067
0.004088345974003451
0.019868011255881408
0.09788482800594159
0.02846150891692536
0.01444117535394872
0.0073174014600686154
0.009526755407776347
0.022472553745895338
0.05895416253090774
0.07728498860870409
0.034987411801105206
0.03762056453384089
0.026303905361370256
0.027690968353310714
0.1339706614593363
0.058050424020237426
0.004452726003182202
0.004898147951290618
0.0067043854781626095
0.01812139253714549
0.12672168238577872
0.03684626480593804
0.018695543259976348
0.009473106737805813
0.012333335998485427
0.029092964417446104
0.056094105810756585
0.03017389058347599
0.06953465820628547
0.025896094763834775
0.04799247537672431
0.02860152280477127
0.17343839649421666
0.0751520694770571
0.005764498358130666
0.006341141539568582
0.008679496347523637
0.023459951825637187
0.07785569057184531
0.05714389617023652
0.02471358098733575
0.012263630126760879
0.011322507169395837
0.03240939566368858
0.055025189626745644
0.029598903969230542
0.0682096219937978
0.025402624827989287
0.0470779419707726
0.02805649886381533
0.13386953145611946
0.031461588431979624
0.008941659286030669
0.027223869472732646
0.019495150241143556
0.044637886437649044
0.0763720907093151
0.056054975426230405
0.024242644757933147
0.012029937254261162
0.01110674811624722
0.031791809786559086
0.1200187604898791
0.07883043801881229
0.019961692393801
0.0071106775250494945
0.009428561342491608
0.0340510993919021
0.10337269613064462
0.024294319890351464
0.006904658724241409
0.021021996236892642
0.015053957535957849
0.03446892373822816
0.09031369771272209
0.06927993629638302
0.010107296245283715
0.005932031682940974
0.02902794319871971
0.061086431725901315
0.09267727109483175
0.060872065708509615
0.015414216660302385
0.005490793155729275
0.0072806395600630465
0.026293914022603906
0.09606641663383118
0.06478921413096717
0.02602743370258669
0.016689276797200548
0.04489780878736919
0.07263698479134789
0.07980040437025249
0.06121515419269466
0.008930719789916847
0.005241492033042474
0.025648840253035578
0.053975444220750415
0.09044430233521168
0.05178171945737398
0.0468425724378147
0.030530173168700363
0.006249302753637034
0.02722978152613377
0.08488345719345941
0.05724719081847263
0.022997615940752007
0.014746501037971229
0.03967131661430838
0.06418141328930352
0.04203559841602815
0.01362047918285861
0.02204866455665593
0.06839267262500132
0.04262201184996498
0.039663104928279375
0.09860101879949353
0.05645165214236911
0.05106706830950309
0.03328353584288579
0.006812895919207044
0.029685498487383888
0.12125779404164234
0.046378179320669836
0.011335124455468524
0.0068946632016551775
0.02017751742574601
0.026545106066059625
0.04582657749191483
0.014848841654940815
0.024037122652536293
0.07456066358112594
0.0464658766023174
0.043240120756141885
0.1022919889392771
0.05651103660604593
0.011478425875288138
0.01028066966721245
0.0066744725213443434
0.055294076588241814
0.1211804115235453
0.04634858237534394
0.011327890772221688
0.006890263266754565
0.02016464083402099
0.026528165900136444
0.06977047350987171
0.10408912948491823
0.027886080649590486
0.011409252972512727
0.008825123906490248
0.009141140544226038
0.10222670974013089
0.05647497322267819
0.011471100742045857
0.01027410890043568
0.006670213104498167
0.055258789826544835
0.0987707748071856
0.1228024024809758
0.03557610834975277
0.0038245651669297736
0.005596404203295893
0.027492620710984024
0.06518704248719324
0.09725120333644129
0.026054160630699368
0.010659745030411654
0.008245375129433926
0.008540631689328537
0.05021531558545272
0.06851925781396137
0.055352759237130164
0.056609645819660284
0.021334010661968387
0.021381486799254685
0.09228222727968187
0.11473514547560214
0.03323900741760336
0.003573318045439605
0.005228759677604016
0.025686548251928298
0.05661153875052968
0.02747977175237206
0.03095999670985113
0.043342135637999275
0.04191741243750759
0.035593436133946034
0.030739606557447736
0.04782112112419983
0.027813491960886522
0.03508122154617728
0.03517316697034119
0.02917179097500071
0.03730081553911391
0.04566700408103969
0.05786698362328047
0.0731263918344277
0.05489001133260921
0.06644147065411751
0.028991142198176806
0.038995295263150986
0.052037075908253884
0.06040096644779266
0.020208672135670003
0.014541637066778247
0.015201284638748412
0.02718294819770451
0.07626933147585117
0.06118557538303104
0.05405695092820509
0.009835947579632626
0.028502688329974952
0.03489554760325997
0.044217923253731334
0.05587810145777396
0.04194312812816636
0.05076994974154593
0.09309805131938888
0.062440097230343744
0.007737504823605004
0.013106703651146965
0.007071179278781771
0.0196884347718383
0.011615764213496724
0.020771317977125153
0.05827971728693672
0.04675376021213261
0.0413065613206156
0.007515946883205869
0.1717355935191259
0.05081655869904066
0.03065466383798755
0.030758273315942813
0.030221884975886206
0.04022057437048085
0.09141437451381404
0.06131086904613714
0.007597572169592363
0.012869669120109652
0.0069432971118511
0.019332369736172902
0.04878171805973271
0.15385072521535076
0.01561790916937671
0.007554539311706355
0.007060545150321449
0.032830418268101264
0.1686297579897891
0.04989754202781966
0.030100274720758366
0.030202010422921345
0.029675322657625815
0.03949318591052097
0.09602789493485722
0.033069586834368794
0.013697015031125937
0.01626649111546915
0.008679807599595536
0.019097031419059593
0.0533997718887976
0.16841542196947434
0.0170964209584308
0.008269710293436183
0.007728950833097973
0.03593839897938247
0.07239941960727693
0.03441182708253145
0.007145269977692164
0.010255888157651268
0.022686524633776267
0.0770616117040383
0.10511863641628565
0.036200209087546724
0.014993680159520906
0.01780640267596932
0.009501505159976177
0.020904903765018617
0.1563419200578383
0.051203981779554
0.011705212890742158
0.009794323824806146
0.01908843514893708
0.03253149362441256
0.06308761922763158
0.029985879109059033
0.00622626637169841
0.008936805991550334
0.01976865057009526
0.06715017389121886
0.04609123677217399
0.06286837817703178
0.035026508316746224
0.025238997906019165
0.01809037611542983
0.02603641727070261
0.1362336821956285
0.04461827626477829
0.010199722840806908
0.008534606705457408
0.0166333367706506
0.028347388609131642
0.06073410850708694
0.2201636309683495
0.04657088548574905
0.004568583051139401
0.002592954393286588
0.012295445367166152
0.04241570929722989
0.057854964186059
0.0322333332430133
0.023226323984896817
0.016647766216003636
0.023960153457244893
0.04849106923702106
0.06356856874427302
0.028777900240413053
0.030943725111689902
0.021635529050447442
0.022776418254717486
0.055890891008119725
0.20260676915950865
0.04285710861355443
0.004204263199862067
0.0023861802691529615
0.011314949931839135
0.062196550463391904
0.09119758899870792
0.03672209306752471
0.030700264843947906
0.018757161215088847
0.028634654596940007
0.057341092052934375
0.07517036042702396
0.034030106012095454
0.036591211907850904
0.02558419276819099
0.026933303726427032
0.13030503193230633
0.05646208112465667
0.004330893030684764
0.004764127595173603
0.0065209438716075565
0.017625565235619305
0.07354793741635028
0.10784190631515636
0.043424180000422606
0.036303318119500126
0.02218049890030048
0.03386071684914627
0.09326890043404408
0.04176543446125492
0.029501947075883495
0.01593617671015869
0.006519801955441933
0.020190196859182555
0.16476805821037824
0.0713951512959187
0.00547632600522673
0.00602414228585608
0.00824560067627947
0.022287168159722644
0.07396361598960446
0.05428722244246129
0.02347812729486354
0.0116505604493643
0.010756485058005286
0.030789221413586372
0.11793662445758891
0.05281154100072508
0.037304611042526394
0.020150970786718302
0.008244156746551977
0.025530092599194577
0.0908096124756284
0.07977700519503488
0.03910993024607968
0.012043530431667105
0.01644821113697384
0.016711939487672602
0.0722859336250559
0.05305585057815381
0.02294558383294363
0.011386296195359295
0.010512500701036017
0.030090843797881173
0.11359736356510025
0.07461275129877941
0.01889367644672959
0.006730232979496158
0.008924102418214766
0.032229254006830514
0.08874982019338973
0.07796746042195321
0.03822281785474129
0.011770352621986306
0.01607512399968798
0.016332870322641357
0.1208090569245077
0.059148384138395876
0.019305981914676678
0.012958295008246974
0.020385105709335164
0.06301024848987583
0.08930064438732914
0.0586542377515137
0.01485261126303998
0.005290740234489971
0.0070153749304965015
0.02533591503013624
0.09256630895621144
0.06242866781569129
0.025079143720267514
0.016081215542303788
0.043261990873561085
0.06999051085117376
0.09496986807269962
0.04649745955592564
0.015176730968080442
0.010186716118058565
0.01602504687271389
0.0495333308499454
0.030881325475998495
0.01646347086569243
0.020814554903698483
0.04508605448085786
0.06525381251971178
0.07925419488705446
0.09097331996429174
0.06135432249791858
0.024647552568760573
0.01580447123193384
0.042517488084077334
0.06878603252010518
0.045051392474227195
0.014597664276858041
0.023630519795234683
0.07329942365267755
0.04567987744315711
0.04250868726039198
0.030349883614549465
0.01618014825994561
0.020456353769752595
0.04431016107766433
0.06413084881729317
0.0778902962781312
0.041953139545810085
0.04174271424860471
0.03227598668365251
0.027139326011906176
0.02251128959694072
0.032209028510298505
0.04631878240971127
0.015008327117005529
0.024295295761390907
0.07536148981117269
0.04696494797585425
0.043704545577874204
0.10339066623011284
0.05711799902064426
0.011601711051131247
0.010391090223260638
0.006746160357933983
0.055887968122615005
0.043133369143657396
0.04291702414254937
0.03318397772308776
0.027902812038736267
0.023144579275750348
0.03311513587621455
0.1099335744943218
0.10898374501722051
0.018116936288106414
0.012571521845241036
0.00866381226761375
0.041544454392647666
0.0933228945594127
0.051556075556999585
0.010471982593900276
0.00937924720500796
0.006089246106250532
0.050445820173345125
0.0901679671224316
0.11210647087740254
0.03247747498474824
0.0034914504508294364
0.005108964581797642
0.025098048741814108
0.09922868045205495
0.09837134158992149
0.01635278112234588
0.011347357071900573
0.007820164703586917
0.03749902073543449
0.05247619466519257
0.06035152288212612
0.027172688789083632
0.03561657309216102
0.027469578495354093
0.036578386800622344
0.10358138975997273
0.12878347405570428
0.03730883707566781
0.0040108400080035396
0.00586897618417558
0.028831644450969342
0.06354313320222055
0.030844432696351277
0.03475078117102007
0.04864900617258578
0.047049837909308535
0.03995154527331941
0.060282574246739114
0.06932943942024672
0.031214908776492904
0.04091490866556202
0.03155596391350368
0.042019802163685845
0.027035362439964666
0.05235270097134734
0.027092139858756387
0.021390989729509223
0.01253071882890195
0.011106516465388476
0.021176455397490742
0.028483946069017958
0.038010258769876216
0.044119626719207175
0.01476133783202383
0.01062187638714329
0.011103713125082085
0.019855667850064616
0.05571060585175462
0.044692740948649064
0.039485667809510135
0.007184625696646276
0.01913567909726232
0.1433044052582681
0.09429593661740758
0.050499479261699017
0.015261457988298604
0.007392550068408341
0.07099338398271703
0.05504839643477826
0.05736026618676999
0.029880149668582153
0.04620000573947046
0.07542169669462155
0.010246236135926236
0.01832232687718838
0.051408390725005505
0.04124137323822052
0.0364364129191235
0.006629797672797592
0.1514875312375764
0.04482515747354223
0.027040401180535537
0.027131794838114787
0.026658648044519274
0.03547846658626958
0.06551096630299735
0.0507973199974624
0.05293065711879922
0.027572674638858475
0.04263224049065679
0.06959730545988747
0.07212410123239633
0.016817924508778236
0.01740297522020009
0.003423562086544776
0.018699655136022314
0.08558401578113724
0.1695370164972847
0.05016599980210289
0.030262219626828957
0.03036450268541588
0.02983498124496387
0.03970566637264436
0.09654454232660535
0.033247507175075575
0.013770707442017237
0.016354007771055553
0.008726506529737122
0.01919977689191914
0.08071756692180836
0.018821752005603817
0.019476510527996784
0.003831473766878888
0.020927687680891868
0.09578120771296472
0.042141457356067315
0.09094105095917378
0.04062187842945432
0.021558203350166987
0.01096900344551753
0.016498700624134513
0.10784960309090598
0.0371406851820127
0.01538321375928537
0.018269010391982355
0.009748352863059662
0.02144801008245907
0.1604036600887237
0.052534253676290325
0.01200931259573986
0.010048778913626547
0.019584349879565397
0.03337665703208906
0.04707608881866048
0.10158996059494406
0.04537857200257679
0.024082600824840445
0.012253439079961735
0.018430646320835437
0.11617409209120849
0.07543888867193456
0.0112471078584184
0.014181425151326426
0.01018096307726275
0.026170246567662994
0.14219569361866607
0.04657091138760249
0.010646094568478374
0.008908107750492679
0.01736126353759687
0.029587958870296846
0.06339202278240758
0.22979867908285206
0.04860897288654545
0.004768518514227567
0.002706430175949432
0.012833532458030466
0.10298677471755205
0.06687556315481592
0.009970410290183794
0.012571643220476734
0.009025287238936126
0.02319957263320552
0.05282747919320725
0.03810826234785098
0.020383690534951086
0.017701283328103376
0.008700345877983231
0.020271429683207224
0.059620327897662515
0.21612613063944605
0.04571683904474959
0.0044848014769962585
0.0025454031507417584
0.012069963690217045
0.06634674570123102
0.09728293933960214
0.03917245172305865
0.03274880438523236
0.020008772125505198
0.03054536196350587
0.049684352908518144
0.03584089917098449
0.01917090290098025
0.01664809340212173
0.008182693204930985
0.01906532133886456
0.05405898283064447
0.0719529933460574
0.029857480226239318
0.015013198568215482
0.019062631002112317
0.034793842108562796
0.07537083064768146
0.11051477911052653
0.04450045279038231
0.03720309961167543
0.022730244858287306
0.034699958216350246
0.09558057977227558
0.042800595071565965
0.030233155883701988
0.01633115649720283
0.0066813959208432356
0.020690612975347713
0.06141176024310753
0.08173960634784866
0.033918514946191664
0.017055203458818443
0.02165541531500906
0.03952629105511647
0.054946544189218044
0.0664485725549873
0.01885705903630518
0.013661309250326987
0.012899830912378596
0.04054295425196376
0.11915287961410753
0.053356175115540916
0.03768932550888548
0.02035878343389997
0.008329176969915647
0.0257933789778999
0.091746112565765
0.0805997283684878
0.039513262582846556
0.012167732782358187
0.01661783801668876
0.016884286141401174
0.06849758581280538
0.08283627055870066
0.02350762979867093
0.017030492390332472
0.016081216533809225
0.0505417497853026
0.04340230092165201
0.04407310870431148
0.019157380752987417
0.012294280749826931
0.022196489667186254
0.07817271815337304
0.09363901686779048
0.08226266065307297
0.04032849957369474
0.012418777247191641
0.01696069698032719
0.017232642458414365
0.12746438578112648
0.062406848013539164
0.020369541732235708
0.013672162965637426
0.02150811408077987
0.06648146112668532
0.044297776488243554
0.044982424366162836
0.01955263552105049
0.012547936150266647
0.022654447280929982
0.07978557640268007
0.0767694976177045
0.04339161580696954
0.020382343980666726
0.011733127403344921
0.011732873696686517
0.037424839728959915
0.10457201264544078
0.05119869098839856
0.016711208880438394
0.011216667226469012
0.017645295694571374
0.05454151095636086
0.03400365214482592
0.018128047542796753
0.022919057831401555
0.049644582592198165
0.07185144769023949
0.08726737056840998
0.06298183470203032
0.03559856009241757
0.016721711868207204
0.009625878943942843
0.009625670802541397
0.030703406205640476
0.023340376313360552
0.09557935259942937
0.05477301790867872
0.03383116910623788
0.04760740198266601
0.03991199425170115
0.03025446661168321
0.01612927948982105
0.02039204103659451
0.04417085435674746
0.06392922783372929
0.07764541696598581
0.041821243065180036
0.04161147932409268
0.032174514205108015
0.027054002681485733
0.022440516350780246
0.03210776654156354
0.02076690565087251
0.08504093382880173
0.04873383701495723
0.03010100126302544
0.042358289857188626
0.0355113648484233
0.0887413139656054
0.019175310293392422
0.022011411792449764
0.014146176980002555
0.046018743605570255
0.0976638308469038
0.04112388891840164
0.040917622912053135
0.03163801578332406
0.02660288694282908
0.022066328832999495
0.03157238111299903
0.10481203290311723
0.10390645370345761
0.017272911674774728
0.01198584479169936
0.00826018603176108
0.03960899789508026
0.08726158455660553
0.018855568909138996
0.021644379438437986
0.013910294580173092
0.045251397650959084
0.09603532168649444
0.06650370786759156
0.052798313932842574
0.03564885706833808
0.026059092302996106
0.01411040009817126
0.04215346000945726
0.10613891759789591
0.10522187407351463
0.017491580862850756
0.012137581510925094
0.008364757178012005
0.04011043433922483
0.05613061139224969
0.06455437364390407
0.029064981648036125
0.03809689395572355
0.029382546609355242
0.03912568790402389
0.06734562219432833
0.05346672263294255
0.03610015947627872
0.026388991550047557
0.014289032965112915
0.04268710847871475
0.06954890205044752
0.0300807632580015
0.04239918839791268
0.02985676951855979
0.024080824360682845
0.01793560311376454
0.06986097704133666
0.08034531431591269
0.03617469978067419
0.04741594947876389
0.03656994576003495
0.0486964014214698
0.03133105807645157
0.060671112445220464
0.03139685695780723
0.024789841194705602
0.014521746480737225
0.012871250133112948
0.08656157716584868
0.03743895637743382
0.05277064784736826
0.037160170504620386
0.029971344976841143
0.022322913046449386
0.05738087222429857
0.06402050714028573
0.029495809766107488
0.0448182210658922
0.024414731513419895
0.018999006559757513
0.016972981495641835
0.1271082675628964
0.08363869289334237
0.0447920725829371
0.013536621444961752
0.006557050569198334
0.06296977423832545
0.04882687514267104
0.05087745941101319
0.02650312146405144
0.040978521772282686
0.0668976029468882
0.035266995918168405
0.04092035196215708
0.022997471430782773
0.035896913259342446
0.004623783449012746
0.003980194143720519
0.11975228093783676
0.01423539315155787
0.008774848426298025
0.006464936932395763
0.02331734571288918
0.09411038057934014
0.06632272924937496
0.05142676243246643
0.05358653427343819
0.027914334621415113
0.043160507361142415
0.07045970326789348
0.07301780920566077
0.017026319663385768
0.01761861988608925
0.003465984309926834
0.01893136729058365
0.08664450895860001
0.12612873718707557
0.014993385908862776
0.009242083260121662
0.006809175782634522
0.02455892569468339
0.09912148115850059
0.03488590881597522
0.09360078521317194
0.012966920310662846
0.012873566894522006
0.006917623658563404
0.028326159691170635
0.0829779310034308
0.01934882453527861
0.020021918504372876
0.0039387679534184945
0.021513733511424944
0.09846340453659456
0.043321560277741755
0.09348770707099933
0.041759428016633016
0.022161905745758697
0.011276172533300597
0.016960719880987997
0.039644582139826114
0.10636856380351932
0.014735695723691362
0.01462960827177054
0.007861234196046984
0.0321900389783798
0.144670354232105
0.0779230096696795
0.02504920397877844
0.019063250417489443
0.027011442843956256
0.015620867280976026
0.04368384763900855
0.09426952135673819
0.04210865165694428
0.022347240214365075
0.01137047234074261
0.017102558134538287
0.10780273947696456
0.07000286135696622
0.010436656026358165
0.013159530266010208
0.00944733623897034
0.02428445294469572
0.14588019618036951
0.07857466028831384
0.02525868419955359
0.01922267160746142
0.02723733277703361
0.015751500682719667
0.09589703745553939
0.052646533191007414
0.0036378985339948974
0.020364137098761056
0.013767637738866526
0.035745767073918924
0.1162066956513437
0.07546006014226046
0.011250264291585281
0.014185405082991062
0.010183820303309872
0.026177591089942987
0.05960869066410788
0.043000038175809975
0.023000247640948157
0.01997351261837834
0.009817167770105033
0.022873576399248068
0.10337286324567486
0.056750688241397056
0.003921497448037931
0.021951659981179136
0.01484091866608161
0.03853239254713309
0.10750242646675713
0.14162211264985483
0.017906710525448604
0.014273188346652676
0.012974216143118663
0.03461417450116609
0.0598588026833412
0.04318046197400854
0.023096754346870616
0.02005731945118255
0.009858359610200453
0.022969551605490073
0.06512927706796996
0.086687654745303
0.035971747901698214
0.018087627957947265
0.022966310336813376
0.041918986712106636
0.10795349574300733
0.14221634466817815
0.017981845266330326
0.014333077197062007
0.013028654637931616
0.0347594120660602
0.06619209354987134
0.06253185337751761
0.02748470903789487
0.022215160451595294
0.023379152073007958
0.01814126578956642
0.06925781935366396
0.09218278173542946
0.03825199557199704
0.01923420197556385
0.02442214383659186
0.04457622961430812
0.06196659754581908
0.0749381424030856
0.02126626533920883
0.01540669872428669
0.014547932765411947
0.04572278323452732
0.0703880077301264
0.06649574507867181
0.02922696365181487
0.023623378589993662
0.024861155594041243
0.019291239907198266
0.1415385993415697
0.05992835369118087
0.0199869700267855
0.006629363659813532
0.007200015522960375
0.009056528174836324
0.06558523373719528
0.07931427220452902
0.022508142099587174
0.016306396945608426
0.015397482008061614
0.04839283653317051
0.041556939808913396
0.042199226463200505
0.018342855146907068
0.011771557596375323
0.02125274848293268
0.07484900279510857
0.14980396678691618
0.06342796345103821
0.021154140340459714
0.007016495698932791
0.007620471668395664
0.009585398274529124
0.1109242801638768
0.07282552650756584
0.02539028270126288
0.008483340626528559
0.008730911183996985
0.057560436767315905
0.04747366941971344
0.048207402568461316
0.020954445766749652
0.013447550191498348
0.02427863938919432
0.08550573818546778
0.08227342409359137
0.04650254228796312
0.02184363949720731
0.012574324396476355
0.01257405250052614
0.04010798306885512
0.12671728552038575
0.08319416652511107
0.02900526104605728
0.009691168558861504
0.00997398733371242
0.06575568748110196
0.06831010106727924
0.07194578345160176
0.03913911380117064
0.00316651026001746
0.011264351008944988
0.026093067472745507
0.0636910302937563
0.03599941125861139
0.01691000368916082
0.009734269417891867
0.009734058932751706
0.031049136374268135
0.023603196411710707
0.09665560666291022
0.055389779599254105
0.03421211888495728
0.048143476547330054
0.0403614160653751
0.05288148347267504
0.055696005408883094
0.030299097311732165
0.002451317702139636
0.008720168502213875
0.020199649755346858
0.21716246599022246
0.04017976641943827
0.007911501083333336
0.004948531349599288
0.006426793708369995
0.08763963379044935
0.018995794140155904
0.07778819337153714
0.04457755773340951
0.027533828728161076
0.03874575094544252
0.03248276790183598
0.08117298552597596
0.017539938449693454
0.020134162218144836
0.012939716214825238
0.042094021844958925
0.08933454299335383
0.17477181594235994
0.03233657671570764
0.006367156519701569
0.0039825658005564575
0.005172267693577073
0.07053216068549283
0.04984538029597297
0.05460768199290651
0.00864047895629298
0.01363071062954841
0.03657915622456023
0.04019472299137039
0.08713540224936282
0.01882830331223953
0.02161308115580587
0.013890179966469128
0.045185963063785715
0.09589645234864352
0.06640754193911838
0.052721966326912395
0.03559730798109304
0.026021410241546607
0.014089996127173576
0.042092505113104146
0.053506683710335894
0.05861879177567661
0.0092751499110848
0.014631930142205846
0.039266012835629506
0.043147154603965905
0.06297293399612514
0.028958200241977167
0.03368233893269757
0.023585002389539703
0.032448784966510665
0.08042683637449383
0.0710107336327714
0.05637651083168554
0.03806481735774188
0.02782514421487812
0.015066676655353198
0.045010244036181965
0.07333392130085574
0.031717831056942765
0.044706654649089135
0.03148164703712621
0.02539136099150946
0.01891170196007039
0.06733804793095016
0.030965504577066365
0.03601710781994149
0.025219851142017965
0.03469804721994437
0.08600180774574671
0.07346536284231886
0.05236392372661302
0.029221189084844574
0.03858199208121636
0.025684095483632804
0.02154575145437357
0.07981550360140943
0.03452119584016804
0.04865803017013497
0.034264136812778435
0.02763556385247957
0.020583203367923086
0.05290896219341794
0.05903114505907507
0.02719708891281681
0.04132536631165726
0.022511998450573802
0.01751834157998454
0.07995856253839148
0.056992083181247266
0.03180388940433849
0.04199204233569248
0.02795417153765261
0.023450062021728533
0.05898770307821142
0.10806104576331645
0.037881770109823375
0.025549223320999005
0.008790314742419083
0.03260851400302355
0.03886922917453234
0.04510002899056712
0.025346473783930963
0.039563487385578106
0.005096064857639282
0.004386738203911049
0.1319839904353129
0.015689421352512174
0.009671126943870302
0.007125277009906423
0.02569902059021643
0.10372298108204754
0.009367466049291418
0.06565503560506727
0.037192704820307995
0.03576970255427276
0.058427997074964544
0.018807110013021683
0.10049079560505748
0.135081764318391
0.03151501032455525
0.017453950870808338
0.019577589272398617
0.01840696471830644
0.13711412223844233
0.016299258948630845
0.010047037353482956
0.007402231889616197
0.0266979247937059
0.10775462584600247
0.037924353105177444
0.1017530960156806
0.014096295072670819
0.013994810890734342
0.007520125207572415
0.03079327208897794
0.1043968074232708
0.14033230457609186
0.03273997826353565
0.018132374580814882
0.020338557424851647
0.019122431456272262
0.04126344702376625
0.05036047798971717
0.0206756548676622
0.014582507859434239
0.003840356598152511
0.022817876841636074
0.04288461682879576
0.11506175258083444
0.015940000643401914
0.01582524297714826
0.0085037096647875
0.034820835856535344
0.1564938352950234
0.08429142726349365
0.02709640148829101
0.020621233609728274
0.02921900834445425
0.016897514659516798
0.04666044295447578
0.05694730760243824
0.023379898774412353
0.01648980696441636
0.004342650769571708
0.025802309731860016
0.03988279772219698
0.04940828762774218
0.07840531944333125
0.04285764093034176
0.034441044720246
0.013726832532264794
0.14666442811806693
0.07899706689116508
0.025394471423400008
0.019326010055017398
0.027383756944403335
0.015836178591205466
0.09641256678352449
0.05292955373675982
0.003657455377837731
0.020473611908328433
0.013841650672110172
0.03593793141774939
0.03737775170917916
0.046304943805324524
0.0734806666083173
0.04016574445688674
0.032277796234982316
0.012864647603668993
0.052872665752492505
0.04280570824686902
0.03536516684223602
0.027034981792338708
0.018338753898595246
0.04425641520339724
0.09205457993104485
0.05053706168942817
0.0034921331280325166
0.01954817516812007
0.013215988129787108
0.0343134851671323
0.09573199773374197
0.12611592326649584
0.015946106779004786
0.012710418539971815
0.011553670658719426
0.030824272379802228
0.050482745123968296
0.0408708285939936
0.03376661037521174
0.025812961685016227
0.017509815814617226
0.04225596150707221
0.07927279592974044
0.051181732570792185
0.05266179589312803
0.027488841877689064
0.02041491725156345
0.052237108311753516
0.09857085440786313
0.1298557912202997
0.01641897596305474
0.013087335948542243
0.0118962856237944
0.031738341796944326
0.060439091586143974
0.057096976551853744
0.025095910367425988
0.0202843579214373
0.021347182685531818
0.01656454065345568
0.08162356799267492
0.05269948636828205
0.05422343979779419
0.028304001741430565
0.021020305475597186
0.05378615844209821
0.028679353057499395
0.047877250683468056
0.030090325408080272
0.021624827658441093
0.03972323617144319
0.03795232783291355
0.07824061997046546
0.07391412952474491
0.0324875760760241
0.02625884502605462
0.027634710650113446
0.021443405190912427
0.1573288990461932
0.06661406818878438
0.022216752209020075
0.007368947346004859
0.00800326215330975
0.010066890682514694
0.037126474020086724
0.061978856360156015
0.038953029459181734
0.02799413224699736
0.05142318561914744
0.049130679847118414
0.018288940489558307
0.031321533357771915
0.031830742559149104
0.03401971686774051
0.04726090700837886
0.03909359947126722
0.15307340323105317
0.06481226387867099
0.021615824492467954
0.007169629072102086
0.00778678667545823
0.009794597343969591
0.11334517656526046
0.074414926545056
0.02594441966686492
0.00866848754624833
0.008921461273074974
0.05881667980108811
0.017794253816045075
0.03047433583121557
0.03096977173576918
0.0330995377802328
0.04598257484427449
0.038036179951030875
0.07854279697047606
0.07953562337406347
0.01875995237594364
0.012868972725663194
0.016793300827265014
0.042778949661069904
0.11122495162808593
0.07302292745219655
0.0254591056268225
0.008506335578073837
0.00875457720054173
0.05771646014450418
0.05995857357357527
0.06314976091372944
0.03435400325554656
0.002779375750150678
0.009887182249418763
0.022902954048977065
0.07707358229528115
0.07804783697519262
0.018409030351266387
0.012628246849930316
0.01647916681406384
0.04197873037864361
0.13374856865650242
0.0712107347387198
0.01693980353649819
0.005913420253705172
0.008157566642733436
0.041697012828852895
0.048064206611427
0.050622337642758565
0.02753897919832995
0.0022280131488135787
0.007925798465798292
0.01835954809817554
0.19737989459003052
0.03651956163031343
0.007190797188440265
0.0044977413187200855
0.005841340302182123
0.07965603816751007
0.10721600689850158
0.05708420436709297
0.013579346015230441
0.004740337134697023
0.006539297805036907
0.0334253088463826
0.1349041697644583
0.09774100318833466
0.024312182382166113
0.0035668606585575603
0.006477193191511599
0.024589759430153783
0.19369435505750696
0.03583765687816777
0.007056528359472644
0.00441375807680156
0.0057322689570416694
0.07816867554488664
0.055242138081398724
0.060520054035999964
0.00957598334607389
0.015106507248494942
0.04053958033943351
0.04454660440843793
0.13238519663499196
0.09591595240518709
0.023858217658567958
0.0035002591133929855
0.0063562490010372254
0.024130611700526543
0.059537930115303166
0.04933486341436027
0.02006500452795793
0.006188908564064907
0.007774539501573179
0.020518084454861623
0.06050237424485699
0.06628286097851059
0.010487822308995084
0.016544970684051842
0.0443998177226914
0.048788396410102644
0.071206282201232
0.03274431803664874
0.03808611063582944
0.026668605530903677
0.03669127659757169
0.09094218172821526
0.06520721779979677
0.05403260035330898
0.021975623235047006
0.006778225374957728
0.008514842380150224
0.02247184608688463
0.09180437151531949
0.026111446621258538
0.009823515997439304
0.015376122152169089
0.06067301794758861
0.07388607397136654
0.06087896912467326
0.027995287285580685
0.032562339751497846
0.02280075805847767
0.03136980370377722
0.07775249742594553
0.06641855078419616
0.04734116586017046
0.026418286878566344
0.03488119980979105
0.02322047199150488
0.019479078735750104
0.07848964060778432
0.022324405986592136
0.008398774779642884
0.013146065723719399
0.051873383529467375
0.06317010068485675
0.09574010409161104
0.05451702054832437
0.04914262387415159
0.015096187308114047
0.017213859403582787
0.059769356095139815
0.07463245796072589
0.05319579438507745
0.029685406585657426
0.03919491840287699
0.026092121542443482
0.021888034407481445
0.05505848442523736
0.10086301202889322
0.03535843473726548
0.023847368873322602
0.008204784761608833
0.03043643448847516
0.10758017465615738
0.061259078919634856
0.05522003667746498
0.016963115746092848
0.0193426779583608
0.06716096487265691
0.0649873573860161
0.0542786219505347
0.016201661299949884
0.016837556642379244
0.007961139183320516
0.013750285747108562
0.008298699714809727
0.058164227378524454
0.03294926154641783
0.03168861449019354
0.051761746464999384
0.016661342318210388
0.0890254560241267
0.11966982246066661
0.027919354691698654
0.015462569744230525
0.017343914955934743
0.016306850972774765
0.03510685990518881
0.061247557020542374
0.10620468359277774
0.03826461139020386
0.012907838823553673
0.019042201836100198
0.052678767135603974
0.06472923259241452
0.06398006746670182
0.019793732519493682
0.01976058266623038
0.02103194319335508
0.10544206397824933
0.14173735962378775
0.03306778212779622
0.01831392211905596
0.02054219402056611
0.019313891782695432
0.0416765907735337
0.05086470432603777
0.020882666598310968
0.014728512917484528
0.0038788075623797866
0.02304633723164314
0.06239291751678663
0.07666553128829429
0.07577821747218463
0.023443766579787993
0.02340450377671163
0.02491030766727719
0.022829470541463497
0.11048367840944764
0.06230114903883435
0.00959031575172155
0.004899260891584145
0.009805975642940301
0.050060007501053806
0.061096347682002075
0.02508330041278988
0.017691213543235985
0.004659045571241495
0.02768220224530737
0.04278855978894388
0.0530080533455747
0.08411773722947886
0.0459801427205393
0.03695033411323976
0.014726935622992633
0.027421711933225134
0.13270792229563202
0.07483328003376127
0.011519446997894376
0.00588476726215499
0.011778487758467886
0.06672175142783304
0.08242159411055518
0.03976005192014728
0.024188664989995518
0.018819996606520107
0.04009835797019123
0.038975223406077245
0.04828395093584962
0.07662112529853768
0.04188237097990365
0.03365730312252379
0.013414464259237983
0.05513236793405569
0.04463516304987841
0.036876623537815616
0.028190418282351297
0.019122526034953864
0.04614787114873263
0.06077547785603401
0.07507614324457725
0.036216617569479075
0.022032959896991753
0.01714274974102468
0.036524773626731954
0.06622215419443044
0.13127166411057195
0.02953136921680151
0.012857069384218133
0.006023793661651581
0.02338574033645136
0.04834476887681377
0.0391399231030005
0.032336573027760745
0.024719766399859823
0.016768264018815048
0.04046639475944494
0.07591554278657003
0.049014153762313016
0.0504315354650248
0.026324672004359756
0.01955033256893007
0.05002483367184803
0.05806924061168204
0.1151102065685115
0.025895626705346505
0.011274176515629654
0.005282176754724029
0.020506614425326638
0.06608912084068672
0.16491597490237464
0.01569613988202899
0.013529097061406935
0.016315774507884774
0.014279021355658264
0.07534229439101649
0.048644041345641584
0.05005072020994713
0.02612589089266569
0.019402705398441602
0.04964708947629058
0.02647235736124559
0.04419289678625739
0.02777474951132397
0.01996070708087005
0.03666636766064099
0.03503173809638353
0.06559007306871754
0.16367067236558422
0.015577616234914278
0.013426937043852376
0.01619257191701147
0.014171198559670114
0.07328458454287091
0.04089306046787675
0.020314094238227443
0.010041672190016372
0.03013789286223577
0.07738799939852926
0.03477431078028362
0.05805216007608332
0.03648514403803231
0.02622055232755905
0.04816524825559686
0.04601798514251481
0.01713023704006803
0.02933714455374603
0.029814092593877455
0.031864383522550895
0.044266672541493655
0.0366168081783976
0.09626724524460155
0.05371746739671417
0.0266847646630157
0.013190824856443014
0.03958938897480061
0.10165752543400369
0.07153973310924988
0.062354786918199484
0.03702043204962886
0.01774701565132409
0.011198898714653838
0.030287087429846867
0.020738005056020505
0.03551578712318702
0.03609318432116913
0.038575283287207364
0.05358959580252567
0.04432860744207932
0.09153634299736788
0.09269341534163113
0.021863461724493456
0.01499792147563673
0.019571461723731823
0.049855986293877136
0.08660658597168425
0.0754872149960376
0.044817237801527694
0.02148468228697508
0.013557478371322672
0.036665795737862425
0.09939508699088861
0.04509659994728392
0.020806117538790046
0.01163748927133307
0.005147313496790681
0.019939235431681555
0.07572584250676886
0.07668306097586519
0.018087122611500528
0.012407424225213053
0.016191005447543254
0.041244673344862905
0.13140978716657067
0.06996551507046984
0.016643587290207047
0.005810015798835286
0.008014920137738617
0.040967882021927984
0.08222719476170305
0.037307346059225685
0.017212406879364206
0.009627418475310083
0.004258250203442638
0.016495255901236083
0.045666479454150956
0.15687215978300795
0.05194204270677722
0.012473504647154224
0.020030074385265762
0.03273693950211421
0.09650258527385792
0.0513801386479607
0.012222447325785575
0.00426666504191855
0.005885866880484854
0.03008532784014879
0.12142404406851293
0.08797435912590872
0.02188281881967161
0.0032104466937317977
0.0058299679906082735
0.022132659338064114
0.0335358075125333
0.11520122894168333
0.0381443537326136
0.009160089760666465
0.014709360718739148
0.024040821951133738
0.04158939936380404
0.14354239461118987
0.07236160969023764
0.022354737682797794
0.006746289138375525
0.01581651328409064
0.13604493322076366
0.0985675111073601
0.02451776868281961
0.003597022397072538
0.006531964999567699
0.02479769295071313
0.06118383272845455
0.05069870626976197
0.020619693670182106
0.006359998502166923
0.007989463582019149
0.021085298813098733
0.04659725429625682
0.1608265944281112
0.08107480222369032
0.025046512151315804
0.007558622037002805
0.01772100830627346
0.06323640798462818
0.053063648025162884
0.03055601564344741
0.026101310535072968
0.01293462605837113
0.013289236805935589
0.07180575413486376
0.05950033979595967
0.02419941000735509
0.007464136657988594
0.009376487742865956
0.024745847308277082
0.10109436274024358
0.02875375118669077
0.010817590417946435
0.016932083349977357
0.06681272344329806
0.08136285277294622
0.07421467014446124
0.06227585121227235
0.035860743742096995
0.03063267211776911
0.015180163405190773
0.015596336943488118
0.09489034223068953
0.03951436875099838
0.016191321476402593
0.021240275340445973
0.023728846081496287
0.06780898146780898
0.07526703560939059
0.02140781697227796
0.008053940310078807
0.012606318353462372
0.04974358112814159
0.06057648093275069
0.09180923454496462
0.05227867646168907
0.04712494021418439
0.0144763724089872
0.016507097735086483
0.0573153631323555
0.07064800226315131
0.029419339706466607
0.012054804413365731
0.01581386456246191
0.017666661667127357
0.0504853177213053
0.1573619259122018
0.05216419981279024
0.020757461270875716
0.010339959594495657
0.020841583274151088
0.035279956831318
0.09632672069141368
0.05485105600325585
0.04944372944736936
0.015188684325457957
0.01731933177348065
0.0601355735416069
0.05818933686809699
0.04860079166867887
0.014506882032542174
0.0150762593665625
0.007128362014174257
0.012311933298325832
0.1651049413486147
0.054730946514936714
0.02177883503781098
0.010848738743504898
0.021867096275949727
0.03701591201080208
0.07103672895913675
0.08788119137342472
0.03760770554425069
0.019647250253254853
0.00955924079908196
0.013842683734799549
0.03522949847417364
0.061461512719431476
0.10657568773414729
0.03839828091223827
0.012952929694291833
0.01910872183788351
0.05286278953563757
0.06495535080629233
0.06420356862684147
0.019862877838602685
0.01982961218316917
0.02110541394588519
0.05960973333724152
0.07049138849964383
0.046299749643547286
0.03518266227892799
0.01098838576243819
0.013064942192820946
0.049556290382908916
0.06420585474535355
0.06233234846702317
0.03587997227649182
0.018525005911885932
0.01731736088445218
0.05216483103035776
0.06409773167652391
0.06335587543497519
0.019600624093604222
0.01956779765160132
0.020826754735874132
0.0190870297576254
0.09237206152910876
0.05208810618182017
0.008018172905309885
0.004096123835119054
0.008198479616923824
0.04890198827992305
0.06335813136938474
0.06150936138766569
0.035406241471901974
0.018280416370733493
0.017088716134062022
0.025181787071458288
0.027440865942014062
0.06184440515022983
0.07965397454570151
0.08146673612166609
0.05639372720721664
0.020219908495404938
0.0978546507952246
0.0551797086330089
0.008494078151731822
0.0043392424166398096
0.008685086666741062
0.04919852239018346
0.06077509292706017
0.029317812598849424
0.017835961296461294
0.013877273971600356
0.029567268846949026
0.026676409939175548
0.02906957265891677
0.06551507641417167
0.08438170302353903
0.08630205803191042
0.05974088259537606
0.07300233332434314
0.03234376422652248
0.03877330977535192
0.04441895082268332
0.019131395199352644
0.04529987270877433
0.050177735954290155
0.06198471859187274
0.029901334183889128
0.018190956007315896
0.014153477691664256
0.030155755437641808
0.05467464649745261
0.10838112890899422
0.024381827987259474
0.010615114112891072
0.00497339286271807
0.019307844958088554
0.07445532157540691
0.03298751227232149
0.03954502707523796
0.045303035080417824
0.019512173335958425
0.046201490230067796
0.053403116850786615
0.13571206879525852
0.059053047173657024
0.02707818927815598
0.005773211737684414
0.03407780803533743
0.05461947463730669
0.10827176215731522
0.024357224429852338
0.01060440246446191
0.004968374241601144
0.01928836152673621
0.06216291140603612
0.15511867924539133
0.01476366670477228
0.01272536313592705
0.0153464901991873
0.013430736075856979
0.05334922808363409
0.1355751225549196
0.05899345709546589
0.027050864838629354
0.005767386024104371
0.0340434203222117
0.04308212052768201
0.06139038852220408
0.022604299754439054
0.020992061229071886
0.015772481291554563
0.025721658231967252
0.0647457966136754
0.1615639008894432
0.01537710091304474
0.013254105298451191
0.015984140875902757
0.013988786668298659
0.07234126421477388
0.04036668434855955
0.020052610896794443
0.009912415627206933
0.02974995742997134
0.07639185984969019
0.044872193889881014
0.0639411752022152
0.02354351431412127
0.021864286856862588
0.016427832009438856
0.02679039985073336
0.06443652092753627
0.058172738052775265
0.010583241835544438
0.005964255563827135
0.023555508946531672
0.1061196409118307
0.07510989028108346
0.04191158760275356
0.020820059210409764
0.010291781022372019
0.03088854007027026
0.07931550925960093
0.05581692392797619
0.04865062038522328
0.028884181554596412
0.013846624519074141
0.008737635024139075
0.02363067321610046
0.06690261871278684
0.060399109967473164
0.010988280917042303
0.006192518002967249
0.02445701926408619
0.11018102423385322
0.05460020350602153
0.035909967360887494
0.019128450392117788
0.05304503639629876
0.05863646781881454
0.06165520673818976
0.07285005519237374
0.06349687748432761
0.03769849845459204
0.01807207007222838
0.011404017795403957
0.030841825863553714
0.08360723947142341
0.03793348690851464
0.01750128808374264
0.009788998448622074
0.004329717747519232
0.01677210093660371
0.07126203952158076
0.046868277936143975
0.0249657015963203
0.06923229653676745
0.07653001305479443
0.08046995243897871
0.07333511495740731
0.026013500917247905
0.02422690528040445
0.020710142878016705
0.022282794426219183
0.05980699183216667
0.06291751982399256
0.028546342752715677
0.013170362362348373
0.0073665810262605715
0.003258271699126532
0.012621622240373704
0.03494247413736023
0.12003336914975045
0.03974432681515252
0.00954431168649702
0.015326348002789416
0.025049219374080174
0.05518736868120749
0.019576115298147262
0.018231636433527203
0.015585143503400855
0.01676862158001026
0.045006958942829974
0.08931384400120496
0.28087559545256147
0.016149242389167137
0.0019215311263893699
0.02051165880874722
0.04835146535477518
0.02761979303982438
0.09487870838099177
0.03141535075125005
0.007544168522593913
0.012114498768155887
0.019799807311913508
0.03425265971751455
0.11822024056287228
0.05959637867452497
0.0184111632924803
0.0055561837811452675
0.013026339781886973
0.07059688667743552
0.2220142107236386
0.012764944199010057
0.001518847572779929
0.01621315562756221
0.0382187437850392
0.037880909093818034
0.0923390179932702
0.014220613765831043
0.013757813464728569
0.018771084953021436
0.01926842473597266
0.04797408467648862
0.16557861135490315
0.08347035647809257
0.025786572898876776
0.007781960098663469
0.01824461904198965
0.06510488304748102
0.05463154389779245
0.03145886821002269
0.026872537892806782
0.013316811369138117
0.013681899962613825
0.05305579057149672
0.12932951498326425
0.019917312540981315
0.019269117013495266
0.026290677174635357
0.02698724850827951
0.041127871023028215
0.057104412590330084
0.014776977182661218
0.013959603634869174
0.019952974251632588
0.024325674812034345
0.07648853309410347
0.0641839207415632
0.036959480910678945
0.03157122642302371
0.015645268364485057
0.016074193041977842
0.09779768700574866
0.04072504932003547
0.016687407303359353
0.02189105604246657
0.024455874091422764
0.0698865805504768
0.04831911796140808
0.06708917285127967
0.01736074554411669
0.01640045346256974
0.0234417705697859
0.02857904193668125
0.09468556857453385
0.07063986113287574
0.0263137113989367
0.014449657292883255
0.021792939609865534
0.05856159256547034
0.07317545837916091
0.030471826509888306
0.012486069108273493
0.01637961090242585
0.01829869244860273
0.05229144699539454
0.1629916019020817
0.05403039166011938
0.021500066450941383
0.010709875137458308
0.021587197947264804
0.03654210918962153
0.07084686861690005
0.05285507639801961
0.01968878766182845
0.01081171066721
0.01630619694806835
0.04381771707075303
0.0939760219190628
0.05535087404922264
0.02062732727083251
0.02691213724400883
0.03089526791207517
0.04744760011249707
0.1591657866331912
0.05276216498472538
0.02099540681479898
0.010458487928849765
0.021080493119804897
0.03568437567658381
0.06848139584602844
0.08471992928230142
0.0362548812138887
0.018940499395081925
0.009215375802650024
0.013344734735174765
0.09177017268896852
0.054051652392322985
0.020143152977751065
0.026280442945743936
0.030170079704001172
0.04633388780545651
0.11122622346292763
0.02891454321403554
0.0011049188754000605
0.005526062266233807
0.020462749541715914
0.0329125167784265
0.05629335485024273
0.06656961077558815
0.04372387008370097
0.033225280191055355
0.01037704858461145
0.012338076112460803
0.04679923367219441
0.06063377173984496
0.05886449769958819
0.03388379545250442
0.017494370013380386
0.016353912134163758
0.02705458428590136
0.08435526249818018
0.07021804345702903
0.04749145530751217
0.007497422290532818
0.008115802009618894
0.08140243616942645
0.028753047057146885
0.03755329289212518
0.041203384802880105
0.07111174136003375
0.038686648662505936
0.04311347544968933
0.05585844947031792
0.0542285178044987
0.031215215907516063
0.016116569287496416
0.015065930229570462
0.022201026929008327
0.024192699350732844
0.05452390254323765
0.07022535886247784
0.07182354442610196
0.04971841961818567
0.07499144020002729
0.026488548874222147
0.034595715444836146
0.03795833777078551
0.06551120765748886
0.03563981173334239
0.06796355208677587
0.022361909114591856
0.015771949096158203
0.012861898206108838
0.036524859592048035
0.061047607006853674
0.02371070973520449
0.025837817045606337
0.058231559781772343
0.07500072430717775
0.07670758742316146
0.05309930120933168
0.06488643484609916
0.0287480064621719
0.03446275925631353
0.039480756672294455
0.01700449796039364
0.04026374370796071
0.07258511334885241
0.023882532003432638
0.016844450852352182
0.013736514801048268
0.03900857139065838
0.0651988799615856
0.016490068782281594
0.010846172029904623
0.021469938854327013
0.047736771026818094
0.07751503473967687
0.05725199683663659
0.06624869189134208
0.029351555947247934
0.03518628701225782
0.04030963468132546
0.017361498575426782
0.041109060123697215
0.04751690758197851
0.1207535853894345
0.05254409012914283
0.024093571560861185
0.005136875612658237
0.030321676907659405
0.016836269223536905
0.011073881786137942
0.021920689084858443
0.04873897977511305
0.0791424226896672
0.05845397281558996
0.03493917800888856
0.033738457662142875
0.03337513792760952
0.03893511546336314
0.0508481062312907
0.06206429575788213
0.05596787967470551
0.14222983946725398
0.061889156168068525
0.028378658937889534
0.006050478678503565
0.03571444462742785
0.04519681023396389
0.06440374118642903
0.023713833812255645
0.022022458415910308
0.01654667493432901
0.026984208107075927
0.04115317705305034
0.03973890631639322
0.03931096947831665
0.045859799559025506
0.059891538318854236
0.07310254841562752
0.04752100002661444
0.05125154239329094
0.01634400720985449
0.027222860352814918
0.015681006451802273
0.01382439167563095
0.0554446998569586
0.07900659540489936
0.02909069005914664
0.027015813520064227
0.02029845514795019
0.033102586479659156
0.07961865139514697
0.07187903513496231
0.013076799153733663
0.0073695161956670655
0.029105510791904245
0.13112288767791913
0.05829587463670621
0.06287227728001961
0.02004983470115285
0.033395350550103314
0.01923650566654064
0.01695892349908366
0.022936906229323505
0.02755996703185365
0.03255492063252783
0.04505406184116497
0.05398122412634581
0.030972828949504216
0.07157210915942545
0.06461468586577036
0.011755211625500563
0.006624726849374731
0.026164005029429335
0.11787114533762554
0.05841104280590626
0.03841631543450513
0.02046352692699075
0.05674733229233032
0.06272901952415244
0.06595845232690811
0.020618821440182185
0.02477465938281678
0.029264805323363428
0.0405007391568041
0.04852569087807646
0.02784260541601248
0.051796261300220595
0.0524114848446808
0.027111148284441295
0.033113125152095774
0.024269253830009514
0.01844375626885851
0.06656490918504865
0.0437790257677688
0.023320124861102503
0.06466895366146064
0.07148565215257786
0.07516589634799414
0.06850134096620415
0.024298860063040977
0.022630025195062298
0.01934506490607924
0.020814057488786928
0.05586490376455635
0.05902673987572786
0.059727845307137074
0.030895718288284767
0.03773553873890999
0.027657110703391302
0.021018405118143145
0.028845474742126214
0.042782878796411204
0.03231904987576697
0.013255932276109135
0.03459137507082449
0.05570503075735898
0.05238655480296127
0.018582607966317007
0.017306362741984983
0.014794181961622398
0.015917597348149307
0.042722810989465766
0.08478107754076535
0.26662087948035224
0.015329652267593835
0.0018240115095842643
0.01947067171278239
0.04589758037284252
0.02205964178338281
0.03271830292785637
0.02471606619105172
0.010137504067100523
0.02645383200237737
0.04260054774709813
0.05071011839390222
0.020888608246638102
0.02856689055767467
0.056343058625129235
0.032523218574435714
0.05664815635131377
0.07517687065908066
0.2364174171066313
0.013593071935367393
0.0016173830448281046
0.017264986615597673
0.04069819072062236
0.04033843895136762
0.09832952611896624
0.015143178291293122
0.014650353748818156
0.01998886200310227
0.020518466781672337
0.04496555271749192
0.018522295846625094
0.02533076364302876
0.049960379764714444
0.02883890918951502
0.050230915277650404
0.06933647816291787
0.06192335859571042
0.03366023373720306
0.00675798457357796
0.0030165639463323114
0.013719760188513133
0.05704765851544368
0.13906014644699097
0.02141587246451641
0.020718907313211552
0.028268763078315527
0.02901774378608256
0.04422229348231417
0.06140089505947878
0.015888783092789172
0.01500991112553122
0.021454217328845004
0.026155915780099494
0.0980574318622102
0.08757360738615506
0.04760316883122404
0.009557315707504368
0.004266102367219406
0.019402837950464137
0.0877927636394861
0.07316859141646291
0.02274120128526186
0.012570768322416341
0.022789970913527018
0.03481505028283917
0.04442818473059854
0.061686766866074015
0.01596275848228367
0.015079794641172695
0.0215541044047735
0.026277693140021804
0.08706094211634814
0.06495153330948292
0.024194780043653517
0.013286087796859069
0.0200380467951255
0.05384587638157589
0.08820151136088815
0.07350925155495099
0.022847080332941316
0.012629295616638
0.022896077024048563
0.03497714305545133
0.09692878394531945
0.12770232098938258
0.03815404531634913
0.006989292159180927
0.008909183874653165
0.01788936311622392
0.06534119396190484
0.048747585690335805
0.018158726258501255
0.00997150752824727
0.015039004522926717
0.040412540539652986
0.08667292705886688
0.05104942911123222
0.01902432977535501
0.024820732573220778
0.02849432490889742
0.04376033694223172
0.07274723105797179
0.09584346231863043
0.02863546861364298
0.0052456208665780735
0.006686542753213266
0.013426369125089417
0.04920357769666792
0.10804940652171885
0.09095844390719103
0.01962232782020548
0.014102297801736916
0.043986550393141116
0.08304148232720236
0.048910546917089216
0.01822724348231636
0.023780787095460942
0.027300462308613094
0.04192685501843791
0.1006469771101177
0.026164345766738352
0.0009998248731154014
0.005000452636999743
0.018516441722231103
0.02978205336566829
0.047142033462858286
0.10352232452059665
0.0871474434813853
0.018800186450302483
0.013511436078309721
0.042143590519629764
0.061515624969438736
0.04852434442413795
0.07927359055805043
0.03638465926044588
0.01874716011311156
0.018990073893188544
0.029939924096691124
0.09335165270560454
0.07770671576784002
0.05255636353981186
0.008297013619845908
0.008981342813623927
0.09008391089817754
0.03181952593846278
0.04155830771190056
0.045597677661151574
0.07869572550824386
0.04281253455128428
0.03185415985508378
0.03622005895683887
0.013509648740035138
0.05034975593200464
0.04302652791648967
0.04009868488216779
0.03795595265322396
0.04601433565454482
0.03524004071401933
0.02863604084879989
0.018471456823637294
0.017222578138015487
0.09646517689520832
0.03407352287185813
0.044502169864997415
0.04882767630465589
0.08427028762805504
0.04584524225962983
0.08742485885042589
0.028765223240143745
0.020288233636864713
0.016544892088363978
0.04698372283852042
0.0785285386337087
0.04064463510091095
0.049273849063328774
0.037736336348836205
0.030664529531585626
0.01977991777042645
0.01844257237624907
0.019689564973187426
0.02506132291071514
0.04053834288852371
0.044114261688503256
0.021843708880421725
0.019691344743680166
0.09804582656522268
0.03225981861450048
0.022752986537593528
0.018554878344286364
0.052691625715923285
0.08806872073392527
0.02227429770765434
0.014650688724968572
0.02900095906939247
0.06448141990747683
0.10470501872411454
0.0773343058015118
0.022081587524306463
0.028105943228377863
0.045463217079822156
0.04947356286801448
0.024497431515391112
0.022083583513449044
0.06188109368461091
0.03816162829032251
0.030593784088856463
0.020886012042486173
0.009553114992424987
0.022398417778812105
0.020904319236437794
0.013749599568078802
0.027217257958311113
0.0605154965717049
0.09826514693273279
0.07257786699365026
0.0433813288002945
0.041890485365279326
0.04143937879203889
0.048342781429027586
0.06313423901188382
0.07706053131377191
0.05807510315526107
0.035814501127415625
0.028712116432938504
0.01960141994340765
0.008965551602348682
0.02102080531492994
0.08439661472900535
0.06055577093131423
0.020153377700320958
0.007697838139951065
0.022303159381676818
0.024225237354253096
0.04645029593354005
0.04485398432524833
0.044370964685138986
0.051762741385034096
0.06760060530052146
0.08251209871414164
0.053637766810773896
0.05784849388784383
0.018447760926428435
0.030726908834173713
0.017699420612970078
0.015603827709497056
0.09036716574538516
0.06483972616864869
0.021579107513045113
0.008242413718935946
0.023880973270804132
0.025939026656962755
0.061265727412856893
0.06118470856951685
0.028039993409719847
0.02763085267529114
0.0223159903742563
0.0331993680365982
0.059651819447036354
0.06433466786293406
0.020516187929068695
0.034172116531397234
0.019683941101551826
0.01735338304619009
0.02347041188749399
0.028201003717598504
0.03331213846239106
0.046102006000482115
0.05523681144132365
0.031693247794526216
0.06813505347484013
0.0680449505175008
0.031183934821028474
0.030728919806986783
0.024818136692438694
0.03692179644356621
0.10263382910539814
0.05700500099551795
0.040994906083669076
0.018085304532065867
0.017266082736131245
0.07045426357650948
0.02175851520086049
0.02614406474885292
0.030882400981353073
0.04273939473921848
0.05120792115427304
0.02938158977385835
0.054659270517385776
0.055308500197311955
0.028609701760654388
0.034943434524621675
0.02561072318831516
0.019463224525280043
0.09514787134614554
0.05284714161096386
0.0380047990403888
0.016766189509559666
0.016006720524304338
0.06531543512501152
0.0829966184715138
0.03440978505430006
0.017181709961510385
0.03493512096045771
0.04794466285418397
0.07773512450947509
0.05553841621505165
0.056198088176305436
0.029069863339400356
0.03550546855532135
0.026022648867015125
0.019776273161716974
0.027140783745160393
0.04025452421183534
0.0304090798078017
0.012472541861859145
0.03254711661492931
0.05241301128925525
0.08433154517945146
0.034963235808431026
0.017458062467649305
0.03549702127488021
0.04871581006627291
0.07898542477186679
0.08936833367052528
0.048122070924923224
0.026838074079365754
0.01989317935152585
0.036408748188007586
0.06207059736902023
0.024631509686757504
0.0365328323739524
0.027597638700644054
0.011319405459087137
0.029538005449809817
0.047567218670080874
0.056622259994127615
0.023323948839347314
0.03189741920568948
0.06291192794217701
0.03631500371706843
0.06325259610314339
0.08110587362413367
0.04367299291220498
0.024356786740828376
0.0180539753198869
0.033042613732020054
0.05633192227289571
0.0831288922937117
0.07482697775028013
0.024382057122500325
0.016376591953851077
0.016229677407276932
0.07698179921509539
0.050429937721543014
0.020773195692131128
0.028409054392878344
0.05603175515062854
0.03234352313029006
0.056335167168146544
0.07776251072805916
0.06944852067337458
0.037750753376137154
0.007579240564658054
0.0033831482713524556
0.015387037633189677
0.07403775231980349
0.06664375156041581
0.021715587161980427
0.014585615487786687
0.014454767806417359
0.06856291749061619
0.12007255854042623
0.10042897193368289
0.03329676523879268
0.010011778604470849
0.0008808606138390038
0.019674763265523944
0.08290968887903646
0.07404538752966429
0.04024951339740371
0.008080918057709113
0.003607082230027205
0.01640552100226178
0.07423068890289528
0.06186563358686296
0.019228179725796324
0.010628857709087608
0.01926941550598576
0.029436881350454983
0.1280202809591703
0.10707646576100914
0.03550071134252224
0.010674468216764446
0.0009391656565023521
0.02097705547108431
0.03481184613113679
0.07092060881101807
0.03317986723188469
0.03304896326903922
0.05698680301393662
0.027905926451110796
0.0813475533056641
0.06779699879357749
0.021071680706900967
0.01164789902730647
0.021116869965907423
0.03225914120157447
0.089396647485811
0.11777883625412992
0.03518917292130153
0.006446168639463384
0.008216869518119032
0.016499217499199467
0.038149430520922636
0.07772011941410693
0.03636098570836949
0.03621753133319288
0.06245041052979878
0.03058140606097939
0.0670661424165207
0.06802650536603877
0.01581159332291076
0.005660955562607386
0.00850697741120302
0.0446808105339541
0.07344268719329002
0.09675971607743694
0.02890922078325065
0.0052957684689288465
0.00675046542235354
0.01355472384934895
0.04967395889868901
0.10908234786656729
0.0918279973864684
0.019809915279869923
0.014237114335447828
0.04440705734436812
0.05509734265525948
0.05588631671275615
0.012989814887928101
0.004650686578215116
0.006988799899577124
0.036706955840918785
0.0737611717490176
0.06220487600306277
0.02573007818351426
0.03474038848007898
0.04373533705286687
0.0337571962028146
0.04225017103973655
0.09277995869381257
0.07810427599957541
0.01684931757833548
0.012109373384387754
0.03777040948150519
0.05513223519776212
0.0434890415392491
0.07104748170548265
0.03260907440888247
0.016801793709478777
0.01701950066868849
0.06273754280071335
0.05290833887420172
0.021884710383894168
0.02954842713993887
0.037199077986371655
0.028712173239498002
0.08226045365351216
0.0570389454775675
0.03172440578211135
0.05362149385954346
0.014141354283347929
0.012260389657080437
0.0409429203097656
0.0465545157753766
0.017364277516423266
0.06471575625031635
0.055303034570839356
0.05153980726931593
0.04878570183084484
0.05914333595303292
0.0452948746798205
0.036806594297055045
0.02374180917581977
0.022136595265467088
0.05215782539443876
0.04005861235510578
0.02357093224372213
0.05186245263620949
0.04374796603327532
0.017034518495016335
0.06398005946949259
0.04395192352050442
0.07190694036957176
0.034602174274798586
0.023541065890202145
0.02125622406965333
0.05256311208945351
0.063722723674705
0.04880199496008612
0.03965647862103619
0.025580105032454736
0.023850601601511538
0.025463257527314657
0.032410209170173725
0.0524256511561698
0.05705015867701346
0.028249074336141954
0.025465559190884057
0.06893394808678521
0.04735506092677963
0.07747459654799428
0.03728137336737267
0.02536381846841779
0.022902064466464575
0.02093478311100505
0.07750926535550842
0.05175036675850252
0.04310629575264181
0.016874361924381697
0.03527505046671706
0.03047587550596825
0.038790382524037194
0.06274600240133714
0.06828087614364847
0.033810099579898355
0.030478630267896198
0.08540511433924142
0.052668723731965135
0.04222397298754659
0.028825803494531767
0.01318471975272923
0.030913148386924372
0.025055939647589957
0.09276749917011287
0.061937783609520944
0.05159206756919221
0.020196196527426047
0.04221918760147691
0.024450431328855875
0.02716161079626425
0.03944691470524553
0.0472116770780189
0.03313449928097002
0.01702273737190956
0.07678113568087251
0.04735037771788696
0.037960309801408396
0.025915051415215645
0.011853362226381801
0.02779162183650169
0.1115808250773128
0.08006082833304219
0.026644795162899915
0.010177317345314683
0.029487023071116475
0.032028203742066795
0.02198149255862718
0.024418904418008425
0.035463671392611404
0.042444368952543284
0.029788666693945073
0.015303827152795029
0.10365487916385528
0.04404416184215787
0.021744028672174964
0.03224150490812053
0.04980130385621364
0.061482243504791936
0.09246789889804805
0.06634703207172246
0.022080749300564004
0.008434022160060664
0.024436125707577295
0.026542021924066957
0.06268994984626622
0.06260704758687798
0.028691829098826383
0.028273177216207625
0.022834762213862218
0.03397114186071529
0.0858996057805776
0.03649973999966412
0.01801944593528322
0.026718786261880612
0.04127072843184819
0.05095081410705757
0.04326847896410358
0.04530289301491431
0.07102638811672068
0.052118108403009164
0.026485125183654014
0.023064048796331987
0.06277192543105073
0.06268891476575038
0.02872934754436161
0.028310148217806738
0.02286462175259988
0.03401556372142276
0.09455519205963861
0.05251795499080323
0.03776806587063504
0.016661752351950377
0.015907014124513768
0.06490858308575831
0.043325058350026154
0.045362132672250685
0.07111926472158762
0.05218625987584773
0.026519758065485073
0.023094208158274596
0.043105405344934275
0.04563001905199237
0.032906872308586056
0.029867195065088923
0.014570407927891637
0.05061425531812335
0.08649642179761922
0.048041943418270915
0.0345491610229743
0.015241700936028769
0.014551287700698771
0.0593765403948461
0.07545003810932814
0.03128102857072192
0.015619439626017053
0.031758597595457516
0.04358522920700254
0.07066695263839329
0.03943160857968686
0.04174105396629257
0.030102278312211527
0.027321667335118694
0.013328598064709034
0.046300492671068685
0.07121827001191273
0.0386417641443401
0.01921186991076425
0.01480222940771638
0.04715856322749879
0.08412319087978948
0.07079141096965656
0.029349596164481816
0.014655024667832577
0.029797677914254393
0.040894079715754705
0.06630365486295581
0.07501950098366149
0.04039567035452913
0.02252899704071124
0.01669916318941226
0.03056301945355567
0.0521046443312777
0.06682093140438013
0.03625584657983518
0.018025642033179377
0.01388827271035181
0.04424677990671101
0.07892904399890263
0.05757249192505492
0.028365818136094824
0.027275315223119063
0.03424423359841081
0.04686675326288903
0.05840636357617623
0.07960809909438288
0.04286648786517194
0.02390699225398212
0.017720574257959008
0.032432418896149534
0.055291645969563485
0.08159375886871559
0.07344515499929197
0.02393179596989567
0.01607416697256956
0.015929965483090742
0.0755601835790553
0.06109393667225958
0.030100824871699464
0.02894362090712238
0.036338795992620715
0.049733377176110934
0.06197881242008573
0.05149174352875339
0.04599524145857453
0.02958932263524891
0.017094582349032196
0.02759747999540134
0.021680945627398883
0.07812646030128055
0.07032412853544402
0.022914822575936956
0.015391100805629292
0.015253027108579995
0.07234927970710196
0.1267035219756749
0.10597512543309096
0.03513556700577723
0.01056467544164201
0.0009295058213112054
0.020761294921022383
0.04930361969370314
0.044040689578267775
0.028331934602058198
0.016368153983535902
0.026424734626397866
0.020759621340384816
0.08204621017706597
0.08807687234883438
0.022702758824676823
0.013184735113203682
0.004513927831385245
0.02981816315836911
0.12447332256934451
0.10410978137523563
0.03451712073486451
0.010378719025193332
0.0009131449238511739
0.020395860504634156
0.03384734137630391
0.06895566664287814
0.03226057844756329
0.032133301339039626
0.05540791396959763
0.027132758643556947
0.0806020560890393
0.0865265682581437
0.02230315131208869
0.012952661150589326
0.004434474955783996
0.029293312319681106
0.05922756712061656
0.05410250316408791
0.04491646249655564
0.014923373669345024
0.017478209340736812
0.028714082697739413
0.03650049777808328
0.07436082288125252
0.0347893549113236
0.03465210106425717
0.05975111658700011
0.029259586021008963
0.06416734270558196
0.06508619588966323
0.015128168863080129
0.005416272094060653
0.008139280347200078
0.04274957196865934
0.06387017692328463
0.05834337990020228
0.048437282601541766
0.01609315666490661
0.01884825558716019
0.030964863681798155
0.06770321205296821
0.10149058177127813
0.031008898971134402
0.03914234639630046
0.024729364450235596
0.029368096694156985
0.058583211748373894
0.05942210219293673
0.013811647521970456
0.004944923719672148
0.007430963539307061
0.03902931181494071
0.07842785396054637
0.06614042069996101
0.027357954955439995
0.0369383247261737
0.046502360875838436
0.03589292836779149
0.06181137383142824
0.09265841457161086
0.028310365022360087
0.03573600324676049
0.02257730385747821
0.02681235274420757
0.09101997967408873
0.061117905509055395
0.02816786803948756
0.018936835740204296
0.02817806460355715
0.030191462212607118
0.07296243504940862
0.06153127882205089
0.025451455200152358
0.03436419565965946
0.04326174074270036
0.03339165006459931
0.09566716735933473
0.06633508691778822
0.03689481278715404
0.06236066298303795
0.016446095867779478
0.014258573799689865
0.08467705056050634
0.05685876873927512
0.026204927695016415
0.01761718035063203
0.0262144136889087
0.02808750322101349
0.07875800973533036
0.017364479402087785
0.0247429196369799
0.03662645401994135
0.010771697342898937
0.029151378186644695
0.05029695974488157
0.038629417500128334
0.022729978124015688
0.05001212517560951
0.04218714392051145
0.01642676788263167
0.06169740496802445
0.04238382469558693
0.06934147384011863
0.033367651995140246
0.02270117733009146
0.020497853165357037
0.022741728681315913
0.062474725350383564
0.07445225812707254
0.047694838024516184
0.03099448626733981
0.016431632075623016
0.0730553467251223
0.08685138711560453
0.03948643945499724
0.04120693992296801
0.014069262622029136
0.020269097875188772
0.058634107280879075
0.04027945300880926
0.06589864546593055
0.03171093642930471
0.021574055953644807
0.01948012760258132
0.017806789729890988
0.06592813419587425
0.044018029440628596
0.036665521702886894
0.014353060789800462
0.030004390446344002
0.06942812326616721
0.08253918543687129
0.03752592395651253
0.039161000975847196
0.013370718823108595
0.01926273009239842
0.08338832698315085
0.06681323515020815
0.03327887026648663
0.020258717884299466
0.02946081209862001
0.05915902754703203
0.020928409619113568
0.07748566804037796
0.05173461161352835
0.043093172252627765
0.01686922460777666
0.035264311150865105
0.020422648258714277
0.02268720808935349
0.032948721970641436
0.0394343748664454
0.027676167137601855
0.01421853762296172
0.09800672052786943
0.07852593164811147
0.03911282376908458
0.023810173123399746
0.03462544078210054
0.06952990291643597
0.03594570914990005
0.045905756716992804
0.07548969274983061
0.05772478346176531
0.017513117758474302
0.02104680346255661
0.01877540666987158
0.020857312562285138
0.030291157464721056
0.03625369322872956
0.025443874197367405
0.013071704645751074
0.08853641327708485
0.03762015012468289
0.01857257781165564
0.02753895645093672
0.04253759066161662
0.05251481998775758
0.03304641488100456
0.04220310901559787
0.06940087606693944
0.053068841547641334
0.016100551887652484
0.01934921901922035
0.08004781139870229
0.04181848836980274
0.02914445824158942
0.072564097111464
0.07315945009903685
0.05808294373002578
0.0734645087904636
0.031215922886822473
0.015410894290870124
0.022850890762181646
0.035296248034189286
0.043575014074110435
0.03700479791872454
0.038744703795603665
0.060744384875110885
0.044573327177956874
0.02265105519623952
0.01972522458217059
0.06642095524869633
0.034699561375188655
0.024183081620686168
0.06021122330123746
0.060705226990455066
0.048195254046222845
0.04404606380885857
0.05308254266068356
0.06207269414699371
0.036338045878601524
0.023057369874968398
0.04173094099648736
0.04547395869210112
0.047612070840345286
0.07464674323191368
0.05477467120106306
0.02783512426114611
0.024239668861646895
0.045243411012293136
0.04789324424507869
0.034539036046006506
0.031348592393481686
0.015293092576749111
0.05312469603555448
0.054126734878889485
0.06523136155277294
0.07627905807639956
0.0446546094067187
0.028334430782346213
0.051281757874336295
0.03873788244290841
0.029148157630546286
0.0327201756349927
0.020295656059744715
0.03978834640987391
0.017377436700020604
0.0419099705061069
0.044364569532735765
0.03199427164331588
0.02903889324926906
0.014166329295210943
0.04921057882640701
0.07569449239341489
0.041070482638831604
0.020419377507771116
0.015732581556959353
0.050122580974112194
0.0894105154631654
0.035883755763026
0.02700058194709563
0.030309421087737702
0.0188003142962602
0.036856823727801906
0.01609710327481098
0.05976712351481352
0.05317491687080746
0.014191790831983981
0.022936922881865277
0.08450994875058591
0.09733657643938634
0.06252570118081216
0.03392533120481987
0.016866958955393755
0.012995538540909405
0.04140260963915309
0.07385550778538032
0.053871748727296845
0.026542471516798817
0.025522065816960607
0.03204302412641632
0.043854171862653286
0.05465201934887252
0.049369263035695096
0.043923921773572495
0.011722803664093477
0.018946519631375534
0.06980750693090815
0.08040264885826504
0.1025575142126903
0.022537074538972277
0.022021334777899297
0.022116777473534445
0.041077843253144085
0.03745957951838662
0.05981134253399994
0.029468894051062854
0.028335984199823066
0.03557590642828345
0.048689284398391805
0.060677641373722446
0.050410735952288996
0.04502962636981251
0.028968130192361594
0.016735702036007268
0.02701810390669511
0.021225780102171656
0.11386492469479895
0.02502188469485753
0.024449282389629057
0.02455524805615864
0.04560685352556295
0.041589660530521516
0.060272695794662635
0.14185016804578754
0.04386244950884227
0.004265521868024156
0.010097296691712367
0.012616812013783637
0.053366434354808465
0.0476698178332593
0.03066659887202092
0.017716955073449236
0.028602238021136615
0.02247029683367892
0.08880714472236641
0.09533475747991023
0.024573556587061306
0.01427120980722205
0.00488589346568259
0.03227529858168418
0.06380662378262998
0.15016717249275427
0.04643420668506317
0.004515619311218861
0.010689324622621878
0.013356564973338187
0.04296908952647491
0.038558816580663714
0.04881147040035611
0.03923250199631618
0.031023088048501245
0.04979524516489528
0.09168516877332959
0.09842432561970003
0.025369925923068744
0.014733705084937947
0.005044233416242186
0.033321262685816797
0.06737160006797738
0.0615418188362262
0.05109265997071314
0.016975398642807376
0.019881534678107996
0.032662386619583816
0.04436161344436233
0.03980841425484588
0.05039333170458203
0.04050393217997822
0.03202847104800949
0.05140898822190051
0.02054716627644992
0.037216947959988714
0.05262941651413104
0.057178315724626644
0.0388472364100877
0.016972068736108445
0.07069793651678667
0.0645803216313863
0.053615256687367094
0.017813524606591292
0.02086314522901267
0.03427502587719681
0.07494072536314403
0.11233998483730165
0.034323768564941855
0.043326686318209934
0.027372948099128692
0.032507563556559316
0.02156164104083342
0.03905445946910888
0.0552278874759886
0.060001379381782585
0.04076524011307243
0.017810030292486085
0.03984973754401822
0.033742167121496275
0.019992850469421293
0.02165267671217907
0.02037185895986396
0.043313103113794334
0.06694047691117266
0.10034720273606093
0.030659556949737134
0.038701374066871914
0.024450766807250692
0.029037239727152844
0.09857281063587639
0.06618946464037233
0.03050523557810892
0.02050821292364283
0.030516278252286252
0.03269674744116377
0.035595604700318965
0.03014004399055752
0.017858526705627764
0.019341159276122327
0.018197074390890675
0.03868924092861957
0.15110417132670143
0.04070953957939057
0.023202758280085466
0.0138598863897061
0.015495931036627084
0.026680624356386323
0.09886226839784797
0.06638382913274408
0.030594813801169567
0.020568435021162627
0.030605888902014385
0.03279276100998682
0.09195166158238938
0.02027340125659474
0.02888788811024529
0.04276216877905422
0.012576187134117543
0.03403485779651611
0.1515478867384326
0.04082908260694076
0.023270892874604945
0.01390058576379988
0.01554143463430877
0.026758971658896874
0.057118489751164785
0.06072356659297516
0.03312591388727496
0.025549698702496407
0.01837747377830014
0.022961769505181043
0.022086604996732553
0.060675008502187114
0.07230750306674892
0.046320887149449305
0.03010162441282695
0.015958284094915447
0.07095083265779908
0.0843494488709056
0.0383489488943923
0.04001988670062793
0.013663967699313466
0.019685203560501782
0.02620879429872442
0.02837724706327104
0.04824283137883687
0.07199320992521457
0.045836156049407564
0.030829993564316815
0.03445083569271676
0.02779635935610082
0.03889149054337945
0.05013423925171996
0.05090251750505354
0.031868047636854434
0.06669877479246233
0.07929441675820031
0.03605071018928425
0.03762150929417778
0.01284509103287893
0.018505476396003372
0.08011017697319409
0.06418668278494541
0.03197061606782073
0.019462310057967298
0.028302652857771598
0.05683337629872817
0.032386209508819
0.026130533544050347
0.03656073751251325
0.047129712337129655
0.04785194795125123
0.029958207011575765
0.03382203392079726
0.03021726576516544
0.02561144798067181
0.0614117980927848
0.04789970769530685
0.04913853267075049
0.08105099909977564
0.06494049776423519
0.03234608225867828
0.019690877421425418
0.028635042112865345
0.057500833293213045
0.029726896525640555
0.03796379907728342
0.06242954550620828
0.047738066810059744
0.014483248536744231
0.01740558646701934
0.03421924335261921
0.03057214043041772
0.025912231449944027
0.062133024541931
0.04846224677035612
0.049715620633243224
0.0211389697490753
0.02070289644163035
0.03265942834786028
0.08880272241549644
0.06659856660131197
0.0251713610357011
0.028718104737762963
0.03667548535395999
0.06031097881448275
0.04611806016975667
0.013991754842706726
0.01681492229607309
0.06956341376377308
0.03634124104848769
0.025327213475989662
0.06305989162673364
0.06357726724870724
0.050475431828923625
0.020421612016536132
0.0200003369969341
0.03155112015007447
0.08578917348896598
0.06433852283879293
0.024317162808832206
0.055671355882812495
0.07131420632631726
0.03744605413778431
0.01936800628620843
0.025412419398893396
0.03339619359262873
0.0661390238962599
0.03455227511242974
0.024080433760807124
0.05995564986731726
0.06044755670129259
0.04799068377011958
0.043859105245967735
0.052857227728264185
0.06180921948685506
0.03618380488069519
0.022959500227533534
0.04155380923754875
0.052930828690699566
0.06780363040227079
0.035602701699630146
0.01841457975217362
0.024161445261912717
0.03175220315621252
0.04504946940601925
0.020534780970741788
0.0224027395334552
0.03481164878522728
0.05475982931426464
0.039387785733043204
0.05294882321142209
0.06381178983780213
0.07461906523381157
0.04368283112480189
0.027717813935158736
0.050165758894098925
0.03789486459221816
0.02851383237455176
0.03200811574946149
0.01985397986913077
0.03892246825242931
0.016999267104432936
0.0543858881290557
0.02479057612341609
0.02704566562304668
0.04202629823134791
0.06610870206284508
0.04755083104801859
0.033013686115751464
0.024879927229615913
0.025837336977303265
0.05652455084108223
0.08396685260292619
0.026730993492786535
0.03544518605596404
0.02667058200524892
0.029938980657381098
0.018570537670088885
0.03640636122626544
0.01590036517653605
0.059036652322641485
0.05252501534240882
0.014018339379773368
0.022656588804918755
0.08347707182119952
0.0961469330225336
0.030879546855705278
0.023271587303512302
0.024167106181960562
0.05287057343657559
0.07853889293631634
0.02500299309704229
0.05116353161651854
0.04986473283347176
0.01439513926778555
0.05741384226077388
0.0837597018951313
0.017879662745136464
0.04952456381824525
0.044062093158046586
0.011759680061891825
0.01900611965666307
0.07002710025249383
0.08065557129459483
0.10288012916041828
0.022607969364964776
0.022090607242455512
0.02218635017196918
0.04120706173465299
0.03757741603559367
0.04291997406731868
0.04183044001199096
0.012075769294028219
0.04816322374708695
0.07026419247542161
0.014998860264483806
0.07877901778914305
0.06525654371939452
0.018437946840438892
0.02202948680181282
0.01692945358290964
0.04473036562783672
0.10492005876258535
0.02305624510420463
0.022528624612879546
0.022626265954046727
0.042024124327175325
0.038322509222874064
0.0555378647244149
0.13070687050238264
0.04041675513573561
0.003930436051714436
0.009304085213926384
0.01162567543456284
0.08034106530725162
0.06655046467725738
0.01880353846507951
0.02246629226283139
0.017265134474779842
0.04561728905711918
0.0627427301631144
0.05599339292172437
0.046408817564256265
0.014698807723114651
0.03300450524286869
0.031108382002397225
0.05728895774912165
0.13482802082664694
0.04169108389055276
0.004054361578710569
0.009597440365411374
0.011992229663141566
0.038579918642719035
0.03462014259634165
0.04382551684547448
0.0352250129534537
0.027854167406075728
0.044708801802101183
0.06472099053889344
0.05775884862048825
0.04787207433735888
0.0151622569357045
0.03404512787395946
0.03208922040885406
0.07660038911491182
0.034504235498380206
0.010438877807428245
0.018599511349159586
0.07510859349482583
0.048834152556259246
0.043545923159601714
0.039076445008503456
0.04946673440803193
0.03975917423704975
0.03143955394961847
0.05046371574450133
0.02016935937066455
0.03653262878125825
0.05166170365587267
0.056126960892953354
0.03813294062891082
0.01665999822051063
0.08646038601802641
0.03894561835673616
0.011782569452373132
0.020993639191343845
0.08477656656667686
0.0551200813685609
0.026299712980734313
0.03941180168651443
0.04560587375202757
0.060254978664177894
0.03506710069226445
0.022246457426286798
0.02322333282689186
0.042064270938740045
0.059484137118880474
0.06462550790159541
0.04390689637774671
0.01918259655450805
0.04292083873840673
0.03634257596066663
0.02153364021459961
0.023321384347681755
0.021941857766366608
0.04665111563040158
0.030281923018916256
0.04537939807868204
0.05251135475056247
0.06937857560467303
0.040376837741066776
0.02561493776452633
0.056820324731966194
0.023388584248411955
0.03837872879180714
0.06536432816003217
0.028000679874908233
0.0793060855957909
0.03732279461696123
0.03160251612738229
0.018725068165219
0.020279641865732362
0.019080043051345932
0.04056654199927272
0.15843613276619134
0.04268487071548566
0.02432861554468455
0.014532403578826736
0.01624783330267305
0.027975236591409196
0.04940940979661153
0.020338077072661092
0.03337309927904375
0.056839042919483634
0.024348630055342525
0.06896241619617349
0.12609787939164613
0.059110211361757044
0.019932467989273436
0.011059823564354438
0.013923614557292071
0.06482355361036493
0.13743175080280168
0.037026001662622196
0.02110329361452155
0.01260579662190066
0.014093806372020444
0.024266470512466234
0.051798109618401714
0.05506738662919746
0.030040355167265494
0.02316983694552353
0.01666567875699623
0.0208229639656673
0.10938068251696476
0.05127378266520923
0.017289957320715407
0.009593587583094929
0.012077716696960158
0.05622968896292563
0.10157799767292036
0.0520705896479026
0.053736736481444586
0.03251697755298662
0.02785136907328332
0.032309397335156614
0.025266722690146206
0.02735723070985877
0.04650874925199747
0.06940542361547743
0.044188581545661354
0.02972181356570446
0.03321250500768097
0.026797222933694142
0.03749354111317659
0.04833217072165364
0.04907283331584227
0.030722554923328125
0.03621138030520976
0.060508048403837944
0.06435965415263996
0.05203688064070142
0.0421982850519118
0.02732376954808846
0.05220200416133365
0.05705553370987328
0.03811364070393873
0.04908591995405093
0.020424088627712028
0.032401370990833095
0.030570629426312463
0.024665648428830924
0.03451113220716274
0.044487607308127904
0.045169354189058306
0.028278741437099894
0.031925961114878484
0.02852327728355256
0.02417566294923126
0.057969035289134954
0.04521443650832825
0.04638381260459649
0.04804961637665947
0.0525170738359432
0.0350819062211136
0.04518139985580402
0.018799462571809894
0.0298240167441797
0.02014135180539742
0.045206336441987724
0.04655576441580354
0.1382182396792446
0.06573220805660061
0.012817256808085068
0.030205441841375708
0.026986131756962736
0.0228728143394685
0.054845030905290776
0.042777789129938355
0.043884146477785414
0.018659440092307633
0.018274516708968225
0.028828587861173812
0.07838646341874178
0.058786779984161756
0.022218845519094282
0.019055915916689387
0.04277012558358874
0.0440468316484603
0.1307695322006484
0.0621898391849374
0.012126523104175746
0.010711200869306924
0.021898294998796787
0.038444967613515534
0.050011621107047516
0.07166512570037656
0.049583969284482
0.020822393479046145
0.020392850786043096
0.032170322202651744
0.08747281679736847
0.06560118943231091
0.02479439585325232
0.056763926215289785
0.07271377321095197
0.03818094638480272
0.019748110358257406
0.02591114724683994
0.03405160587347528
0.011952815198659433
0.024436687956845553
0.042901407490132534
0.05580883713896725
0.07997235922816996
0.05533161303805966
0.032902397287095035
0.05871900348463133
0.024252319386873104
0.016055741171319523
0.03247300792159509
0.0665702605986921
0.06051415725137917
0.07751776523949183
0.04070345283681384
0.021052811799957657
0.027623022993722417
0.03630129855137523
0.05150364623341047
0.023476771392480413
0.025612349863462513
0.03979906683643468
0.06260519633172394
0.04503082076347336
0.035076165024721516
0.06259840091110797
0.02585460109862167
0.017116498290545745
0.0346184071260275
0.0709683682354138
0.027244595202619373
0.018361042844358997
0.0195332033124109
0.04013341255034185
0.09180478813055636
0.04495008014695453
0.05214704852920464
0.023770051766132057
0.025932308660712586
0.04029625126599874
0.06338728323224994
0.04559336216742389
0.031654650704991856
0.023855724660911
0.024773721852691954
0.05419767144018853
0.08051028838839688
0.025630590266254718
0.027584944602774594
0.01859041567489021
0.01977721919816904
0.04063477374826406
0.09295164696032557
0.045511612909734364
0.056497313278751585
0.02608063515949802
0.028373498961477703
0.03472978174861337
0.07006861610794816
0.047450510719483044
0.030393613052915613
0.022905375617564
0.023786802226585257
0.05203857940098441
0.07730297120826213
0.024609535266409494
0.050358400323668284
0.04908003999571456
0.01416861117788939
0.056510353396999016
0.08244162327653558
0.017598300698246982
0.05424660958438361
0.02504165156013061
0.027243173726016263
0.033346239000296596
0.06727726756442863
0.04556020773730294
0.02489060306256425
0.013895896676641952
0.019798765869244287
0.0469243989069334
0.09056034387907158
0.05002056190340899
0.0471300431926058
0.04593363550123885
0.01326029525364641
0.052887609203468335
0.07715648711870413
0.016470115545648614
0.08650654134249632
0.07165763239444962
0.02024654603961046
0.024190384245151523
0.018590082960867744
0.04911801812262129
0.02329492576985827
0.013005063829684738
0.018529514134292525
0.043916187429635545
0.08475473587575177
0.046813862789006705
0.05854746835783223
0.049351072837285834
0.01488879410603284
0.014393417068419899
0.060939749019775336
0.0484177477749917
0.07841584181948154
0.06495570716155011
0.018352946806035483
0.021927929554021182
0.01685140779237606
0.044524155974986206
0.061239217889099966
0.054651615901459845
0.04529671698066744
0.01434657826533321
0.03221361395392699
0.030362927763416238
0.053071697774877066
0.04473541377534218
0.013496289475718036
0.013047243579076958
0.05524023554165725
0.043889379830218296
0.059548731365049734
0.06107939084341013
0.03374710898546918
0.04756685601092133
0.012244601019755734
0.07919432840424782
0.05805888925612096
0.051813400377467664
0.04294432825071268
0.013601519213058237
0.030540668374920154
0.028786093638559572
0.06871547347418698
0.0309525174288506
0.009364344481338611
0.016684957393998567
0.06737723689934208
0.043807374262551685
0.05645619455700616
0.05790736248837805
0.03199452460104559
0.04509657243502268
0.011608703688521784
0.0750815392656001
0.08497279239074271
0.09793161385423943
0.02553139298752701
0.015291984150977383
0.0029411929949633526
0.032539263302360254
0.07770766591423772
0.0350030024091921
0.010589774262925665
0.018868371698743818
0.076194306034511
0.04954006181814525
0.023637291065542406
0.03542199219299487
0.04098901432744675
0.05415513355132644
0.03151712212581701
0.019994362286293522
0.0960924378317811
0.11074706681146698
0.02887246287177438
0.01729311224227184
0.0033260811733730497
0.03679739182391108
0.0957685514956999
0.036225338788261514
0.026170399214363326
0.030990225445267094
0.018380497605286233
0.025718268894758266
0.02774412105129969
0.04157633954566236
0.048110596604359436
0.06356424586180999
0.03699302297469923
0.023468256412137196
0.05205844974089251
0.02142848432053393
0.03516236722250954
0.05988641579254999
0.025654059403125304
0.07265977254812736
0.1124077322666482
0.04251926253643257
0.03071734073717864
0.03637458132475843
0.021573992938961322
0.030186655631034152
0.04319628733581266
0.04822085888269826
0.029047398841363804
0.021080633766060806
0.029649945232530138
0.04671909907972288
0.04539894859267556
0.018687276761580256
0.030664272752585483
0.05222553352044861
0.022372301323469325
0.0633648772694202
0.11586277123551765
0.054312355843979955
0.018314590141739244
0.010162120201577939
0.012793463109816019
0.05956195773367303
0.03767046536947798
0.042052275939954815
0.025331552770272915
0.018383924481228844
0.025857019294409055
0.0407426265663533
0.16155227575885892
0.061832560107678874
0.017136074262247444
0.011600635698417343
0.014905303809671706
0.039214747733224725
0.09834912246512272
0.04610257876027268
0.015546183209160791
0.008626028823173098
0.010859621746684213
0.05055865842794331
0.09133337535489
0.046819023983676926
0.048317132015243486
0.02923748630895881
0.025042426548991723
0.029050841539563325
0.13713226762745234
0.05248603983414813
0.014545810083926063
0.009847100399987463
0.012652239663570942
0.033287103235379305
0.09029389002212802
0.04814335015157398
0.01134074394782026
0.027574875315439944
0.026647747097327826
0.0362062942548782
0.032507482794151464
0.054318955141084674
0.057776597643351364
0.04671426462706656
0.0378820142647356
0.02452894534727403
0.04686249841325807
0.05121958248352087
0.03421516962244895
0.04406514429696671
0.01833500142926207
0.029087182016088134
0.03591248657881884
0.07845610839345894
0.030935336366763953
0.04118811277000516
0.02034716240232867
0.011293336395644258
0.08566206810146551
0.025065471635306872
0.04821325857854494
0.02863784636238573
0.08343928700865405
0.033336620577268286
0.041933925327019436
0.04583277076276033
0.030616728014508918
0.039430771577269604
0.016406692063775014
0.026028055693483484
0.017577787426478565
0.03945253426804202
0.04063020885017814
0.12062600658674545
0.057365900335565344
0.01118589346633276
0.07665290773546633
0.022429312380496398
0.04314262477377849
0.025625977093598307
0.07466389862326979
0.029830576799696452
0.050796461439589186
0.07576561312650261
0.021125570270332638
0.032814634464056906
0.032448929548748943
0.027616159642334343
0.017970169432736986
0.04033321760846939
0.041537180955172205
0.12331869328974598
0.05864645667171618
0.011435591748239445
0.010100910147328427
0.02065059864542063
0.036254493610873614
0.04716211536766818
0.06758187099924494
0.04675882980830073
0.05193037078590829
0.07745689898419784
0.021597148031794224
0.033547142588842144
0.03317327418714733
0.028232624266846123
0.0460815305443804
0.03195895092289534
0.020874971806315017
0.033731376164752275
0.07324812278948757
0.026417399579217644
0.011869071255536868
0.02426547936938312
0.04260083118496766
0.055417828660594186
0.07941205601999082
0.05494394809234388
0.03267187615536068
0.05830760576733187
0.024082402524479685
0.01594325126387141
0.03224549518227744
0.06610385531888349
0.05414808780772198
0.03755335511586321
0.024529128980719375
0.03963604283250191
0.08607018338369089
0.031041756972232274
0.07896074314818378
0.0213043502272488
0.031715120101645185
0.022936732680722452
0.020300120239027754
0.053940605963011104
0.035421008718328616
0.063213823485636
0.026108784990540958
0.01728477542369218
0.03495875047233459
0.07166607832471007
0.027512444519495374
0.01854155544681894
0.01972523975577587
0.040527975473944336
0.09270734695383266
0.04539199709126375
0.08560479227326602
0.023096977092755367
0.03438374766974908
0.024866714246544436
0.022008247477142265
0.05847936815756617
0.07706955269262049
0.025866830238709854
0.011473847903508387
0.026962794868556603
0.0506284856243778
0.06649878330890668
0.02483253323292472
0.016735473705253034
0.017803858592631394
0.03658025723983687
0.08367698015841588
0.04097048793606451
0.050860040858100614
0.023478323000470216
0.0255424060494354
0.031264462258804665
0.06307720617683074
0.04271592353469124
0.06956242027603167
0.023347213697351463
0.010356212046933795
0.024336423437456324
0.04569690457382422
0.060021320362767
0.05446433890333508
0.01692228366275533
0.05025253644986254
0.042932883894492686
0.09172731669021995
0.05284212304888891
0.050427264138334156
0.023278541965254185
0.025325061381233915
0.030998427643154674
0.06254047152383657
0.04235244649147148
0.023138128351521722
0.012917527150927208
0.018404792552949394
0.043620588942643986
0.0841842543937155
0.04649876013960589
0.05400089259977042
0.016778289078972795
0.04982492908821308
0.04256756069874827
0.09094679338429244
0.05239248045535663
0.06140274930150683
0.05142536445006918
0.01645031319105919
0.028974426123338115
0.028104558483348266
0.04344530885550548
0.02462319872346812
0.013746610495924452
0.019586064076166927
0.046420281435546634
0.08958743740338548
0.049483181781948
0.06188583566968095
0.05216506314268596
0.015737750772316716
0.015214127414994439
0.06441452379357933
0.051178520034134915
0.06534375102638158
0.05472598945962492
0.01750614071341254
0.030834086555945633
0.029908388356109365
0.046233751377786174
0.11535302366267562
0.015323253663111158
0.013136184938361849
0.028476395799165652
0.033282458269919546
0.04583390735040533
0.054295630886988216
0.045767096508310144
0.013807539280652448
0.01334813754154166
0.05651417921097508
0.044901551430081
0.06092203704694178
0.062487996410127394
0.03452538075473774
0.04866383712423988
0.012526984536036673
0.08102069848263728
0.10120514858871167
0.013443879619251538
0.011525051588273818
0.02498380863039336
0.02920041475856597
0.04021244746356761
0.11825332235025902
0.048222031670391956
0.028196572640970988
0.010381626995943053
0.02408945399343926
0.021505107489895363
0.056087188183318926
0.05752887105782206
0.03178540346573851
0.044801814299258357
0.011532827415157564
0.0745907947732968
0.08441739714619563
0.09729151775882865
0.025364515874830407
0.015192033389819776
0.0029219689050312934
0.032326581671090655
0.10886859116104679
0.0443950710774043
0.025958857459414997
0.009557728125896794
0.022177684871606825
0.019798435330697965
0.03933986772393107
0.019535868385638464
0.016549896629912637
0.01911037445819049
0.07782237038426155
0.06304428061279074
0.09844948394379487
0.11346357551012091
0.029580673922422425
0.01771729403945571
0.003407666435177577
0.037699993020090854
0.098117653017625
0.03711390812705513
0.026812331494466865
0.031750382977372475
0.018831351818114725
0.026349110895168684
0.04587904634314713
0.02278317297119696
0.019300864959344185
0.022286952298745683
0.09075821409590444
0.07352367049635752
0.06902979061418553
0.013552553033521061
0.011484051246383502
0.020453712881468522
0.023687946329081784
0.047966529744410284
0.11390678617608754
0.043086293517722356
0.031126982928077196
0.03685966769061226
0.02186170071319744
0.030589220679043995
0.04377234702582055
0.048863925561182256
0.02943477091901499
0.021361762170871164
0.030045352785188988
0.047342138497997156
0.0801380929674061
0.0157334354527627
0.01333206950559712
0.023745132787450742
0.027499820414300703
0.05568532347817198
0.09603698347546491
0.04477040844893166
0.01057519896017211
0.02733370476725228
0.05053666363443508
0.05636213642795714
0.03928805581458518
0.04385802373436877
0.026419303540512203
0.019173340281982466
0.026967333885411622
0.04249213729832589
0.16848941909090248
0.06448768415368382
0.01787190669015575
0.012098773358222667
0.015545345730775238
0.04089865051006563
0.08619840203731295
0.0401838700800264
0.009491814701014343
0.024533482700430306
0.045359396890036485
0.05058807471540497
0.11673010112545233
0.01921805176629628
0.002780869254488002
0.011091746426961174
0.02555135116977464
0.050682792328200665
0.14480304128836055
0.05542195374333055
0.015359459699722373
0.010397918086381656
0.013359968547822176
0.035149085387089635
0.09534466330332496
0.0508363468377649
0.011975111638773758
0.029117332323787125
0.02813834329392864
0.03823156732251188
0.10032008979592975
0.01651636262034634
0.0023899324221535114
0.009532459809578668
0.021959321709181752
0.043557764693522606
0.11901952226320854
0.029627084250292104
0.026377429500895305
0.06864026940550041
0.008811011525305954
0.025113898038095855
