0
0.22300214487036468
0.0
0.0
0.0
0.20332300858782118
0.4192944503867709
0.1365730438128171
0.01780683130920296
0.7755385063090273
0.1788016707756566
0.0
0.0
0.0
0.0
0.028375154893818276
0.017284190841636526
0.09621505078005893
0.06964782947806686
0.2706239446945988
0.18733008688562258
0.37618247139848426
0.0
0.0
0.0
0.510598617120407
0.0
0.17876409060476645
0.06231713829983283
0.052791372841240775
0.022544886925826676
0.09855485770825047
0.0744284390613608
0.18671640298709663
0.10631752478042233
0.189178982653829
0.1622352539332989
0.07947002454618755
0.23207426425887026
0.04400717618043218
0.0
0.08785645755763419
0.19198639476666093
0.2555046977980287
0.3292234553119011
0.0944385140733625
0.0
0.0
0.04099017961414104
0.1592214811801815
0.0
0.08995557175133914
0.47730797463412483
0.1283435896989317
0.05696867845300565
0.0432417734340201
0.044960653292341425
0.8817492221029414
0.008555098705404189
0.011863787512641723
0.0
0.0
0.0
0.0
0.09783129848964592
0.43017917379467263
0.0
0.0
0.0
0.0
0.0
0.2599824621234418
0.309837568972247
0.05811615638393374
0.29915899570678367
0.3589303390562569
0.28379374416674796
0.0
0.0
0.0
0.0
0.08311896506788423
0.0
0.0
0.23896007459943422
0.36471704419010387
0.3132032458283484
0.0
0.0
0.3840081780180959
0.09695716648539333
0.0
0.08013699378046524
0.0
0.027734623943576925
0.3270229239714277
0.08413946153754413
0.2713830555872422
0.0
0.0
0.0
0.0
0.16331233881337384
0.39816205679072
0.16714174112097335
0.43096100110348756
0.08633507751867955
0.0
0.0
0.0
0.2080550335830359
0.051543971898075344
0.22310432024152624
0.200230439079775
0.26805569316174754
0.30076957189909725
0.07665161187576887
0.040259396281483686
0.09716796278816135
0.0
0.01686483144413098
0.26301048317026254
0.11842521839080386
0.1892404527826953
0.317676367174634
0.11164719996893038
0.0
0.0
0.0
0.18308993639721238
0.10163894892593414
0.6685059701844371
0.03872354788012858
0.0
0.0
0.008041332642621028
0.0
0.285688048096205
0.0
0.17536852289977367
0.08745154422211775
0.27560444958180574
0.12458260812689118
0.051303986814265234
0.0
0.22605805928310332
0.14399903162899325
0.5319556184977241
0.0416625232995465
0.0
0.0
0.0
0.05632283315658388
0.4038065461959483
0.0
0.03917119974668702
0.026710279199877725
0.18753107233506658
0.027961601011654253
0.20033532889250988
0.11448319106777824
0.4661957841403275
0.0
0.04940873415620321
0.13708951497639912
0.0
0.0334808871520416
0.09240847850758813
0.22141535330845966
0.7222309160885848
0.0664877176087407
0.0
0.0
0.15181088119276323
0.0
0.05946842341327622
0.0
0.3911232403782592
0.023448448473515713
0.0
0.0
0.0
0.0
0.0
0.5854279760335594
0.299568438047915
0.0
0.0
0.0
0.0
0.0
0.0
0.7004310469340741
0.44661850271948
0.0
0.05342409092207179
0.22012191795379632
0.0
0.0
0.20323709682416535
0.07659524353549721
0.6372003111167229
0.0
0.07834098191906361
0.0
0.1477211802058765
0.0
0.07834098191906361
0.058391928552288766
0.35218977190584266
0.0
0.0
0.0
0.264142328929382
0.09844003981184042
0.28521685342231695
0.0
0.3394266240999312
0.0
0.08000362169332675
0.0
0.056571104016655195
0.0
0.5239845074137667
0.0
0.11073754563852481
0.0
0.10440435816730431
0.0
0.44295018255409924
0.13308996917645344
0.20880871633460862
0.0
0.6226156963524915
0.0
0.0
0.0
0.0
0.0
0.3773620673727334
0.0
0.0
0.0
0.0
0.0
0.3320617492198357
0.4918178826458346
0.148818343199839
0.02730163411272717
0.35025085651155496
0.04482937168743264
0.019761727833580954
0.0
0.0
0.0
0.06679379495728266
0.518363725325403
0.17348567880853344
0.31692266858718615
0.15739142743770043
0.03354807191993741
0.11863369040029222
0.0
0.0
0.20001794270556741
0.0
0.0
0.0
0.07210977036484875
0.3655132503993823
0.24187738793141514
0.25311671110593437
0.06738216139723396
0.0
0.0
0.09126184871227407
0.6657047514290998
0.19801225948767148
0.0
0.029082893599416862
0.015937941175453454
0.19108359993799512
0.04010728483344872
0.0980620552506668
0.2078907686157457
0.3732751753278005
0.0
0.0661537808354621
0.02342679141814773
0.8505281921949365
0.14947150146063184
0.0
0.0
0.0
0.0
0.0
0.0
0.1395131661850704
0.06650538091180672
0.021831460373804158
0.027614857126342696
0.0
0.09624004005154915
0.49071056293713156
0.15758344084129294
0.9433429355554764
0.05665662679741247
0.0
0.0
0.0
0.0
0.0
0.0
0.19794807148014754
0.13270201555483732
0.06348297125103332
0.03814851698554296
0.1968466168466225
0.0
0.285567949936807
0.08530267500969543
0.33721270758806826
0.18624656336212644
0.10749527779463453
0.23662868673266366
0.0
0.0
0.13241548003286713
0.0
0.2006862998305941
0.1834231229964907
0.12759228627196892
0.026960870453777094
0.0
0.0
0.18874083980315312
0.2725960477830606
0.0
0.2289139533203693
0.10731913470456472
0.04417627632262535
0.06474000325710029
0.18844399715790314
0.2724778838917718
0.0939281892173586
0.10908709774982368
0.07197237874263117
0.16663737994206076
0.18086977613111022
0.33040927008201043
0.0
0.06942146742918201
0.07160215108528903
0.23431209910031284
0.1308199635633095
0.05535218078200187
0.1832510676386834
0.1423544887774429
0.09631282510707256
0.0
0.15759706254131614
0.08169715444596698
0.09054505326189272
0.3739294216343484
0.2692631966194425
0.0
0.08636923217397946
0.030659442572057032
0.06753598016244375
0.028756938861558435
0.1273867085453589
0.4148864272671782
0.3981584047929006
0.0
0.0
0.030811007016240618
0.0
0.0
0.13963555340577782
0.24872628316772108
0.4437773646845131
0.0
0.0
0.167859739790539
0.0
0.005613940393756312
0.02806970301445947
0.09625801429684024
0.2793593111282192
0.42661048618957503
0.08876822498485383
0.07531891650716616
0.0
0.06514890323069539
0.018209673134522396
0.43012110679562077
0.16015408855896218
0.05150473476321991
0.20916477381049436
0.06569468380321361
0.0
0.20557473577123758
0.2558237393219006
0.2633466989473312
0.0
0.0
0.04892863950303676
0.15263521900103666
0.07368983659195368
0.15392975417373722
0.0
0.25616641303901394
0.0
0.2222793938746878
0.2619747845411685
0.0
0.10564861605251497
0.03392285416913321
0.016437945313593435
0.0
0.0
0.0
0.0
0.17539862286650926
0.7742401319143851
0.0
0.0
0.0
0.0
0.0308256881063726
0.035864396461098805
0.07701093758781621
0.8562986362635429
0.006858768953061287
0.0
0.4090200834733411
0.02852786037090533
0.18350363263418334
0.09942257453827902
0.27266680891359923
0.0
0.3884341725559094
0.12492224741876133
0.20177974873399115
0.11937983161228335
0.05586692405406627
0.05035776590585899
0.05925581803629805
0.0
0.2614235857655408
0.0
0.11999095598899043
0.13415398013511534
0.2142164237278426
0.0
0.13605577134605454
0.13415398013511534
0.24889253828654978
0.0
0.08799679987466108
0.0
0.31111568444814947
0.0
0.3519871994986443
0.0
0.030023370256255646
0.0
0.12737836527526517
0.0
0.690537543855323
0.06713430085872181
0.08491891391170252
0.0
0.0427864573499448
0.0
0.0
0.0
0.3422916587995584
0.19134686585104912
0.42356432138487116
0.0
0.36871969547004935
0.0
0.0
0.0
0.06939515745458563
0.0
0.06851253122742418
0.49337228851227477
0.506208804729566
0.0
0.0
0.07855094859107901
0.0
0.0
0.0
0.415239747893431
0.5729070342581707
0.030089490465442955
0.0
0.0
0.0
0.0
0.024190751695179737
0.3728121232305457
0.2602987559141299
0.057080681079001695
0.14014883566568048
0.1574675106891384
0.2836200401482908
0.0
0.10138272758747366
0.0
0.08277819627135949
0.036975048319201814
0.0
0.05068832974403213
0.1192413817865434
0.536300953929684
0.10102729315681103
0.07298758302698692
0.5480033800873235
0.16356507053796568
0.05816119068184887
0.0
0.0
0.0
0.0
0.23026961083730615
0.4106256778165551
0.3158539849403324
0.0
0.0
0.0
0.0
0.0
0.2735199105047842
0.04289996177756025
0.7279953023648824
0.11817979024215232
0.11092415716300726
0.0
0.0
0.0
0.0
0.7574251700150905
0.0
0.0
0.0
0.0
0.0
0.0
0.24257455593677574
0.0
0.1068079693300722
0.06972293008898263
0.0678694427522666
0.283491821137061
0.4721072637445671
0.0
0.0
0.10628979696833027
0.46365827811656324
0.07840321931434717
0.0
0.0
0.04570249803716254
0.10166296699214324
0.20428274000575442
0.0
0.18321479667822682
0.051663585505161924
0.051639403053892516
0.3660663066544294
0.19550904005033137
0.13170759654015907
0.02019886327246953
0.0
0.10799300803247912
0.0
0.042864349740170296
0.14124253198048947
0.30246104126467716
0.2658162237650588
0.13962179522443746
0.0
0.0
0.0
0.31420471891424984
0.23250453111842517
0.37875461980025754
0.07453561611609656
0.0
0.0026177684148865708
0.0
0.174730729929776
0.5632327931325477
0.1729031369531514
0.06606949110538458
0.02044542602213534
0.0
0.0
0.0
0.0
0.0
0.11787012841713786
0.46793625538636785
0.283977666069691
0.13021514674065077
0.18417726851037602
0.0
0.3053299508192577
0.04615966446339857
0.0970699480524293
0.07405199969991758
0.1290073495554593
0.1642016759905795
0.05475324357751529
0.1693125124424847
0.38118844613523384
0.12981564643681412
0.05767544781783088
0.05176491088784784
0.09108474363394668
0.0644034469726177
0.0
0.15016096158593778
0.42047852362064203
0.25023714439697214
0.14827970892422446
0.0
0.03084267422231103
0.0
0.12311395979370197
0.01923052816089393
0.08879148403558541
0.1692811691768758
0.4090680611929017
0.09615263683063627
0.09436082741218588
0.0
0.0
0.0
0.14219601930971307
0.10356386446816165
0.08183046103553894
0.11947644526071989
0.20865560382293585
0.3442767185659869
0.15665439372948958
0.15226023390975932
0.041913495558513626
0.04016632350815057
0.07400078315500068
0.0
0.34627607103108043
0.1887276406323862
0.10584964127695524
0.035890040141594824
0.0
0.17033605567941826
0.032350843248717
0.0
0.1626350392441798
0.49293737725205466
0.0
0.0
0.054066120448794996
0.13828557416130702
0.21241187168575756
0.2399488017353172
0.2273817348115309
0.12790562768762617
0.21219035707295636
0.09934766202878176
0.0
0.04821997243016338
0.1713666133107718
0.12069703773251768
0.03910275833682328
0.30907533800812265
0.17038023771600452
0.0640577020709813
0.13815519412176006
0.0871483647164691
0.02562307987385839
0.014323737962265012
0.07740121581026035
0.42290886628587343
0.2150179885040345
0.10497510003527982
0.04117462048624096
0.0
0.237643511336851
0.19530838222361702
0.20587311870039743
0.0
0.06010857059117371
0.1083622690175945
0.36338132236125686
0.09504000318568792
0.3305971438495024
0.0
0.04250317742329272
0.0
0.2808418670380785
0.0
0.1985851865251477
0.0
0.4212628005571178
0.0
0.09929259326257385
0.0
0.4027836815013181
0.07505431220217222
0.47468510338110814
0.0
0.0
0.0
0.04746851158851596
0.0
0.18412822440400486
0.6442688168784545
0.08362130077927779
0.0
0.08798142142906723
0.0
0.0
0.0
0.3505137976719409
0.40899169992589607
0.0
0.1162678306144407
0.09775738275449163
0.0
0.02646897102886075
0.0
0.5510458467840871
0.0
0.0
0.0
0.0070883800777029405
0.0
0.02113346754770484
0.42073171489215216
0.1415864953179546
0.05233432715520835
0.31949579280516893
0.2505896204896168
0.1676303932525874
0.026167163577604177
0.042193281824144
0.0
0.3721361212465461
0.04328224920286646
0.018363101465484276
0.01368704964508573
0.043498119121385355
0.2947652157038376
0.21426706155858055
0.0
0.0
0.1217489551221792
0.730156632160749
0.03529976984325179
0.0
0.0
0.019852503317873464
0.09294173296082081
0.20256290035669533
0.07901232173699073
0.12579525215998638
0.07935728640904532
0.0
0.027850987264040183
0.04910715099806818
0.43631361117803535
0.0
0.0
0.05184822957397399
0.10771959427455946
0.5794444805864244
0.07607897849065523
0.1849080729845594
0.0
0.1939042046465275
0.0227078450091369
0.0
0.025947946860633692
0.0
0.20611419365085612
0.3880387522036202
0.16328660455841756
0.0
0.007760991005254405
0.0
0.0
0.08580353428726578
0.6255748860204436
0.235735591887695
0.04512474837608059
0.06319510162442193
0.020589048069313817
0.0
0.0
0.008274246583541272
0.03629988139301463
0.34605964007145484
0.5255818401514104
0.29418502371378147
0.0
0.05131222698536098
0.061357761935500604
0.30037604664246736
0.0
0.12589994022802103
0.16686845300676553
0.084374504484116
0.0
0.0
0.0
0.07886672362955201
0.5694887971093517
0.1739311644665921
0.09333842555344139
0.2173237733215498
0.022528085642090453
0.0448444694141658
0.20265265282622769
0.23693536976594062
0.11150182036980963
0.0531323803161364
0.11108081866496733
0.30709141524849276
0.1611040605043724
0.0
0.058890931589036834
0.11155461504494259
0.0
0.28512123380990456
0.07623694535094735
0.11262705941625925
0.1453501591696529
0.10837870999069438
0.0
0.31875222601711173
0.19401089826113155
0.12088060127261116
0.0
0.0
0.0
0.0304606970311107
0.2859601764129563
0.34921004544353584
0.18791842711973794
0.1212394044703322
0.025210711048216112
0.04644259796608365
0.19469379509744084
0.41722108603119257
0.2548748023957172
0.030379445410265053
0.0
0.041986464340770364
0.014401239499592374
0.19953400922511771
0.28252603519349895
0.2729030053125041
0.10865797360973117
0.021115777007491406
0.059724440945306455
0.05553814085262091
0.0
0.023593211356705068
0.06878544481542807
0.3183314077952263
0.3366748194802325
0.1455571063216134
0.10705747622352495
0.0
0.0
0.36916477294022276
0.13652383501316984
0.15305386787445133
0.0
0.0
0.03497114379741389
0.25887121610742486
0.04741441457959232
0.07570160066022052
0.44571950846677527
0.2215700564707899
0.07893626232265195
0.021411644603614277
0.0
0.1297622135687942
0.02689804479324511
0.11810403275430376
0.0
0.09567237567362233
0.11293387344753987
0.3238173136321027
0.1367213905148161
0.110467885521455
0.10228187702960843
0.6345377509405483
0.181683453283838
0.05888997106036969
0.0
0.0
0.0
0.0
0.12488838420629678
0.05351828432546228
0.4573602746255483
0.15619903659379952
0.27236826559162686
0.0
0.02265158722837219
0.03020211555441861
0.007700058554333449
0.6900426728270576
0.034680030099965745
0.08177437649409305
0.0323494531015529
0.049564113423619424
0.05565675151945975
0.03201962238545135
0.023911870068123123
0.11836989076181388
0.12299626466735794
0.34511499354702496
0.0
0.11525273182212784
0.04295215975030957
0.1945656288254334
0.06074352842866575
0.10690750160906747
0.0
0.0
0.056345205537082305
0.5281306821339558
0.23301714101078128
0.07559501522977986
0.0
0.08967046773852493
0.0
0.15038195097929788
0.12072256692661615
0.4121515829012155
0.10025463676993634
0.12681319028005025
0.0
0.06646487223253776
0.0
0.04699776136967148
0.0
0.5317189778603021
0.11982125500984518
0.2349888254184286
0.0
0.21107237816286822
0.022499774279255112
0.0
0.0
0.08080548001103305
0.10265523269176306
0.4338310545058962
0.1491356314298391
0.539637430353206
0.055589098160565883
0.093512244069229
0.02492013967076097
0.0
0.0
0.13294248826426922
0.1533982580781445
0.667709166540829
0.08881912569347504
0.0
0.013871158948611443
0.016821251867470285
0.0
0.03364250373494057
0.1791359521520928
0.24577915007138304
0.3058923532376415
0.22807420605607667
0.0
0.046929649956127945
0.12375910333391421
0.0
0.04956323642941592
0.25805469082060856
0.43935068199497784
0.029501830070124465
0.0
0.0
0.0
0.0
0.2730924295200572
0.032212202332567386
0.22256018386824852
0.20529256463712256
0.26013983325833195
0.2129209892610497
0.0
0.0379624434189926
0.028911335832006037
0.29506712977702315
0.09630927696242385
0.0
0.16779140345951465
0.20657284256979158
0.08386161527510964
0.08359886080203222
0.0667980795209207
0.15588457683240275
0.07384697925464098
0.42977859681391023
0.10565487189547594
0.05818492683286798
0.0
0.026021090850628256
0.1506282012975125
0.2294839425657095
0.2251883638649246
0.07785703242227282
0.0
0.0
0.11556691341397135
0.3519031227734309
0.0
0.0880416948835985
0.03079119660482669
0.03663354717887638
0.04860614396672205
0.0
0.576602630207057
0.0838069872425452
0.1355173997268606
0.09401548289133053
0.0
0.1562357459191663
0.028284688820224998
0.3659023024729417
0.28169038130840435
0.039831688221456295
0.03403947334026067
0.03204924797253268
0.2224553960635872
0.0
0.045509255067820484
0.11512611276809112
0.38096537444578993
0.15638229553441027
0.04751199426925052
0.04748459846467016
0.09406738962008045
0.0
0.31997922333627105
0.28923732808978697
0.053351280658046375
0.0
0.19587960047323236
0.0
0.0
0.0
0.038530234651612205
0.06553179514138642
0.0
0.30384245336790044
0.5920948440720168
0.09108876587470066
0.0
0.06797813331231162
0.0
0.585694799671943
0.056615173092509914
0.05874562888955387
0.13987709914916527
0.013669354457677354
0.11803623792409228
0.14804226865093448
0.49397525504141754
0.1494735454346609
0.0
0.05535666517484795
0.021446249447674617
0.06482329998714735
0.1038539004536955
0.24575635889905986
0.10501696447580304
0.25427457689158106
0.11647907821599614
0.10979533355944493
0.0
0.0850011247852531
0.10586975772233015
0.10463601923795687
0.29639945152718156
0.22218361543519594
0.0380669441959836
0.06248598513323568
0.08535639262724606
0.13852553197150005
0.25355708284317224
0.28116035527456174
0.21749652684807633
0.0
0.06301257401872834
0.04624750402097684
0.0
0.005899192574888339
0.06175865639619062
0.5462483472691907
0.24942242440365842
0.06539860243409926
0.0233745035076675
0.04789780704221267
0.0
0.11894239102973761
0.4060853481717716
0.2995383584030505
0.0
0.09002124547710513
0.024143739067003688
0.019077988021469323
0.042190508261888866
0.013853098147905744
0.0
0.0
0.48169546525092843
0.32556265314624894
0.048978094485011454
0.11184736542097183
0.01806222836543378
0.03601377686446906
0.2719676703849881
0.34515902053237146
0.34685900533141906
0.0
0.0
0.0
0.0
0.13369672736260574
0.5431318599009525
0.10279179163325178
0.1295261807793734
0.0
0.0
0.0
0.09085314292267714
0.5156702605323045
0.4320975559933349
0.008546076991681877
0.015406659587597956
0.02152242395402117
0.006756267567410634
0.0
0.0
0.07650121377557617
0.3476521112291816
0.34342871996566277
0.042359541216590385
0.03226006464527243
0.029952717907532348
0.06167642077109009
0.06616771285322119
0.0
0.0
0.0847654447322779
0.9152335032994979
0.0
0.0
0.0
0.0
0.0
0.0
0.0
0.37312573501205254
0.6268732559498429
0.0
0.0
0.0
0.0
0.0
0.0
0.11775500079776158
0.7648377576745112
0.11740611262275671
0.0
0.0
0.0
0.0
0.0
0.0
0.02123141227829654
0.9502819845739269
0.02848492465736549
0.0
0.08218031407193414
0.0
0.12996756233365042
0.0
0.47213355279347197
0.0936845079726237
0.22203346089990567
0.0
0.23872888286934038
0.13019413539655708
0.017965050218117756
0.0
0.0
0.0
0.11680902637134456
0.4963023480720723
0.3748320564552327
0.0
0.0
0.047908283283806426
0.0
0.0
0.11171780124050976
0.4655409137517869
0.11070253124220146
0.43072773935309167
0.23906980569727432
0.1521460745190129
0.0
0.04125640001329459
0.026092836569553496
0.0
0.028221136146630414
0.0
0.03543886168735334
0.21556882001222585
0.45600306202952706
0.23673668032194178
0.028030056147255424
0.0
0.017716713084709845
0.0
0.0
0.0
0.09665009721613196
0.23992450535515297
0.5902641162573102
0.05544416708771949
0.42346614780252
0.12550766924857795
0.06309926843576157
0.0
0.03097097703394192
0.0
0.0
0.3569556902723843
0.08657928389907672
0.04519452739756957
0.30862501454145724
0.41901117220123874
0.1250106346921466
0.0
0.0
0.015578644048132148
0.0
0.0
0.26580822946188165
0.0
0.0822784576675796
0.27799412556876996
0.19807527794684446
0.17584307651554382
0.0
0.18456958653324426
0.11474213978466866
0.3243155864687077
0.3763713222264224
0.0
0.0
0.0
0.07802658766030658
0.0
0.0517092704193333
0.09840203897507842
0.32392435745106624
0.32248186623046027
0.03206872915860508
0.09338554666871615
0.14698565223977356
0.03654773894481213
0.02334949365394391
0.0
0.4123727405856384
0.27379393893982995
0.10694985189866944
0.0
0.03446109219781819
0.028713918224918207
0.0
0.12798303736435562
0.12430835318371776
0.14483322602772666
0.5396998868134784
0.0
0.06657276067485572
0.0
0.0
0.0
0.12648259287014252
0.34554233972107495
0.20227570301965445
0.2591262570563603
0.10133575235860891
0.0
0.0
0.13988590335105877
0.3833031976918362
0.06717161639142397
0.1405335153542959
0.16776953968762007
0.23143584235547002
0.2518879840059366
0.19154300902286353
0.2624478985488352
0.040103085298076935
0.0
0.022581746504445957
0.0
0.012218146028277733
0.0
0.3032963264258129
0.29489917910508234
0.06546281659415376
0.09258125287597228
0.12970422275975532
0.10183746450770635
0.0
0.23060438125473123
0.3026565337970341
0.33297735188168864
0.1099470280261587
0.0
0.023814186791176542
0.0
0.21982235488609486
0.3395538226231709
0.26165377115683097
0.12554222972347073
0.0
0.0
0.053427401208243186
0.0
0.19995236171357111
0.0
0.3246898399785888
0.0
0.12740874614898812
0.2093795880335948
0.13856904067351783
0.0
0.0
0.06109781228367757
0.3679922376847137
0.05734181643372231
0.25793716195011135
0.2556304799457586
0.0
0.0
0.018894457983327045
0.03456760217409421
0.2550188357884685
0.381110790842022
0.19458630185482992
0.0
0.07874201168096763
0.037079570256788735
0.0
0.08611294310309786
0.2157247443270775
0.2171118495595777
0.13576413275034294
0.2198080212130176
0.08334274070023312
0.04213520049039404
0.10857168035447584
0.7402516160442154
0.11761883344014086
0.0
0.015180847440081554
0.0
0.0
0.018376645083371484
0.0
0.2721962500381239
0.6541901490984954
0.07361252401862964
0.0
0.0
0.0
0.0
0.0
0.0
0.8888307992727207
0.1111685735570002
0.0
0.0
0.0
0.0
0.0
0.0
0.12449458425245845
0.875504783743564
0.0
0.0
0.0
0.0
0.0
0.0
0.0
0.12967628957033522
0.8703230063336035
0.0
0.0
0.0
0.0
0.0
0.0
0.0
0.6814176107388267
0.3185816090142387
0.0
0.0
0.0
0.0
0.0
0.0
0.0
0.9303564755374346
0.06964270371544017
0.0
0.025462984195214318
0.16852724039287725
0.17054598546287267
0.0
0.39610509836230734
0.0
0.0
0.23935814772433006
0.04101171125643063
0.0
0.035024550589554636
0.0
0.10689075951308598
0.23566911344231598
0.41823562552720445
0.16316777362923243
0.05197026843470632
0.0
0.0
0.0
0.0
0.4238199830166905
0.34112400295487283
0.1830852516904412
0.04365262953513001
0.0
0.055203367383937045
0.21369897277102298
0.24312786528739197
0.12199836928559499
0.32231666555298005
0.0
0.09012742692045825
0.11711751812515421
0.1664985909808663
0.05520973047394955
0.49296402120267285
0.07807834758474545
0.0
0.0
0.23823484944735066
0.09329283986183025
0.15749025184894774
0.1231355984996854
0.2534894801298822
0.0
0.03464808850839879
0.09970736046020838
0.0
0.0
0.0
0.0
0.17314107068638024
0.15768437313070047
0.3332714686845589
0.33590285995123154
0.0
0.0
0.0
0.6267657385358952
0.37323407947183285
0.0
0.0
0.0
0.0
0.0
0.0
0.5296557882915945
0.4703439387600198
0.0
0.0
0.0
0.0
0.12407230067255424
0.11502826827562472
0.08618332819706362
0.1285339743533418
0.34766873124192194
0.19851292035189383
0.0
0.0
0.0
0.0
0.0
0.3335405965501671
0.314070584545593
0.3523882174625646
0.0
0.247170856446522
0.17470836630376435
0.04248512686249915
0.0
0.0
0.20508685976522137
0.12398707379294223
0.20656032218648662
0.3033836979377957
0.11484244425676512
0.25349756580161936
0.0
0.0
0.0
0.13296722040291875
0.1953085526208471
0.0
0.0
0.0
0.3035798664993521
0.23114538401635829
0.09036128160183865
0.10275962705181654
0.27215318145735323
0.19717329835430977
0.0
0.2394352544858411
0.3456891443820935
0.2177019563277319
0.0
0.0
0.0
0.10101560875216434
0.08530282767296138
0.01800640231490421
0.0
0.2548100108150997
0.12819339162325022
0.14502736395373836
0.2676439176991697
0.17259719892566094
0.25369059895568974
0.1198993396375702
0.032073318321143636
0.15419631701363343
0.07388431366798477
0.11070879850428611
0.08294956427288963
0.1761010832027771
0.18657292736422892
0.5447561498148162
0.04193961747147392
0.0
0.0
0.050629934104237564
0.0
0.0
0.1975266373396568
0.15894583809986365
0.22590347932835966
0.2765766101272662
0.14104692787360726
0.0
0.0
0.045028819241619854
0.45051824100239446
0.44147396037084663
0.04673355085141828
0.0
0.0
0.0
0.01624502442361263
0.09014655935290213
0.0
0.3252437128586413
0.36402384829575707
0.09838622973733395
0.01680918752948284
0.04455718752234354
0.060832879384696614
0.062346143418865956
0.0
0.05745523119578366
0.2788254316287796
0.13884071997281217
0.18774530007911971
0.030939979370312346
0.24384662564623633
0.11343219446622686
0.2764497808254225
0.22571499382554863
0.025990861510380457
0.07152265230129615
0.0689851515444032
0.08618567268880367
0.13171827428326544
0.0
0.21654863768188637
0.6497072762556888
0.06712348440975088
0.014893364283693472
0.05172630653369201
0.0
0.0
0.0
0.0
0.9999992999405236
0.0
0.0
0.0
0.0
0.0
0.04202718437579051
0.14274634695055852
0.6807801777635042
0.0
0.09131910149253601
0.0
0.027437975830111924
0.01568826234683709
0.010004924704487328
0.029169117409582935
0.19254417082980077
0.6553103888312759
0.0905984545099269
0.02237169309931024
0.0
0.0
0.0
0.0
0.0
0.7499948972118385
0.16287863163809266
0.0
0.08712527351308415
0.0
0.0
0.05416475439397521
0.022320301685868
0.23613138522665877
0.32176628156378706
0.2501705328280489
0.11544542906517107
0.0
0.07698850636937572
0.03537055704390196
0.0
0.0
0.0
0.19727727647384433
0.5811003191263768
0.10926220880259595
0.05383675268168234
0.0
0.04384524262209893
0.12520317130818504
0.22176412555830327
0.30187642560328937
0.25347390514589824
0.0
0.0
0.0
0.04098710041594001
0.3359269236358213
0.5179364158500646
0.10514911955491439
0.0
0.0
0.0935119917312644
0.04768808189494087
0.2012725265001073
0.09213934471964887
0.15521687245907487
0.0
0.22126753940082516
0.1889029503408023
0.15693791833762677
0.16780279298382955
0.0847483782142081
0.028249457121815657
0.24607724733673764
0.18840112693864514
0.07054050455180169
0.05724180849437082
0.0
0.0
0.23934824177872124
0.24523416048654725
0.27286683974921444
0.0940153458504471
0.14853431948031007
0.0
0.0
0.0
0.5599214600939402
0.4400777582461903
0.0
0.0
0.0
0.0
0.14738731602725075
0.3423356201774591
0.32475192674927705
0.14702753157054796
0.0
0.0
0.03849681702990184
0.0
0.11058345570209294
0.014038454200798366
0.08301231666146207
0.0
0.032012599094070116
0.09765156478381268
0.34567672813272105
0.3170240966516254
0.13307539386730924
0.14928607334126642
0.22376973546432594
0.0
0.03748232777678664
0.0
0.31146885535487423
0.14491651745170925
0.19306459478760238
0.0
0.0
0.0
0.0469962661427631
0.03813672033296585
0.07526630691142037
0.6465356293489043
0.19297862098321655
0.0
0.0
0.0
0.0721882806395005
0.0824643404424142
0.5613499354891865
0.0910180056066731
0.08784556286953303
0.16310514698617362
0.09650678199022672
0.0
0.0
0.0
0.3526074021938801
0.2999344638531055
0.08885665481063273
0.11901356010789244
0.2709755105733888
0.20319864638351814
0.317954662291381
0.0
0.0
0.0
0.0
0.0
0.14983945200003088
0.13474822515828913
0.3103829808389965
0.40502869187652357
0.0
0.0
0.0
0.0
0.0
0.0
0.03725255341482909
0.5813824190682019
0.3298280945359628
0.051536442135490475
0.04360157130619649
0.23916350167400913
0.4346974557279224
0.08065038814520151
0.14108971790245473
0.060796537294557716
0.0
0.0
0.03549194528284796
0.2560215903631618
0.6661004762629369
0.0
0.032137717943687145
0.0
0.010247942416146827
0.0
0.12083926539243121
0.48797817843339625
0.3027598606357001
0.08842220880843284
0.0
0.0
0.0
0.0
0.08032938966725262
0.12618059250799776
0.17019909739488048
0.12234339944857729
0.07795748210284688
0.17764663067247366
0.18581520869517068
0.05952742055887313
0.0
0.0
0.2323284757270764
0.5560931011053071
0.049298146634226055
0.11691106155151422
0.0453685880932823
0.0
0.15225234094452697
0.0
0.0
0.08763454218668267
0.0632607622569105
0.29250528632744766
0.32437477929144976
0.0799718917467391
0.09035400257978711
0.16422888590265755
0.23083534055749066
0.08143340004368019
0.06090031570239969
0.1761346650169503
0.17354865374518913
0.022564212693217695
0.0
0.28503000528389005
0.0682175397846621
0.0842873468255645
0.27780479045513606
0.1282373555064573
0.15642220570942417
0.0
0.03113643668694433
0.20669990436769684
0.5829901536150249
0.17917243610069847
0.0
0.0
0.0
0.0
0.018311299078762017
0.06602232917266565
0.4909569787378572
0.39489180887759484
0.0
0.0
0.006474021807048942
0.023342417869853357
0.0
0.0
0.46661708931433465
0.533382222978476
0.0
0.0
0.0
0.0
0.0
0.0
0.0
0.9999994317543486
0.0
0.0
0.0
0.0
0.0
0.0
0.0
0.13284008065334482
0.8671593159270876
0.0
0.0
0.0
0.0
0.0
0.0
0.0
0.9999993341058241
0.0
0.0
0.0
0.0
0.0
0.0
0.0
0.29792247593725274
0.5949512681714574
0.1071250747035637
0.0
0.09256096908052223
0.16006338584323337
0.08999689855420435
0.2513261699290564
0.4060523305454587
0.0
0.0
0.0
0.0
0.0
0.07278275357570246
0.2115428705297918
0.08706601304238674
0.18552237379661354
0.368313159287389
0.07477259241734205
0.09614275688293922
0.13661398336523708
0.05121472059718357
0.022552962295472285
0.07863564603478383
0.0
0.2304475712115796
0.3843920664946405
0.0
0.0
0.418245549017781
0.12104553843746185
0.2425284062060845
0.0
0.2181783944370401
0.0
0.0
0.0
0.19999956444935046
0.5985041335981723
0.1240504203937495
0.07744491949145477
0.0
0.0
0.0
0.01287891732517308
0.7387638711912607
0.06013226734307854
0.09791365500190939
0.09030984923190227
0.0
0.0
0.18542874185998265
0.0
0.07501044379965141
0.0
0.0
0.1375551493369192
0.16613813646021847
0.4358662025334527
0.07821399372366247
0.12177474918790826
0.3385087394207098
0.1922453089157975
0.17474373905772533
0.05705388620564396
0.03745771060305051
0.0
0.4040711584374757
0.44595703092802097
0.03423731005921904
0.0
0.0
0.11573340466572994
0.0
0.0
0.09500904341336046
0.0
0.1823145996502737
0.07890404478323332
0.5577246067090222
0.0
0.08604673005564484
0.0
0.1323212407445842
0.0728016700766773
0.0
0.0
0.0
0.35498527425766435
0.23784539697308307
0.20204565020970847
0.22603368780259067
0.0
0.02468667726459598
0.05462533939020154
0.2131316006500661
0.132389214575481
0.0460162311677111
0.30311652181109366
0.14161654155143624
0.42504302609696337
0.10835283932503746
0.08446992046528436
0.0
0.0
0.041745277142694256
0.19877141365223697
0.09150813628583206
0.0
0.1957891435621239
0.13574315640819742
0.04202124426790471
0.11746673321143501
0.30493023980025946
0.11253961940181706
0.0
0.0
0.0
0.11840972233244892
0.5382834252993897
0.2486314795543259
0.08061207670254
0.014062443450387763
0.0
0.0
0.0
0.05527678407905926
0.18258362350030655
0.18323646406170063
0.18483037646489187
0.394072333897495
0.11212925341980637
0.11729961056217582
0.20444870126210693
0.06257796068353469
0.3962184855959253
0.0
0.0
0.10732550673338191
0.0
0.0408522303335906
0.0
0.27527728349498504
0.5363722481987542
0.11256875588690474
0.0
0.03492888235438773
0.09421640083561629
0.07187282922192717
0.00938454268529578
0.08855726215784535
0.192892785682062
0.29086165829908495
0.1955159334259269
0.056696928723744267
0.0
0.0
0.02755984251714629
0.0417720026816296
0.4113078309986357
0.37881682097206254
0.1405427018889044
0.0
0.0032549835481752902
0.0
0.016274918347164397
0.0
0.4853891622443889
0.4775514985151027
0.0
0.017528623599263497
0.0
0.029383563631144045
0.021153975379992675
0.11312372901427495
0.061993185252092554
0.593335972795033
0.15262796404706402
0.028381036262698514
0.0
0.0
0.0
0.05930951354543762
0.4057878470161751
0.37872893996390244
0.1561731729388487
0.0
0.04509240375208016
0.02233248916468587
0.044016059594329984
0.0
0.0
0.1625865392245625
0.4895953226439601
0.2363764113806232
0.022536569960170685
0.0
0.12110324695756289
0.8284109491975982
0.0
0.027948981918153135
0.0
0.0
0.004958874557875293
0.0
0.20936742168286268
0.7052656940064097
0.060658873138698645
0.0
0.00836589356341053
0.011382999921909802
0.0
0.00599787281966934
0.03790310232333899
0.7857272464327042
0.17037154424670045
0.0
0.0
0.0
0.010386583309316855
0.0
0.009798682845874252
0.3127000914317954
0.6567277994391177
0.0
0.010386583309316855
0.0
0.0
0.0
0.06505480906084551
0.1410802078637435
0.7938647325015074
0.0
0.0
0.0
0.00987657829682162
0.04959358458550239
0.07525337549651498
0.5262755679429003
0.3390006210068752
0.0
0.0
0.0
0.28537686192060374
0.16617109469492816
0.03334613266236492
0.0
0.3966411688600812
0.0
0.11846390893132322
0.0
0.1426992736933937
0.1691280310361204
0.1022057503809758
0.3175522321176183
0.0
0.13483551279207273
0.08125650266920054
0.052321694087890155
0.07228848830696069
0.15265847046033357
0.14113040694814546
0.02918938473710754
0.14121076336870553
0.07277624251677231
0.3227119639059545
0.06803397622643079
0.08983617721369841
0.0
0.11340573279450013
0.3230102325385496
0.31461283645518556
0.10267024506584917
0.05646440093347367
0.0
0.0
0.0
0.0
0.21585510274693212
0.7432865809098573
0.04085786884260669
0.0
0.0
0.0
0.0
0.0
0.0
0.9528403554988019
0.016293714303327312
0.03086545667143666
0.0
0.0
0.0
0.0
0.19641686972529077
0.6586537836722075
0.05039744019132375
0.07989395293605911
0.014637450822989303
0.004380354113752958
0.09782721896134182
0.3354317589375318
0.29880421020684106
0.1110397933600356
0.07743444862998089
0.07508186949313915
0.0
0.2927074206755306
0.08299800445559406
0.14046580076910198
0.042058793596245085
0.0
0.25301984798156213
0.0938027970675265
0.09494630440341227
0.11529712915334382
0.13567234423267763
0.1963114434159142
0.31845040550721443
0.13121617851184483
0.10305139671172243
0.0
0.0
0.2219389836777664
0.05813353629664161
0.0
0.2427218507612342
0.2675706892380952
0.044287977146946385
0.04727602456157113
0.1180705912997841
0.0
0.0
0.018476143217323826
0.24543484385978684
0.6585188107417896
0.07756978904197284
0.0
0.0
0.05017321366917698
0.0
0.0
0.0
0.06700664993099409
0.35069943579771873
0.44757870753736034
0.08454149133261323
0.0
0.0
0.0
0.1549180551914794
0.43315606651572136
0.4119250416268158
0.0
0.0
0.3313983453593017
0.10612918207820461
0.14699188286830028
0.0
0.10808730890188975
0.10888140990381523
0.10524588508495174
0.0932648155967704
0.1526024817507801
0.3240735400719644
0.5117440441231179
0.0
0.0
0.0
0.011579422311118316
0.0
0.12116401876957142
0.0
0.35472383954942105
0.2898629122235605
0.2342486435335729
0.0
0.0
0.0
0.01265485004868277
0.0
0.0
0.006578943421455362
0.0759324360037932
0.6740579516853158
0.23077529872964092
0.0
0.0
0.0
0.0413628007169962
0.0
0.006459783949998881
0.26172513853287777
0.2674086319090399
0.42304283741807547
0.26211009672184454
0.05664612952511222
0.036549220673028175
0.0
0.25619604606951174
0.2649524995754808
0.11180983126216289
0.011735248420071205
0.0
0.0
0.39288983779444947
0.30681303782883423
0.12770587398199595
0.16661630529820368
0.005974277152050637
0.0
0.0
0.01940157914900323
0.29570862719727253
0.502000878845204
0.1575220488253045
0.0
0.0
0.025366417564089586
0.012668077255791691
0.03415063540086855
0.32786226021199766
0.5344060820994649
0.09091244428218796
0.0
0.0
0.0
0.040126180219567466
0.0
0.0
0.9063268532409484
0.015488930196524184
0.0
0.0380574887266064
0.0
0.15569573227167768
0.0
0.0
0.11992042322584891
0.1887791506234248
0.12542674008729737
0.09867120131048181
0.31150596812258846
0.05074385504323427
0.06634315463625712
0.0
0.07610660858633521
0.5371461041850674
0.052846713203409
0.06257372524208482
0.15423942131365803
0.02261537624390647
0.021603306736293657
0.02038522401710041
0.1825110756354095
0.7528845703916993
0.0
0.0
0.0
0.0
0.06254768041068128
0.10469568618187812
0.21108562824861646
0.48899243454063435
0.03919599948172069
0.030987158735394076
0.062494572143751745
0.0
0.11600634461159551
0.04851090795608139
0.1761488220068709
0.16234989192625815
0.16655016047759072
0.2708237055859326
0.059609521941903706
0.3007836128632847
0.04447741909276929
0.06934280222921684
0.0
0.0
0.0
0.39566073160622134
0.18973476246374457
0.0
0.0
0.0
0.06045760849352399
0.3743019575845153
0.22374042274341965
0.34149978240866563
0.0
0.0
0.0
0.23006966594706982
0.5543686705952502
0.2155614462077325
0.0
0.0
0.0
0.0
0.10005072067836991
0.07681503689795166
0.20425617555387568
0.5156798832323425
0.10319773655456495
0.0
0.0
0.0
0.0
0.04958812442521002
0.0
0.5325774006691748
0.20926238612036407
0.18429814152391916
0.024273485891595687
0.0
0.0
0.027842846887400192
0.03827460718979342
0.6475932490859108
0.24691296888109948
0.0
0.039375731079678455
0.03581553293459985
0.0
0.0
0.3313302693728276
0.15900178050680713
0.3576508294789927
0.11620064388455792
0.0
0.12381947790291688
0.08581715302592807
0.303581772439639
0.11996783502914386
0.09983926120482366
0.0
0.19336103804273969
0.07361255348856739
0.022397299038580912
0.34441625014779126
0.2926898943408527
0.18308823694113577
0.049109325252073725
0.0
0.017569887002610248
0.0907286161837029
0.036912569800227
0.06806341495217809
0.24615431518539965
0.3133446371769852
0.21306476591564627
0.05569913675143927
0.029847781056289643
0.036912569800227
0.0
0.12378400937747594
0.469434758854959
0.0
0.0
0.15524866800962475
0.21319068439677083
0.038341191176883296
0.17971695664427653
0.04951779443643771
0.0
0.252533690758185
0.13118682355061936
0.16900142143558125
0.16452806855561433
0.05351393275105036
0.1598070282116113
0.04793049019405303
0.044163194920562476
0.0
0.2153973856737241
0.20575848387342502
0.26493888750211525
0.06200414685368217
0.09823089858754931
0.043882952027287425
0.0
0.0
0.042793552525009736
0.4433049424311737
0.31829529466276163
0.05349193687532293
0.08208106370979817
0.05035947936236703
0.009500098142807034
0.0295878859308773
0.05415888901477239
0.36140526307978915
0.298990106889944
0.1139166827980341
0.0
0.09034382537078425
0.13721649651692838
0.18887491039953955
0.19415953895786758
0.14939374496312557
0.17804993552319248
0.06196085062447328
0.02992173264447982
0.06824466730157822
0.04564337515269568
0.14454291086194357
0.0
0.22222791491914295
0.34882328979519
0.14059537580813425
0.06917771749293498
0.027600524221908344
0.05460810516188834
0.13404723497016813
0.5253094207718837
0.18925635946391822
0.0
0.0
0.034539050112697596
0.04106797668502454
0.1425011062323823
0.23679493312370678
0.37987901193325213
0.16521720483495428
0.0
0.0
0.029032950474751414
0.19446737581687148
0.31944005213527
0.09037437466181866
0.09592431732525568
0.06515326107167635
0.10619596667085814
0.09941035402263658
0.0
0.18740480585199518
0.07980420276908891
0.06131836700373151
0.10938853416812862
0.37081966781684483
0.19126380284018044
0.0
0.1411017733877485
0.08084863955875651
0.23304188917487467
0.33443025652186614
0.09284491213126052
0.0
0.11773161891559766
0.0
0.38975443931224857
0.414227209621434
0.12032786929026724
0.0
0.0
0.0
0.0
0.07568937061785512
0.2019598142173756
0.1876489962794098
0.09791096592829969
0.11592409025862714
0.0
0.17751329149698675
0.14606319130077533
0.0729785190346025
0.0
0.05887177534291402
0.10939332611967151
0.13585176654459605
0.31201206587903885
0.30462509143067235
0.07924468383408192
0.0
0.12128942958982918
0.0708881482881278
0.6247512876207356
0.0
0.055728440122138144
0.043811754896724855
0.05415830906575045
0.029371469407498838
0.09801176951057002
0.08613556608124025
0.0
0.0
0.46187908559807667
0.08186963192122079
0.21912271225057156
0.052980004870855586
0.07561702994744765
0.05839697122110735
0.08889509396016039
0.22647144277962525
0.3807267193515697
0.05879559334936975
0.06484106927278727
0.04625531595861134
0.16996602058116994
0.0
0.22129758811608158
0.4050924371621792
0.002728563832882466
0.11012810971241267
0.032969363420901635
0.05781723503339908
0.006493205722121402
0.0026961569726207946
0.016750924973467026
0.9021200687850034
0.06252207071667859
0.0
0.009417271390606677
0.0
0.035838086863959985
0.017899373457354952
0.0
0.09618545521929417
0.6454862661082167
0.18336085078335876
0.0
0.021229755439890332
0.03801736249391876
0.0
0.20854974384579697
0.08407805863150787
0.4961145319193112
0.04422585357990012
0.12901397490545985
0.0
0.0650784368740733
0.13453549280750787
0.09274018624773858
0.46014902671702973
0.24749584444444236
0.0
0.0
0.0
0.0
0.0
0.037273999890110016
0.08558108835325824
0.3018215966310682
0.5546240089174997
0.0
0.020698664369718043
0.02745138760001679
0.0
0.12779587461641723
0.3150505394037705
0.34673885197212495
0.14552244803401745
0.03744049744185036
0.0
0.0
0.0
0.0659462924313384
0.23763512098529832
0.35399335349812955
0.17853229490545622
0.16389249944177478
0.0
0.03013411907281078
0.0
0.0324425050463373
0.12793722779707692
0.6147774172564872
0.10727075340031435
0.06373389208850903
0.023703710549890334
0.03610103218243867
0.0
0.07043053474947662
0.28714194265054305
0.0
0.214981200323077
0.37311086991009595
0.018233775523082453
0.3543212592939984
0.07054213077713016
0.09092389996382813
0.0
0.0
0.1772288381268327
0.20532686983985354
0.10165600517919407
0.0
0.2970935442603043
0.11604448947338919
0.28709079596349496
0.2661572842340286
0.0
0.03361290921349096
0.0
0.07759743230641533
0.0
0.11138550284555825
0.21151686788882498
0.09554317420685311
0.07535934489003865
0.16514800454390363
0.26344905520345774
0.048490898552103534
0.059028454380531066
0.0
0.0
0.2049692305442149
0.5700972157956289
0.1174134340190904
0.0
0.30234284802574235
0.0
0.0
0.0
0.0
0.18348132554499785
0.28624624916849883
0.22792898701442174
0.17560551058816862
0.2807343357498184
0.07946102045932678
0.055443458333524674
0.0
0.008410034697328189
0.037610817973078144
0.3627342390677677
0.0
0.02480015454612185
0.0
0.034952396822008326
0.32843944419063575
0.3863655551699885
0.2254419361524041
0.0
0.0
0.0
0.15723067363494425
0.2697102203571582
0.17712882936475247
0.24586333615300252
0.15006626393100717
0.0
0.051913318016294556
0.0
0.07214770933856042
0.0118730301540638
0.0
0.1561030316557114
0.5693549480411121
0.13860724288603515
0.0
0.047602065854365154
0.12821949186333134
0.0
0.4824069925409517
0.04135403335893057
0.2585484915603389
0.04186776894175463
0.09107053532600236
0.26089492133781533
0.11456997129347114
0.04072798151423543
0.08319295716553675
0.06505935550566642
0.10319769670708623
0.24128469040114964
0.19639869631041906
0.07217994259251061
0.1695501550165274
0.2300942263325791
0.06951912632936537
0.06595163636992717
0.07326831834096081
0.12303721701657779
0.02589533135030787
0.05897500170856047
0.0
0.013448369540988296
0.008340324992741373
0.5014517959779027
0.14421212885289098
0.24767663056036487
0.04761122970190971
0.0981953024761279
0.29921973036404254
0.29837942437564613
0.0
0.037178124060243456
0.11157403777086336
0.10784131992303025
0.17870206842874914
0.07614948770748052
0.4883112183565216
0.1588521001917228
0.0444817409193194
0.0
0.05350227787148461
0.0
0.0
0.0
0.07226436585254403
0.23181849323018847
0.5033816668014376
0.10324950746616561
0.04717960273347882
0.042105254345249137
0.35738226506706167
0.12484147971005649
0.037969899187081664
0.08787409545113326
0.2723174684555448
0.11961337707454203
0.0
0.0
0.1314296121683981
0.06336657462157132
0.13829340380708838
0.23635833004180015
0.20266220161636633
0.12008093386582987
0.10780801362562088
0.0
0.0
0.0
0.1928029860842575
0.254303198138592
0.422461242260354
0.06381053958581738
0.06662133570309779
0.0
0.04484890425158866
0.4323580238442063
0.3095620183829737
0.02330732547720844
0.08269732554517599
0.0
0.019158503032173136
0.0880669415415365
0.0
0.0
0.003244600957868895
0.0
0.9182552640774909
0.07201035947904862
0.00648920191573779
0.0
0.0
0.0
0.0
0.0
0.6301893504780816
0.36753421402237285
0.002276234306949686
0.0
0.018701192181596063
0.0
0.01772450633591068
0.028636816581733268
0.1361456598501562
0.7987916309194231
0.0
0.0
0.3482777306242642
0.0
0.02808370662751016
0.0
0.056352956050710494
0.0
0.09702830161762531
0.4702569243166782
0.0
0.0
0.29839003340365333
0.0
0.2439781355888659
0.11564129500577912
0.21678403770001672
0.1252015492762227
0.0837388543665727
0.0468114455058459
0.0
0.0
0.1465429990408966
0.4252626456554304
0.16523605609899164
0.13240276565374778
0.16545337533419435
0.10340218352292893
0.04053574739611528
0.2647625559906938
0.11717651642095755
0.15066827838219007
0.02563705747813803
0.1323628523197549
0.30468729376642667
0.09787746847864182
0.0
0.08678419899958861
0.34054074206859036
0.01574591426000968
0.0684272611071531
0.08593661730517244
0.16244277146238006
0.3562237185380053
0.0328997453439748
0.0
0.048959122487765544
0.2509993669854328
0.0991346624596973
0.04934012890296483
0.0
0.0
0.0
0.0
0.060890874903140685
0.586699438205035
0.35240924616246605
0.0
0.039871068259453246
0.0
0.0520606572784682
0.03718712270885339
0.05707526935995725
0.6418052466932836
0.1077098967529959
0.06429016819429482
0.0981091330207089
0.0
0.16207711108335895
0.5177067731902717
0.1556753023287446
0.06643120194666984
0.0
0.0
0.0
0.0
0.0
0.06333729159201772
0.5161838184615042
0.19809055822567292
0.07285528361177246
0.14953273243114293
0.421595577007716
0.16525585631425652
0.0
0.0
0.027508465002301006
0.12291445398638419
0.22344991906482098
0.03927512546154503
0.41001118411836845
0.23372318880748782
0.21487226092807735
0.07647461976909982
0.0649180099578495
0.0
0.0
0.0
0.10649954338660866
0.0
0.1722147107977268
0.18193718686627441
0.04565229923092381
0.08891313839048474
0.05813997077354462
0.34664263177830656
0.13354813138212496
0.10968477073608765
0.3371477212316373
0.0
0.022220863511554185
0.29375410617804615
0.10364361335828494
0.0
0.10476585179041614
0.1327937309492356
0.07825954921913696
0.2142107238948265
0.3643123677347405
0.10565656304882258
0.0
0.0
0.0
0.0
0.0
0.0
0.018920974245215907
0.15023585452635324
0.686730249419107
0.1441123994413433
0.0
0.0
0.025030378334271408
0.0
0.0710081335781123
0.21869908718051623
0.6045252775512802
0.08073646005211359
0.0
0.0
0.09556488803433585
0.253119995415645
0.28271588773141487
0.3173745951117667
0.051223813889700105
0.0
0.08877802574387772
0.06130562069489305
0.09979831693562671
0.0
0.2746640061561274
0.1007858111524137
0.13569701064689874
0.23897064526034367
0.18561831036525037
0.151841256900895
0.08333256121654763
0.0
0.16087412247056931
0.16070080855300264
0.0834076362009873
0.1742242313314818
0.39106588893706096
0.256429396982822
0.06885242320727696
0.24618965536158255
0.0
0.0
0.0
0.037461601275876624
0.11082402337689418
0.0
0.08428096144555347
0.0
0.26030600441589913
0.3005109418676854
0.21516765013227568
0.028908133373229325
0.14697088880943238
0.03713960597023614
0.0880742859416131
0.07819716774474679
0.057601183410647454
0.11950787794256446
0.24637632823716663
0.22613158259576266
0.0
0.0
0.04829241724986231
0.15711661382951436
0.4254294041620945
0.11032637729141614
0.25883387795507895
0.0
0.0
0.15022755762486795
0.2920463677417819
0.21105432987921252
0.21325003104461082
0.11278638426247524
0.020633898743590236
0.0
0.037878648683337554
0.046377540100208225
0.1231762963576806
0.7281048701867389
0.03393225867623879
0.012645806934971167
0.0
0.01788387213875324
0.0
0.0
0.10398259098589659
0.8776726186068003
0.01834428084396659
0.0
0.0
0.0
0.0
0.0
0.0
0.28162805396273616
0.7183713283982898
0.0
0.0
0.0
0.0
0.0
0.0
0.05561272986763164
0.7759782165877305
0.168408692148626
0.0
0.0
0.0
0.0
0.020442189597617604
0.0
0.8520548904270928
0.10453520946228248
0.022967297207434803
0.0
0.10332104083255703
0.12757206724266348
0.24095332219122595
0.0
0.31795605812919575
0.026905348306607544
0.09035663246838258
0.09293464761807177
0.22641376068479446
0.18537900502481347
0.1994890205984796
0.12625805980131305
0.20919726529017726
0.05325919573962832
0.0
0.0
0.0
0.11849352236648807
0.0
0.05931956262185896
0.34505916711269197
0.1251199432534481
0.3368412621141503
0.015165343605757003
0.0
0.11093190347483117
0.0
0.3560884459974197
0.2727730580750504
0.16251740683473606
0.0500452821437583
0.04764169176423353
0.12903007163927657
0.2680556532902461
0.1614336975018191
0.0
0.27202136380510916
0.0
0.08000611425195253
0.08944956370735982
0.09797787585228722
0.061258422718270276
0.0
0.02972040468115386
0.09797787585228722
0.5267785373035698
0.11775475428831256
0.06853110870122285
0.09606647683617568
0.06474461467184374
0.0
0.07116748225805894
0.25996278057411365
0.19008233263801463
0.21499842646340855
0.1029773668522888
0.0
0.0
0.0
0.13641472006049746
0.5987350980333154
0.24588774317370377
0.01896213891473985
0.0
0.0
0.0
0.0
0.03234022034260642
0.0
0.14925525222237104
0.7881278231418134
0.030276463243446527
0.0
0.0
0.0
0.0
0.24384271955942308
0.30002870894979994
0.40951576765197484
0.04661238731332147
0.014397195091552203
0.0
0.0
0.0
0.028559708108239042
0.006900593810231235
0.8861377887886838
0.06400441834076911
0.29651517886887296
0.04569916588411997
0.22985943863369526
0.2214614499286163
0.06151852998175347
0.027385814988589482
0.11755957251626543
0.0
0.13016050345067098
0.4288758592110337
0.3638486924803336
0.0
0.028327702113093055
0.02875628546531599
0.0
0.020030709967983854
0.053215365425847636
0.1593144640848927
0.1622751093877361
0.08795019475025197
0.125483927036607
0.23245725225427638
0.17930330756968962
0.0
0.0
0.0
0.0
0.17332554832156666
0.5456335999522535
0.07685989100318612
0.08664801649271517
0.11753248724876358
0.02095704670670736
0.0
0.0
0.045952834992507276
0.5566025651613375
0.37648708452563173
0.0
0.0
0.03509580738044957
0.0
0.0
0.04490574071917527
0.1784029294433699
0.13379933756394183
0.5487134249267014
0.05908217633180046
0.030039233555305588
0.025263638884505217
0.0
0.0
0.11929432843084946
0.10867897718560489
0.6866837590688833
0.030039233555305588
0.03309637368502222
0.11833108785702683
0.12465611077248108
0.267085928637663
0.17925199042810103
0.25268925855967783
0.02488876418854372
0.0
0.036648185968622425
0.07879480866182789
0.1146029351621149
0.2884073302501152
0.41995895220570256
0.029353101864299517
0.032233427383432926
0.0
0.0
0.0
0.06446934793437531
0.40154530840764774
0.15549777804008583
0.3784870976124086
0.0
0.0
0.0
0.0
0.032779890122104825
0.3938175795186456
0.48185707309168535
0.09154496219118663
0.0
0.0
0.0
0.0
0.0
0.12710066123760694
0.8728987930695358
0.0
0.0
0.0
0.0
0.02692856321049491
0.3983973963143814
0.5049442865460508
0.05793540953839898
0.01179406701754584
0.0
0.0
0.0
0.0
0.23318413007865726
0.7668156779164634
0.0
0.0
0.0
0.0
0.0
0.0
0.181905725501989
0.6482974706883274
0.1386539874420139
0.031142571264521805
0.0
0.0
0.08321446667094516
0.10525867728627507
0.00983969683194229
0.20835121547554836
0.5118750494004058
0.0303085100353841
0.05115200012388736
0.0
0.0
0.03829335389400064
0.031244792165895936
0.429826410691528
0.45608308958127913
0.04455199787696347
0.0
0.0
0.0
0.0
0.0
0.5516202399596375
0.36650950774622587
0.03735879348674984
0.03231883553067274
0.012192301981328547
0.0
0.0
0.0
0.11288304226705867
0.7513963532188614
0.1357203231259225
0.0
0.0
0.38164946144364276
0.12591797495232612
0.01297019670601265
0.0
0.21218699048105136
0.0
0.0
0.26727465136095685
0.01442536089960629
0.0
0.0
0.0
0.21219302469900586
0.19677927284129754
0.5030435383779409
0.0735551968418439
0.42989768861672745
0.26400726298402183
0.06559012569575909
0.09135457710293446
0.0
0.05445783198769891
0.09469193674973683
0.0
0.04840183227868368
0.08725764593539298
0.24357001351272234
0.0
0.07260274841802551
0.14137253829922544
0.1766803206720736
0.23010885065470632
0.06875759349072816
0.03843666557359972
0.09723792020315257
0.3343494292542307
0.3459040974078004
0.03843666557359972
0.07687333114719944
0.0
0.19345867074969325
0.0
0.16523740984095892
0.0715734652213163
0.3431756375032969
0.10122016259491531
0.03200862362302181
0.09332037208790614
0.027197126667015126
0.0687410919774209
0.0
0.05538585073264197
0.2846101861603482
0.07417942395971777
0.46567122384521575
0.024214345802639415
0.0
0.0
0.040456944607399924
0.06371714304786771
0.4112066914937713
0.32064569155545813
0.0902370023795099
0.07373610027268744
0.04825589788981322
0.07101956854056674
0.0
0.14753248762207533
0.17740963348841693
0.26325256764163035
0.2153200799316341
0.07720943346300649
0.2695726940499286
0.13665676124462234
0.218501081649815
0.12979495080719985
0.09409892501777158
0.0
0.08386970472232479
0.06750540787129397
0.12250431990393464
0.020738558598905533
0.020021036070839517
0.07234161106156302
0.26809185115697715
0.028766110010293992
0.1514056869535872
0.31613049833849394
0.25018323258936054
0.02412779459110687
0.0
0.0
0.018311708311690236
0.1795329122543881
0.1717318267511613
0.3561121440083613
0.0
0.40267126306820444
0.39928760436155347
0.10400980110553057
0.039410695720101356
0.054620325721951635
0.0
0.0
0.0
0.0
0.0
0.23555531983799033
0.317262713675835
0.3312376750362396
0.07019916600354911
0.04574479989155187
0.0
0.0
0.0
0.0
0.2751290316563977
0.7068523474704976
0.018018444187719227
0.0
0.017221647679364658
0.0
0.04235965176000299
0.04140364809715803
0.28008365475056163
0.48739305660885496
0.0
0.13153791056287223
0.023957695711060028
0.0
0.02939954139392689
0.023957695711060028
0.08975137280815636
0.340909889055237
0.3761306008333724
0.11589255484294451
0.09090744096291967
0.0
0.08015066626239573
0.011962236878736722
0.25527399151418584
0.035886713536319094
0.1386707269936797
0.3871478994800703
0.07720094755387316
0.07534124936362421
0.045132873171916624
0.04205640162752738
0.16935503668820936
0.4670934110538111
0.07697650559886884
0.04684321990623134
0.03058584260925812
0.02296303239909555
0.0
0.25303514611831474
0.33189606742512695
0.12676517488093159
0.16147565194581687
0.07327880615379066
0.0
0.015940899845088913
0.02107218551566042
0.20115461877502347
0.5922964220207999
0.14106289167332042
0.0
0.028472747745111573
0.0
0.0
0.2139556300258901
0.24082773447779995
0.3485792349501834
0.14743803438576705
0.03276317080565839
0.016435942941700532
0.017123844669067693
0.03122056617297441
0.3764740941425212
0.06311758648605961
0.25111192818250433
0.19778599566755684
0.06316562916484904
0.0
0.04401400365729846
0.0
0.17196161635640472
0.07273263622490814
0.38041098097595294
0.28030712232511656
0.0
0.05057324262793287
0.0
0.0
0.011377194877365455
0.12088904482610187
0.867733336293518
0.0
0.0
0.0
0.0
0.0
0.0
0.0427479661796704
0.903025564704428
0.05422592066659075
0.0
0.0
0.0
0.0
0.006768726579086297
0.0
0.30226229479958683
0.6909685797702576
0.0
0.0
0.011836182629862975
0.0
0.00893009018992351
0.0
0.4094018303001161
0.5466189744575513
0.023212662897082088
0.0
0.0
0.009410474726973084
0.0
0.0
0.2608506371658791
0.7297386329298218
0.0
0.0
0.0
0.014036078322704081
0.0
0.08197984289235707
0.8538185837893301
0.0
0.05016515416950133
0.0
0.16470962461065455
0.031683016085474525
0.03936727508099626
0.02240327517907886
0.3586171218010588
0.0
0.24468835978976222
0.1385299690548402
0.5696977213873395
0.12019278374308917
0.07486092587555548
0.0
0.0595111618122981
0.0
0.016505426365159
0.15922906304173537
0.0
0.02364653044015046
0.06166260369084822
0.0
0.5287524748660656
0.14700568263500663
0.14857680766557105
0.09035325693998371
0.3642170825064371
0.2701923983745914
0.06202299828364411
0.0
0.0
0.0
0.011892367732772715
0.29167382349547205
0.034438272564554374
0.09499126823086759
0.17135070151451173
0.20504991234409345
0.3923389400719969
0.1018302871429974
0.0
0.0
0.0
0.09183360685269286
0.10726288598070778
0.02180910529140137
0.18281851877830335
0.08660502737202122
0.21008964213716722
0.299580144308324
0.5154237310316467
0.1691707758117431
0.1813216475209559
0.0
0.02104302322855606
0.025290566959194058
0.0
0.08774937865525008
0.04855332907642442
0.12805558433047037
0.26165182979179874
0.18173397129070737
0.03265451579690692
0.12283575179165722
0.11206764524014094
0.1124467724799998
0.025236295999552526
0.04613589059589194
0.0
0.014638876961563723
0.0
0.16276391733994208
0.7512247447954894
0.0
0.02463046772935719
0.0
0.03692166401789604
0.0
0.04752369074614884
0.026280393763119178
0.6582995627477706
0.2063438794325618
0.09378104193693454
0.03304638737045999
0.023830088956110513
0.0
0.05502306089781966
0.2212485454595749
0.37556579792364797
0.1975046191844942
0.02903614713054038
0.0
0.027878633154665267
0.05975574779991321
0.0
0.28600357873570603
0.5039461168807675
0.09337951077557542
0.12288515645078042
0.04312249002501955
0.0
0.011235862932146156
0.0964248146161722
0.14838195081294542
0.25990952098992254
0.31803974238191063
0.0
0.018816811633965536
0.4037692064178408
0.18332134110078332
0.03718945504011331
0.1514041426745991
0.20549876048451435
0.0
0.0
0.0
0.006705109228759481
0.9093126192980098
0.0
0.03623241417944189
0.035385872844437956
0.012363609622364321
0.06456028289275381
0.05030723199580914
0.14095893383040276
0.10113239793538266
0.0
0.0
0.5490054127132039
0.09403544679462429
0.0
0.0
0.064669923206027
0.04240927744897839
0.0
0.5490242224728588
0.18683563741757475
0.15706068878840823
0.16223317685263078
0.05653457364466032
0.0
0.03173796632163666
0.2400126864046254
0.3967129718644246
0.052571477493417715
0.060196921821102194
0.14850603944914462
0.0
0.031918372153531854
0.2859070314843111
0.06466034438485546
0.04920147014614384
0.289948928967039
0.12985729223165463
0.0
0.0
0.09684762674502066
0.20696837371194102
0.25910875297423325
0.345604659627821
0.07577243106332243
0.015697600883685586
0.0
0.0
0.10644281062072833
0.06573198400779286
0.25216778315643607
0.5756567386925121
0.0
0.0
0.001787962253332007
0.0
0.0
0.11656895154648189
0.8407527546890475
0.0
0.0408898845205653
0.0
0.0
0.11500530275192745
0.029049217401391936
0.09066218756908785
0.5893028348108
0.1759799235315962
0.0
0.0
0.05248197081490629
0.014313488395483794
0.020829183936506686
0.030363494569688957
0.6117755459423024
0.255922214259864
0.014313488395483794
0.0
0.029934368764445832
0.0
0.05843123527658013
0.3523312586042265
0.49589124266096696
0.03481791916197831
0.028593336165360958
0.0
0.14086415330387841
0.1434451407789319
0.19857278311211052
0.07479769165926951
0.0
0.2952242889372648
0.09338797709641009
0.05370718731867154
0.08846043528134154
0.12448347608689926
0.04069518328712522
0.1411693478872626
0.591402885876142
0.013788157726935282
0.0
0.0
0.0
0.0
0.017172951901924048
0.02350217794218413
0.9388748407056385
0.0
0.020449754603864327
0.0
0.0
0.0
0.0
0.03338435159052457
0.8792513447066004
0.05192784188275714
0.027438208701378464
0.00799800511112509
0.0
0.02800093526146365
0.01950114591427374
0.1651980991443636
0.09096475685295445
0.6059962848756308
0.049368104852202464
0.04097042591227641
0.16876446230970946
0.1710186103915689
0.0
0.013916194495301822
0.3591999585764522
0.0
0.026175055824955145
0.26092507235891493
0.7431309684061227
0.0
0.0
0.0
0.16820840283526997
0.0
0.0
0.08865362007499912
0.039783872810823497
0.0
0.2813144817221178
0.0
0.477406473729882
0.0
0.2014852257687516
0.0
0.031210961367728694
0.03489491773686636
0.05696439993411727
0.0
0.3568360258986774
0.21232117464951014
0.17884710699383843
0.12892151204900348
0.339409669822017
0.0
0.10777803042182554
0.29284924752101366
0.0
0.014714617301483957
0.17911281640129625
0.06613397338819879
0.20231055794832914
0.0593984308150691
0.06328913596364935
0.046613713765564925
0.24353115560591013
0.1262188455845555
0.0590351340248231
0.1996018667325672
0.23017877719374708
0.17125393042492254
0.1152290015743896
0.154411390744129
0.10801476614310851
0.0
0.08452216055884128
0.13638866290037183
0.0
0.0
0.05388310527415511
0.19600490091234465
0.24738949107697303
0.4218777890383483
0.0
0.08084385132012134
0.10655860212747682
0.16193690538711286
0.12216582505527505
0.32211157544666835
0.12427996036211736
0.0
0.16294651478104086
0.0
0.06806863672074073
0.0
0.0
0.0
0.0
0.0
0.27910635889024393
0.6528248260430943
0.03639545088706703
0.0
0.11393577426300347
0.0
0.050250107552477614
0.10095834628775877
0.6984596016814812
0.0
0.03606209361594483
0.0
0.09258910885180431
0.13618534482206257
0.09409381922433042
0.19384641133997774
0.20511003451183532
0.24211284712241868
0.1384182593390292
0.22288729264167267
0.251652646849579
0.041487563874378214
0.050661263765051964
0.026095459281436702
0.13213168081031115
0.13666545034401673
0.32185125910833823
0.2506636741564607
0.016033660007923053
0.0
0.13837075318970218
0.158726045776749
0.1143541729871725
0.0
0.0672919528306016
0.3152385033990647
0.2296919697941555
0.08175300805875939
0.17515066066144244
0.057674929963762105
0.07319860472743389
0.0
0.0
0.0
0.014354791028625738
0.2876416753361574
0.46944883329811077
0.201280957592877
0.0
0.027273182283808366
0.005060885769680922
0.0
0.35260737248292073
0.3505522756574198
0.2917790443494883
0.0
0.0
0.0
0.0
0.046233952114574976
0.07998900818200994
0.09597163958996287
0.12659677448807624
0.13036839654847118
0.37822195908375056
0.14261779251641804
0.08898181878670662
0.08825498212701019
0.0
0.18356642294524833
0.03699226397310536
0.03482947647855905
0.14628290313023737
0.4210914526278474
0.02914488854863255
0.0
0.20340144554441866
0.30605289449816486
0.461400372126254
0.0
0.0
0.0
0.06379741148172459
0.0
0.0
0.5018439383434046
0.2879552882154858
0.03269146073117695
0.08408846433954978
0.029622974931042757
0.0404773647617437
0.0
0.0882555081042275
0.5697341929646927
0.1422534689907632
0.0919112517581695
0.06736776086970216
0.0
0.0
0.0
0.03884401384315414
0.13846165036890645
0.5301556677624799
0.29253830611773207
0.0
0.0
0.0
0.0
0.0
0.0
0.08745303636986426
0.5306230818344088
0.3819235881902893
0.0
0.0
0.13005590294563849
0.20266011051192767
0.4389668926576797
0.05980396493875525
0.0
0.08300218412799175
0.08551042926657047
0.055113419846744074
0.06662627534788547
0.13841724180110218
0.24816826272398015
0.05370533590322021
0.05604589380089686
0.027186252921408232
0.35473678693234695
0.0
0.03512293843423935
0.23161089924083458
0.047433440610953295
0.26588122517204266
0.14966940606090437
0.1920384568486492
0.07824326323943909
0.066753502132243
0.04564709551448426
0.03402333436759153
0.16319685898903205
0.580323911657294
0.029384074156684935
0.0
0.08067081058914483
0.09793941066515721
0.0
0.05503648277421718
0.11585107139760914
0.49209541068776996
0.1856314338010241
0.0534455663373922
0.0
0.0
0.008734299480381307
0.0
0.06793690152156552
0.7977083526282062
0.06492234563671938
0.06069761247096184
0.0
0.4299928013224254
0.0
0.053803017226528284
0.07133180643127525
0.22408420862499448
0.0
0.220787017724069
0.0
0.10328076283895256
0.0987542123266508
0.041376007899448945
0.0
0.3673573701816996
0.0
0.2136852467480207
0.17554353109526247
0.37183296254365344
0.0
0.068224117898266
0.0
0.0
0.08040290138539014
0.26033555520297885
0.21920044282470216
0.09570848366530259
0.11782252732821415
0.4600625263495203
0.1839807144194
0.0
0.0897309653796334
0.05269183729479026
0.0
0.0636551325711572
0.31132500328759843
0.038012859994456395
0.3583166988911963
0.13999221387223762
0.0886966747277192
0.0
0.0
0.06679279931454742
0.33714495247456294
0.5448968807280701
0.0341661977130228
0.016998319853816727
0.0
0.0
0.0
0.0
0.1971751338298412
0.29266664049523927
0.06971222190936682
0.055331180706423434
0.07643431218518322
0.13898733010435846
0.16969185582808763
0.2669226593888861
0.0
0.016946768343848777
0.0
0.10718076766656535
0.08928486264373238
0.21232157206699456
0.3073427707312597
0.41118759456076065
0.10985484241638568
0.03101605300947483
0.04544734148560059
0.0
0.06405176337403652
0.18339268567634545
0.15504838967506818
0.45846246944976965
0.0
0.0
0.0
0.0
0.0
0.0
0.5415372844837034
0.1099474986144544
0.0
0.0
0.0
0.0
0.10001625647826812
0.6060990384085542
0.18393633340679028
0.13840123407569518
0.02179376863980132
0.14103087421588048
0.0
0.0
0.07464710371817805
0.366948434693866
0.2571783155771943
0.10960724291847977
0.31236434527583784
0.27212083678249077
0.12326291431596813
0.06461429004784972
0.06942389226617311
0.048606201361719156
0.0
0.0
0.08931557064734408
0.0
0.4149393223024858
0.10406869285093744
0.17527710056984677
0.061633335478503574
0.15476544808809303
0.03512401581059358
0.046339295511706693
0.07711245741301831
0.19134402489295005
0.4284375929939538
0.0
0.1606144157448997
0.0610275945510449
0.0
0.0
0.08521922806695474
0.653788710908538
0.2037924225954317
0.04530226041239365
0.0
0.0118969573957389
0.0
0.0
0.2809428990468249
0.2216491798214047
0.3334529527961657
0.08086359165399641
0.0830910259594588
0.0
0.0
0.0
0.0
0.05660854627702969
0.8484866846703708
0.09490457447439388
0.0
0.0
0.03191732391446693
0.01979903586221831
0.0
0.07422574754554302
0.2009645205716609
0.5648931637511797
0.10819998266536546
0.0
0.0
0.13171736449977162
0.4710046691107489
0.0
0.18498491257637756
0.08795659248961499
0.12433617171669156
0.0
0.0
0.0
0.5551591318765712
0.32226415239982104
0.021876083042145316
0.0
0.063182866522319
0.03751717296054986
0.0912652301989092
0.0
0.0
0.0
0.0
0.10574209465448163
0.36978895750269086
0.43320329661090645
0.06264727820920288
0.07346575494258697
0.40578931909959715
0.06264727820920288
0.11187998056268449
0.07376241242371911
0.20980735207538562
0.0
0.0
0.0
0.011797938295740825
0.039326460112230725
0.5454313117027922
0.40344385020604034
0.0
0.0
0.019391241933709582
0.0
0.0
0.022170471502586993
0.8244281827370573
0.09404132867119443
0.039968383233201246
0.0
0.0
0.09512665378404457
0.17179753707739365
0.19944369797623238
0.24947757338063623
0.1630209101762887
0.1211329481292945
0.0
0.093836021405292
0.0
0.5212303765759867
0.05011049280742705
0.04894835187506899
0.10585875530257921
0.07794443803759335
0.1020708934077354
0.09139027798623259
0.09767774719891276
0.0
0.17903869912164766
0.2845737150579381
0.20525530947547482
0.09641299965724066
0.04565073487461485
0.0
0.13796419048940067
0.2094427538441137
0.15008463734894928
0.09823969520781269
0.12283617075677286
0.22210656243989169
0.059325301386079166
0.03988218166940669
0.0
0.2275688814161282
0.1470356735153964
0.390274973620913
0.16941977583004542
0.02581813492484758
0.0
0.0824038902899105
0.0
0.32437920151297583
0.0
0.1517621500155177
0.0
0.2746799180872765
0.16677428214524442
0.09982676403688351
0.0
0.10006235249843634
0.0
0.2819361489661566
0.1352319509611773
0.25023048462895403
0.1327098156246889
0.17297208791412125
0.09361877910665031
0.044322131360329316
0.06268095803706814
0.09834197772994431
0.49329185336837017
0.03476913929664375
0.0
0.11247078217396644
0.44299625045906454
0.41131073125270917
0.03322060733994662
0.0
0.0
0.0
0.0
0.3905520331819305
0.2940947265909042
0.06606145503911368
0.09677730261799511
0.15251415442144994
0.0
0.0
0.0
0.013950920744976343
0.028293924236557653
0.04042452586590804
0.15344712701675692
0.3304958495375534
0.4225469081102771
0.010840265411380839
0.0
0.09965525131926002
0.012097131880446386
0.07033002423840971
0.11864472033307168
0.25601838882508887
0.16519005072917156
0.19324453652474916
0.08481929129321762
0.09453323407020299
0.18911451441748275
0.07336108070585694
0.20119251008316716
0.19093868996960744
0.1996894443047452
0.05116991168172546
0.0
0.1934162379642678
0.24151108617215852
0.08237446783283923
0.10623332547986036
0.3090668165995492
0.0
0.067397398858676
0.0
0.5297619938908369
0.0
0.0
0.0
0.0
0.0
0.0
0.4702375057058985
0.0
0.0
0.0
0.0
0.0
0.0
0.6916168147124948
0.3083828233100445
0.18064414616983476
0.0
0.028940706615665616
0.0
0.002226208233102248
0.044801576273063234
0.4418750657847388
0.3015117403715247
0.3601229928313633
0.0
0.07998342488210865
0.033677983723384125
0.01783062170036833
0.0
0.04939840877942199
0.45898624804234056
0.05959184768165209
0.02512085950305142
0.034893695412686845
0.08234170696282853
0.10308198485880639
0.15271696294117784
0.2589376526998875
0.28331494934743456
0.4969059742500936
0.06269178850677384
0.18276183530025875
0.25763962799443996
0.0
0.0
0.0
0.0
0.04237362910297136
0.0
0.471693077823623
0.30139599811053674
0.18453615888643812
0.0
0.0
0.0
0.15721417059292583
0.08618848765780722
0.16167431233777618
0.17154816774559895
0.0
0.07337953842252513
0.16839219075235082
0.18160215408659536
0.10954186157727434
0.02312238182536186
0.7713920602257276
0.0
0.04417524404730465
0.0
0.0
0.051767806034136575
0.15698231184966707
0.12756549592133415
0.08812108467350513
0.023350770040325205
0.0
0.3148324903221145
0.0650477177874282
0.22409976019753106
0.13529409930949338
0.0
0.0
0.0
0.0
0.21741606073597042
0.46000793765523085
0.18728167478069677
0.0
0.1495120843054655
0.1930123948569701
0.28933284007104626
0.1752965509589348
0.13701287294581646
0.05583279791899129
0.0
0.22304081108067506
0.08069730192558261
0.0
0.15274146157687904
0.17824631987673237
0.13015884529258917
0.04517133562308938
0.18994366696903267
0.0
0.0
0.2279724582125832
0.6760355612613475
0.06063546155677617
0.03535624448547407
0.0
0.0
0.372790709114936
0.0
0.0
0.048263025164189545
0.1089407626218728
0.12591249350436196
0.07927401561153587
0.26481860557268605
0.0
0.007243590441103309
0.0
0.5283984709099228
0.19586948008302543
0.08846237699369583
0.05313063440343606
0.1268950849893
0.08754328267257967
0.07059847067443867
0.0
0.08806186319985478
0.6299957445583099
0.030850284444446163
0.048976823028742074
0.043973012617960404
0.03519447566874487
0.10076797567688167
0.43891542919255266
0.35119213519532877
0.0
0.027328259943678358
0.0
0.046601368659722225
0.0
0.03830647712538499
0.24760595002015445
0.3986287096568637
0.315458415711563
0.0
0.0
0.0
0.4595949079339121
0.06933016512590712
0.0
0.06634078394411314
0.08183202685654148
0.11409895084553826
0.08769485020319
0.12110776378023444
0.09118988205366606
0.0
0.1039705335622406
0.06858258002698031
0.11380082743565885
0.22836236139667868
0.21601975956433556
0.17807360048086504
0.4483583215881067
0.02987114778121932
0.0
0.042244183412274025
0.3516640187173656
0.0
0.05974229556243864
0.06811669324287242
0.24449477238903594
0.34744734631369706
0.009500166633637296
0.2203055545711484
0.13141680596154784
0.004248603776241871
0.01531855793405087
0.027267717412316143
0.18106548293870578
0.06614211628946502
0.15860287785037097
0.06991713550945619
0.05819522455139299
0.0
0.020019767351008383
0.44605627637062595
0.2944787364156041
0.4893368152135759
0.21618381802637363
0.0
0.0
0.0
0.0
0.0
0.29951585630725086
0.2699697803447234
0.0
0.0
0.0
0.0
0.20323296121394913
0.22728090633441497
0.03087857756372996
0.10714303553796
0.5592616822379951
0.12942223591687615
0.0
0.06822152716243486
0.04883242616521176
0.0562400621026752
0.0
0.0
0.0
0.5316667406098147
0.2637674354868104
0.14851509918338957
0.05605045251490781
0.0
0.08854161671603898
0.16129001345057786
0.20936529729628595
0.299905914080634
0.16193483016337115
0.01835681009607777
0.06060527961574064
0.0
0.37769106316278
0.0667320473768911
0.0
0.0
0.033177657406833615
0.07573576911171587
0.1413498618330483
0.30531329904398424
0.5259257744352261
0.0
0.0
0.0
0.0
0.0
0.05207529278999564
0.42199848623282915
0.0
0.0
0.0
0.08275459451138513
0.1358877330255559
0.13486836928012708
0.20262962722154731
0.4438590089325483
0.0
0.0830108425595621
0.4879392731573747
0.351212114698417
0.07783748382243302
0.0
0.0
0.0
0.2792187379813682
0.035488305153468166
0.0
0.042717048434319504
0.10292906265285935
0.025588314651541596
0.24708717270116873
0.26697099212960823
0.5628446999727905
0.20659892208138306
0.06920740670471698
0.0
0.0
0.0
0.006245866040182003
0.15510273715971323
0.02939957910273224
0.0
0.05641324820592684
0.0
0.15822465763099972
0.17257386305031522
0.12509547902243826
0.45829231309354856
0.6705177841221478
0.0
0.0
0.0
0.0
0.0
0.09205896102943206
0.23742224655434066
0.6791806902251273
0.32081843406372634
0.0
0.0
0.0
0.0
0.0
0.0
0.6406895174206861
0.08136967238169486
0.06721876597408061
0.0
0.0
0.014510396779606883
0.14896759816886368
0.04724242696345061
0.18819294458569452
0.1413692821559313
0.07302047851061896
0.21398604119795395
0.2650702220371334
0.0
0.05479528787649686
0.0635654795126692
0.09723719002320548
0.055341470376252117
0.0
0.13008440609208805
0.10071292363861817
0.15223424802653807
0.2630839147412808
0.2013056002091454
0.10974594068326342
0.11458719472261417
0.358013330800111
0.0
0.0
0.0
0.0
0.41765327307288697
0.0
0.11336522645467124
0.2597965240960306
0.17004397701303334
0.19639884479486858
0.14745128749918926
0.11294285433205414
0.0
0.3365888096056692
0.11552874793746926
0.06149571433172871
0.0
0.1503667891533221
0.04837729030520544
0.1751017802414801
0.11254026817406862
0.0
0.0
0.0
0.3230858766340416
0.36940148786415455
0.1583706336912399
0.14914155392936124
0.0
0.0
0.0
0.0
0.2903514523967806
0.7096481134864042
0.0
0.0
0.0
0.008520208430983651
0.0
0.10784787237125405
0.75041067371305
0.1245318779734291
0.0
0.0
0.008688941500867992
0.20544903777003715
0.06885909872233771
0.008295675483707425
0.3357551707266774
0.1538943568956912
0.0
0.0
0.22774619665920925
0.10090808099821565
0.11235788441351409
0.08118948825676182
0.15359034615032924
0.05412632704392923
0.3600643230015094
0.09365985413300655
0.04410330859466719
0.19462784476873524
0.14825210689326854
0.2841138374722028
0.11767734062710211
0.0
0.08958990327445296
0.033565373229425245
0.13217311403361504
0.0
0.09314653618500776
0.4413434450312605
0.3539734436788007
0.07130276459087086
0.040233369850075265
0.0
0.0
0.29291515457091366
0.06882791587094794
0.19082762449628948
0.0
0.1807509584754658
0.0
0.2666760871994359
0.0
0.16790864760005916
0.0
0.0
0.012750604538005594
0.0
0.014122839718804514
0.3594527131878022
0.44576490635894306
0.026351862532311678
0.013168617206433857
0.0
0.008952937606256258
0.17678692746931654
0.6904402886787943
0.044842101159184695
0.0394570458707579
0.1596484751950457
0.09498849542512437
0.26370458387550916
0.3724399274817178
0.10921805608122517
0.0
0.0
0.0
0.20676160031081894
0.3737332454735483
0.08020501433943972
0.052134500805670995
0.1082603843018475
0.0
0.056484978753031226
0.12241981171197423
0.10831753988424259
0.42430893253211877
0.35720901122881776
0.0
0.03942870691423549
0.02970198940978209
0.04103324019688419
0.0
0.0
0.2786747385025413
0.16354662956049068
0.16837288101254302
0.05536206114346081
0.10681917238497178
0.15667725919787018
0.07054619354306121
0.09515370556867639
0.5775773480513389
0.23332945273383415
0.0
0.06278496321599988
0.0
0.031154353826790188
0.0
0.14240593987246739
0.015453217783757574
0.11624707691173584
0.02185414983710954
0.16984779074480655
0.12922065636063543
0.20113912663491723
0.20383137930331097
0.04943664896608876
0.07301198969286785
0.0
0.0
0.19352301942335684
0.43997160828735954
0.14586547786066117
0.09819047410760749
0.0
0.0
0.07916690128634199
0.3950396927750509
0.525793027699037
0.0
0.0
0.0
0.31732839282660463
0.023279547997398065
0.05205465053461642
0.3469419058034224
0.14131739212883082
0.0
0.11907763392538945
0.0
0.435538534090436
0.02899542830782428
0.0
0.029852619194073827
0.0
0.024942812511707158
0.025476406241706953
0.45519374119627276
0.5569439494638697
0.1916835381109669
0.015782564143716548
0.0761745067878615
0.0
0.0
0.0
0.15941520092362582
0.14686855052437806
0.0
0.05041814009713418
0.0
0.03410229317739212
0.07982674893090695
0.3616079932535081
0.32717586571576507
0.5305937452856179
0.09746840117503007
0.029178182207261323
0.0
0.020118347641363322
0.03213728455775678
0.08824767763468987
0.20225542752745762
0.7730218809076509
0.02674486686262225
0.0
0.0
0.05045377581404901
0.0
0.0
0.14977832973894867
0.2533092565196992
0.07758535220611604
0.021944450416881894
0.049069287614851784
0.09310241917900379
0.16806463458820003
0.24253406311370967
0.09438665709398504
0.060049360260660746
0.1344979255341697
0.20524364826356087
0.1866386620311322
0.35346744685804843
0.021651104408221825
0.03845035141022217
0.0
0.08102878622792327
0.08757876032392437
0.10835986454095844
0.0
0.11806102230831922
0.0
0.12606014893981818
0.47891113234642024
0.01175729582413081
0.0
0.0
0.06134068000443948
0.05967682445625173
0.25209708190918784
0.4563553850740958
0.15877250925923375
0.0
0.17351899760373282
0.10810052875799786
0.19127180019409298
0.24262698446850312
0.05179443258619784
0.13738226270856702
0.09530454823525474
0.10131150144821059
0.0
0.06908972842462147
0.0
0.18254836021427118
0.3885463966814261
0.12203737129541706
0.13646610058424147
0.0
0.0
0.08584661761457511
0.1309717924224047
0.392113800478517
0.35887593401396645
0.020884503342663716
0.0113066665604887
0.0
0.13204733240973077
0.1906343984171333
0.0
0.19374086804852753
0.2316322562631652
0.08351405994954296
0.16842739407689652
0.409642986303223
0.007473488754041007
0.0
0.0
0.004145545588951057
0.007473488754041007
0.01036386435846167
0.5609001080480721
0.0
0.0
0.027840146004352632
0.03970642819196603
0.10161924678128285
0.3839651343486461
0.3612726405494065
0.08559611660789004
0.14740624375797615
0.2328299669277051
0.0958527654471441
0.0
0.33890287687068354
0.05028603701752436
0.04799909829481627
0.08672280345638268
0.4623164105317527
0.40573729239813694
0.020774962523189392
0.0
0.013945822723869036
0.05336685117011215
0.04385825259414207
0.0
0.16528200211967517
0.08600597718123396
0.03807213925304673
0.16064135302695334
0.3738531196240194
0.06424412856705362
0.1119007102433316
0.0
0.21481068880428728
0.0
0.0
0.0
0.20689309614756332
0.0
0.07251714749449366
0.5057772268034411
0.2586453809176319
0.26121074536575306
0.0
0.007281527884402294
0.0
0.0
0.418756397465072
0.05410537271185361
0.267379174243994
0.0
0.09791503437713701
0.0
0.0
0.0
0.27060089559207007
0.3641046196892078
0.05588859831692349
0.09313899033570117
0.0
0.12342808556238627
0.08382335515378112
0.19148495367522358
0.12012408701378559
0.3321112035647456
0.13597381902729178
0.0
0.0
0.0
0.14436130570913142
0.1085446474161528
0.1544157008764793
0.4567040916361132
0.0
0.0145979193620463
0.0
0.0
0.08802436265386901
0.40947710600072856
0.3918395802151087
0.09606030187229021
0.11168511892673808
0.5237595788674477
0.32772808265281633
0.0
0.0
0.0368267024545549
0.0
0.0
0.0
0.0
0.16972305623552777
0.2566472996257941
0.3680083111294123
0.12755180846015593
0.0
0.0780692055776268
0.15022614973177376
0.029150063085405197
0.0
0.0
0.0
0.021305245566313878
0.14612436646208887
0.6531938382889055
0.3238270207941398
0.15665443911657392
0.07545477857197071
0.0
0.027202830554028997
0.15162134676722838
0.11830755636336303
0.1469310563030367
0.0
0.10125467833254045
0.037909156548374554
0.05336590189894647
0.3873909798841818
0.2673141695633974
0.09326493751694279
0.05949943620367901
0.36087430567078715
0.1400996585859835
0.06542919375980599
0.04376318791346185
0.0
0.0
0.0
0.38983335837274957
0.05411483294660477
0.1503279387116867
0.013274909588238102
0.0
0.0
0.0
0.34567141835470744
0.43661061582023075
0.06924662523688128
0.0
0.0
0.02808500825832412
0.14136457244472117
0.2811394404908365
0.2715156050668636
0.20864842254893584
0.23800226675309985
0.0
0.08174008122564783
0.0
0.26183811213937164
0.07143386983111999
0.12913356141043758
0.21785183389465973
0.024703936556350604
0.3372489008241613
0.09923275405394524
0.04861249667877162
0.054258237909445076
0.23216224376063763
0.0
0.2037809673070963
0.34306105808539417
0.08370173677632686
0.05190961052529199
0.0
0.0780227142885029
0.02790057700363263
0.06073109737049594
0.35467127139341176
0.36638752595001656
0.08907200223475904
0.0
0.0
0.0
0.14412152105106832
0.4004139714880481
0.0
0.04954324841997615
0.060475238552846096
0.0
0.0
0.0
0.03869451464735849
0.5966528391536614
0.25463292064496584
0.31571590415411815
0.22827676420775048
0.0
0.0
0.0
0.0
0.15581518236149414
0.3001917363730494
0.027158269313446042
0.0
0.018709586001671684
0.0
0.0
0.5874305676612053
0.3598260244234543
0.006875270028376658
0.0
0.0
0.07407853476833735
0.3815308247687153
0.5171474785647046
0.0
0.027242857313834763
0.0
0.059025466200878556
0.0
0.0
0.0
0.07577726847101274
0.12088806958521088
0.5103636568370423
0.23394518766332809
0.14991348744703345
0.06546251037525179
0.08972209508061256
0.10644690902090362
0.2617027937440094
0.19577932816801988
0.060668991222071714
0.07030323796759923
0.0
0.0
0.022465689270975614
0.1643554947925457
0.573612789126127
0.08042591007723668
0.0994976929594915
0.059642068559884694
0.046229511689063925
0.020424614977767635
0.041240139083106406
0.07892500283698951
0.44059674600799903
0.141164385991887
0.1668306626995235
0.06458830337322825
0.08134227734619309
0.0
0.03593280641956034
0.017594698358332717
0.0
0.18240910846635375
0.39264245684687055
0.2900784337204375
0.4570841751420077
0.2071471771116352
0.10273404424254308
0.02928273668026982
0.017938003169204898
0.0
0.0
0.18581353394730743
0.15959776233198572
0.14251116360356902
0.0
0.3584236281793129
0.10763947573969833
0.15254522113438188
0.01488403695747701
0.06439818582342621
0.04593658934046558
0.11661651035846704
0.05254956887077791
0.380346445670278
0.08860458977087493
0.14644753508915698
0.065363929170379
0.10413419372144066
0.0
0.0
0.0
0.0
0.8977329945877744
0.1022659693136228
0.0
0.0
0.27860296679658497
0.0
0.18581648357405114
0.10143119380470268
0.11281188709756254
0.0
0.07992602062303751
0.24141076071939993
0.0
0.08657637025839117
0.05831702107253278
0.2500402317770584
0.4771617839616165
0.06122712765429556
0.06667702245196815
0.0
0.05928853848648093
0.0
0.06430744965627494
0.03152931982639298
0.1337236163178518
0.18610125727245652
0.5250491134235102
0.0
0.026645208187593587
0.09158793264346277
0.07800381155100211
0.43087262407726384
0.35003796433361006
0.02285185363415103
0.0
0.0
0.10484082106961884
0.0
0.0
0.0
0.42054130650371724
0.3523629363860794
0.09246589195772296
0.029788698356467636
0.20980844641667368
0.1436347951167525
0.2745703977958595
0.1956323650871409
0.016582429146530193
0.03887705009837941
0.027160574013532075
0.09373359805119258
0.06949753949408813
0.048288796239378706
0.13643282670574777
0.24595058254287352
0.18606730039828054
0.08092809684093705
0.23283345494021832
0.0
0.0
0.0
0.0
0.0
0.0
0.08567435009436672
0.9143254533634582
0.0
0.0
0.06030961603783757
0.0
0.2657067238388949
0.0
0.25344470885260667
0.32359984292512073
0.09693849583564336
0.057739293294245514
0.0
0.012241655089911933
0.0
0.022572495018295467
0.36737453088695704
0.5400716835459414
0.0
0.0
0.0
0.0983387760182927
0.13083743881919538
0.0
0.09066748058378495
0.45072706034293886
0.2294288629451403
0.09513157055618356
0.05971620534454054
0.06783855740165835
0.0805926029228852
0.0
0.09761395782693572
0.17056252269034144
0.42854407769598263
0.19447979431044687
0.045614275718372024
0.29340549151495615
0.27440192513674794
0.0
0.08343149473865516
0.1086667664103953
0.0
0.10343674810485767
0.08223256017901596
0.2822994959215019
0.32147911044895805
0.12855089267308442
0.0
0.0
0.08200089815847561
0.0
0.0
0.004134799109976286
0.03826085818286289
0.03698277111573954
0.5135400191191124
0.2395573798251665
0.16752380717906915
0.13106065176263842
0.05506797322277664
0.14796560096659497
0.1335728826949852
0.19311800508670698
0.24127344297261336
0.09793953415521095
0.0
0.3821950999757926
0.04962304103545674
0.17516048700767686
0.18968567746124504
0.2033301464953893
0.0
0.0
0.0
0.0
0.0
0.059379484127411265
0.03707663479872988
0.10552194998823686
0.07507445985846761
0.525908099176547
0.19703644088544633
0.0
0.0
0.0
0.0
0.05285594609917172
0.808275089631125
0.13886831167741034
0.0
0.0
0.0
0.0
0.0
0.13278563187288958
0.8336575331562572
0.03355636079147826
0.0
0.0
0.0
0.0
0.0
0.0
0.7896736654418288
0.2103260700823505
0.0
0.04220506238849376
0.0
0.0
0.0
0.04347028397138802
0.2424655548984889
0.652218112602838
0.01964058252732303
0.0
0.0
0.0
0.26322507359206854
0.33799118467824263
0.29224073164310277
0.10654222803972245
0.0
0.0
0.0
0.0
0.031558280026953836
0.548091057307796
0.24836446576225368
0.1128157570385433
0.05916974790341117
0.0
0.0
0.0
0.5338738901066071
0.346156926280443
0.11996870781003392
0.0
0.0
0.18326319555886225
0.5466632653050465
0.0
0.04091575012732906
0.020831511218573316
0.1065807486130305
0.08469745639041364
0.01704782337462869
0.08290713661339981
0.0
0.08232763761382121
0.06829110761956791
0.17643751673882313
0.15197399457084868
0.33981079842830075
0.0982515223551956
0.0
0.05201312180701389
0.057534137934284864
0.07937650021034104
0.24725875368515798
0.27112123656760817
0.24764628278618342
0.04504963315268417
0.1632734985173989
0.18432724322566746
0.0
0.1278234354027597
0.23311110335031784
0.0
0.22034516175434446
0.07111914964165976
0.0
0.08654415502662469
0.13608468531481355
0.2106851707268419
0.4708629106739556
0.09582202875574784
0.0
0.0
0.07594597412321624
0.0
0.12383094233279966
0.3336989959728287
0.28817260681808526
0.062431656768284036
0.0
0.11591916966702173
0.24990333975874157
0.6551156475904418
0.03724571494435545
0.0
0.0
0.0
0.0
0.057734200343976624
0.0
0.22741221190484115
0.07284941693374328
0.0381380196968936
0.11733052220255653
0.328029658442164
0.12580334526660863
0.09043551588820753
0.05147586145076307
0.2097810666287033
0.027858168209267117
0.31050802251352533
0.19717921918192172
0.13843013319859007
0.0
0.0647665630090179
0.1845453432223368
0.58324792454171
0.23220645542060453
0.0
0.0
0.0
0.0
0.0
0.0
0.4757618225656892
0.08526839616495753
0.3179284814355989
0.0
0.039181073872016886
0.04219931168820066
0.03966037092977984
0.0
0.05839997748429994
0.4473929097643828
0.26226924311233546
0.05176641617162073
0.039877916106904464
0.0
0.14029303510539096
0.26001728304309496
0.14109578327389466
0.03576685478209021
0.0
0.02463639417263799
0.0
0.4111660033586509
0.1273171411809718
0.0
0.0
0.0
0.0
0.0
0.464043108803412
0.5359566835421361
0.0
0.23475175863354136
0.21238138467830933
0.11075194111844833
0.12131663091058721
0.08336452844402388
0.10815915513717467
0.0
0.1292740533851583
0.0
0.133160439345509
0.1840680558224918
0.02596637525064367
0.11810679957748244
0.1787806501646698
0.12080267266683598
0.23911468299765318
0.05407496060171105
0.04757892196604536
0.050278154443243836
0.05550616075459571
0.12077148981482547
0.0
0.08011673526886505
0.5916732180210329
0.11703819918884961
0.17873770410115686
0.14905226596282378
0.04314671030122865
0.17071285347723097
0.10265820151309829
0.19494487932477605
0.0437089099123151
0.0
0.0
0.0
0.14345630091718495
0.6196819126548726
0.22628715617803724
0.0
0.010574367202675235
0.04007150768202788
0.08462456606740777
0.08339470193979044
0.22012766833060612
0.4974479932474733
0.07433331391330615
0.0
0.0
0.0
0.0
0.0
0.03690924128988708
0.0974584159444609
0.7617992172079223
0.10383293235534559
0.0
0.0
0.0
0.0
0.2779371177377339
0.4359506369214706
0.11656858554961276
0.1092634901676415
0.060279333699550276
0.0
0.0
0.31056123166713573
0.3537200358072421
0.3357171445748759
0.0
0.0
0.0
0.02592853181493971
0.0
0.03865197546293487
0.0
0.12038763551100007
0.30173536052001965
0.14552124821067536
0.3677730877693976
0.0
0.0
0.0
0.0
0.049367280671651775
0.7959091072773062
0.15472261427401426
0.0
0.0
0.0
0.0
0.0
0.0
0.9999995597713771
0.0
0.0
0.0
0.0
0.010591258798177865
0.0
0.0
0.3445640246492983
0.64484444770767
0.0
0.21235380718546698
0.1562265824560056
0.05108020988240534
0.07772032462163475
0.0
0.03988147736789236
0.27323683369979035
0.18949970792975684
0.03838839554367237
0.4744529954903383
0.17190255424211717
0.0
0.0
0.0
0.07751151114092554
0.2377433532093142
0.04348687342830901
0.0
0.0
0.0
0.5246466576532597
0.06197833387534472
0.3406137772845749
0.02927299879368667
0.28253645576148834
0.28226589480803854
0.25905559674218553
0.040037991951636626
0.03491163602893653
0.05432326499162206
0.0
0.04686869252181935
0.0
0.1070204586141645
0.0
0.06084043230056882
0.2369102040955976
0.30417587605712376
0.24413980894104104
0.046912762431221555
0.0
0.0
0.0
0.21653086184696524
0.0
0.10667175227332
0.27812032217192895
0.3986766128134853
0.0
0.0
0.18759814330745936
0.2672257797503629
0.10372989140678855
0.1981540178047948
0.22277828230193977
0.02051332918291368
0.05873559533321762
0.0
0.0
0.0
0.27773372899858306
0.12817432128746864
0.23065904449553687
0.3046964476169841
0.9600872309423875
0.0
0.0
0.0
0.007844342263289188
0.01240299354047289
0.007016192336067221
0.01264862076811549
0.2971609303438684
0.34911528648159507
0.12320273289895596
0.0
0.0
0.07700213579095834
0.06358887928561888
0.08992825783586227
0.25557952653795607
0.20427867154652787
0.31306586004721987
0.03146154143830953
0.05896260455800064
0.027773793512773596
0.0371339960666914
0.07174335310783345
0.042469379761956465
0.1252939848548094
0.45814967099234916
0.0
0.2180903357818042
0.040344546777332575
0.08273814584847089
0.03291334973851391
0.018859771369056567
0.11166632662273285
0.0
0.6166171977287518
0.16986142896999762
0.041654266676454006
0.0
0.04134067932711253
0.0
0.0
0.8679195939325314
0.0444555127155423
0.0
0.01489428233844881
0.03743566788112094
0.035294684949189525
0.15004334218475085
0.0
0.05566931077581344
0.060490107601636235
0.42773750510622216
0.12480068144228398
0.1262504686569744
0.055008274575831045
0.12314721385195473
0.034208303037331356
0.02654006908506049
0.0
0.09223318861808898
0.38346643295136945
0.1239448842738228
0.21645953314905295
0.09953756484101335
0.0
0.0
0.0388401631999461
0.1785894512689212
0.41942975513898334
0.15287750504716846
0.11072479285788914
0.0
0.0
0.01438989936845022
0.0
0.0
0.3600732811969153
0.5977594998106516
0.02777703251424912
0.18108455970523993
0.24897644756462353
0.046883602252829844
0.0
0.0
0.0
0.3742520070462115
0.14880269277035305
0.03382809635731185
0.0
0.03799511814947064
0.0
0.22769074996885616
0.18360053460568285
0.3969061067539003
0.11997865243472237
0.05783472963009137
0.0
0.0
0.031724074598522556
0.0
0.06411848582583089
0.3404783282892437
0.5058440610638824
0.0
0.04727289728349247
0.0
0.044441844991675965
0.22602343455290258
0.632429104754119
0.04983230943607323
0.0
0.0
0.01441273445315739
0.005170795741769063
0.0
0.0
0.9666457631903735
0.013770546275128042
0.0
0.0
0.0
0.0
0.07256950746119056
0.37201864145584856
0.5422899855599087
0.01312130295181825
0.0
0.0
0.0
0.0
0.0
0.0
0.4082559535880825
0.5802768015113783
0.011467093808303661
0.2396193821169612
0.19619511918545637
0.045587370586495125
0.02676982652070585
0.16572353675828563
0.24037388309285806
0.0
0.08573045847111307
0.45276296107039105
0.14028440750028834
0.012700754534624211
0.0
0.07694878801531967
0.0
0.02851201349144385
0.28878965540046164
0.05464681869371945
0.0
0.07728227132051367
0.0
0.414285116418515
0.1832910080035829
0.27048795471117953
0.0
0.008440364932399778
0.0
0.0
0.0
0.32013275950526315
0.3955866750864073
0.2758380903846495
0.0
0.0
0.0
0.0
0.0
0.0
0.03268504346987555
0.7206024106497164
0.24671218546154663
0.1421375383909168
0.1803761754322745
0.19234908822358077
0.10306284269749076
0.04840510870611348
0.06899246035141939
0.2646761384316672
0.0
0.0
0.0
0.03398001262917161
0.0
0.2756934562383269
0.6903261485368025
0.0
0.0
0.0
0.0
0.0
0.0
0.02742518385270763
0.8556182150552086
0.11695605905426565
0.0
0.2523919199486192
0.10001641793464744
0.0
0.06277018223296897
0.05112733775381484
0.0
0.31318023848697185
0.22051304384376155
0.23050133681033835
0.029091923748619696
0.12647300855148716
0.0
0.0
0.0
0.3056875667455876
0.30824523293420986
0.08452735043599288
0.06044220907434738
0.06168202177856322
0.1676902252695807
0.3526174569165795
0.15645877892322957
0.025428229780800206
0.09115230633970223
0.0
0.0
0.0
0.046164671836652106
0.16319341258771106
0.45093367775220267
0.2771279801845215
0.06257960633312531
0.0
0.0
0.03692825502817378
0.06608824044330813
0.09245642973231266
0.05954502338859685
0.5248964076557324
0.22008464239395917
0.40765289205593574
0.23230534920983548
0.0
0.0
0.11157087827053684
0.11918138094044321
0.060960185677018094
0.06832889937162451
0.0
0.0
0.10064056710703101
0.6364198582585228
0.0685037276558911
0.1670979839699624
0.02733745237147717
0.0
0.0
0.032140332897605255
0.1675332644688901
0.45008462140541716
0.31019669943891603
0.03732258381535067
0.002722193623332745
0.0
0.235479442513588
0.0
0.0
0.4843626891410691
0.16510772428776463
0.029630219465442857
0.07843559123595402
0.006983909894428729
0.07165912242822935
0.0
0.0951620335676598
0.4443540784573138
0.03786730550532749
0.01857199384305659
0.1584180341930088
0.17396693984854641
0.16418354060650678
0.22402143637373853
0.4424736918336951
0.11637175331776962
0.0
0.028413291003664107
0.0
0.024535820508656696
0.4354886028647867
0.22005026598466607
0.0815984677354015
0.04730009156944895
0.0
0.0
0.0
0.21556220249404043
0.1876012611568751
0.018192548755720735
0.0
0.0
0.05150033711246179
0.3534672883716913
0.22349605451438848
0.16574227202847314
0.0
0.011676896067703911
0.0
0.0
0.033514293748885586
0.537684348119101
0.41712408829598646
0.0
0.01729145962351793
0.0
0.04350931287230491
0.026965524309813225
0.07758712256344906
0.6594207343950772
0.16207819605342047
0.013147039846427013
0.09784748834693015
0.0
0.04978627143450036
0.0
0.04792404343405619
0.0577105833311632
0.5950608807451797
0.1516703622811365
0.05142843043401343
0.0
0.05886469407983255
0.2998767143595993
0.3526927033829173
0.09436666122784086
0.1427701661442203
0.0
0.04152318671798901
0.038052473422038234
0.0
0.0
0.0394712554646437
0.48775449128440823
0.38460754991301394
0.008590644387261332
0.022565167198082447
0.0
0.0
0.0
0.08855497324188404
0.6397076851032542
0.1728900570084097
0.07628183573571017
0.01017460542003586
0.0
0.0
0.0
0.0
0.6206801400049404
0.2871381710804493
0.08200676799344858
0.0
0.0
0.0
0.0
0.0
0.2978442975321327
0.7021555346647469
0.0
0.060140166555004454
0.10421249699026976
0.05518770448194442
0.05466458478289851
0.09665075451461591
0.4846426906187794
0.11059872278678344
0.03390153919378939
0.03651683214045448
0.0
0.0
0.0
0.0
0.16204345471885254
0.7221220713733563
0.07931747610998553
0.019723732180471243
0.0
0.0
0.010395320505486
0.01643644409603128
0.2602316506732002
0.2376698187629772
0.45554221195964156
0.41679070403650786
0.037278895281454665
0.0
0.0
0.10002976673292233
0.0
0.15441937764090355
0.2914770884011712
0.18850832618503052
0.0964562719703439
0.2748216673080432
0.14425601499916518
0.09930091305947483
0.033392918210177217
0.033392918210177217
0.12986930041170242
0.08180415181232056
0.0957047225583285
0.0
0.0656463131711774
0.07296674778790323
0.12337814120710383
0.560498959742128
0.0
0.20564551434897413
0.20779579579377228
0.0
0.09695987226825052
0.027219620501478154
0.23042744986080252
0.12996223447611902
0.10198912872759057
0.08143199780427621
0.033693726327345054
0.0
0.06615634246878427
0.05802910694972113
0.32537932965457333
0.3620057043297465
0.07330332521761877
0.0564414254684646
0.13890103049266603
0.06083092508552796
0.06747780073269266
0.15042535597867002
0.3944199893089492
0.07830168789484528
0.05320146443106641
0.07656282220451782
0.0
0.0
0.0
0.2627154621533079
0.14915422864348424
0.2442403301043632
0.26732692960786125
0.19569729998196853
0.15507060436430842
0.35912343098912
0.0875909981859696
0.0
0.09352503435257277
0.0
0.10899213054859458
0.0
0.0
0.10887046101430707
0.11837840300200136
0.38166237447222023
0.22731650845841794
0.16377117569837668
0.0
0.04002164470428722
0.045841821031718986
0.0
0.04868843623466829
0.11998098092747529
0.36721224635640903
0.14948179635844022
0.22877217947580897
0.0
0.0
0.25566266069458693
0.46965766348209426
0.2746793653698067
0.0
0.0
0.0
0.0
0.0
0.351814893375461
0.5190503695736682
0.1264594314324995
0.0026750065435589953
0.0
0.0
0.046039084186748874
0.0
0.5296054210893053
0.3369568669175044
0.053284688405361935
0.02780730810094094
0.0
0.006306132756601997
0.0
0.04805116659755972
0.10508730146091831
0.321742527040093
0.0674330873218988
0.052876049150428255
0.15947097635124174
0.2453382218473372
0.015589709433497044
0.0
0.0
0.5413178327362002
0.27181651448173794
0.101822869207319
0.021267242471094468
0.04818557412090464
0.012582345612475199
0.0
0.0921134007114173
0.09413567480892478
0.367621670336031
0.3619910954271265
0.054779098487062
0.016776460311373788
0.10461858543175828
0.09950842357660698
0.18971603058537048
0.017986164854849104
0.1463164421979852
0.4192579374022762
0.005800363943421681
0.016795649824854562
0.19363380906048747
0.2702825602243074
0.3872617129874937
0.12168265086950403
0.0
0.0
0.006369160767456329
0.020769857416805412
0.037959972368182805
0.0
0.0
0.10739237870121499
0.21718135241933442
0.1576318755457374
0.17332231195801687
0.3065116963991257
0.036933338331499845
0.0
0.03913158160885191
0.0
0.10249160786390794
0.12378002774062029
0.6050016311691768
0.09266162230699879
0.10525081174944444
0.04685954229381446
0.0
0.02175701832825128
0.13367621798033935
0.028806005299495997
0.5840410184997676
0.07960879587888868
0.010877953789177788
0.013073673757084505
0.007739209758528259
0.0
0.0
0.0
0.8138269673216245
0.15448189320821382
0.0
0.0
0.0
0.0
0.050876978328514705
0.3839973559485683
0.5187244979547497
0.04640090001522324
0.08161414798500118
0.0
0.08672956750485598
0.062348431481503715
0.2179588301986909
0.07992192335646585
0.41980861283171
0.051617318338618476
0.017165604987083298
0.0
0.0
0.02610357422038324
0.04685735386922465
0.15038729973831855
0.5765484651242336
0.18293734444397813
0.11623207382319987
0.0
0.058777317314990335
0.2925746246385064
0.14223970065993502
0.1219954284238774
0.06882206057562437
0.1993584667254872
0.06321914139533168
0.05398125471508869
0.010329288894573598
0.011299699550010653
0.16776046765428945
0.2572054401602077
0.4255418003994373
0.01066257659859103
0.0
0.0
0.0
0.0
0.0
0.36025682855577745
0.6397429922051695
0.0
0.15659613024270996
0.034964348394553826
0.060679621919913315
0.021953346234129888
0.08443848278666173
0.055283490736673775
0.07047289856863066
0.5156110750313853
0.0
0.0
0.0
0.0
0.0
0.0
0.06495166160950464
0.9350480360771127
0.21832016614426852
0.06102234522788785
0.13821017430422827
0.0
0.27732877076199414
0.18306703060050097
0.1220446904557757
0.0
0.2511324600820362
0.030126331206104844
0.03513303639118509
0.030722949045907104
0.09537627153986815
0.331941813804014
0.14924292808500256
0.07632270352934425
0.0
0.19293626045420825
0.6632531456658751
0.07720750792730886
0.020773131894135786
0.0
0.045829722960404634
0.0
0.06366547121409641
0.09778655638420782
0.155459928844234
0.08090129353939213
0.26596403356166765
0.181963041125786
0.10722695270736268
0.047032358719520814
0.06131717854990102
0.0
0.048992776985770564
0.16500968465180826
0.11324316196778925
0.20532762745338232
0.2794074946562344
0.12670143811959977
0.06920270473963547
0.1206321730336063
0.16910029197359497
0.04936828036076011
0.024275830822645374
0.027009720938222216
0.08478149789605914
0.4556292385841151
0.3184441856056581
0.12678961357448867
0.04415083435496717
0.018388002720172755
0.0
0.010969363444027542
0.0
0.4812577260666036
0.24613215585261106
0.2398239901615879
0.16398236190970455
0.19626349404465673
0.0
0.05667077283440902
0.05166168049501178
0.04546529813180638
0.0
0.0
0.05908000207662217
0.13557755136480737
0.3611151938993153
0.3962706632649432
0.0
0.04795634223607492
0.03811386918507932
0.0
0.019155956104536367
0.0
0.0
0.8735305317788707
0.05476112186613479
0.014438288552391198
0.0
0.06763560155885946
0.03597596415636975
0.08154673136066053
0.6028834114973551
0.14173165371809804
0.0
0.07022545673981907
0.08709766283285454
0.03273412252884518
0.179894935868383
0.119328643750001
0.18586824776603736
0.08013682596906337
0.03483906237997294
0.28009972906302794
0.07794587384704678
0.0
0.0
0.17339461615855922
0.22827178249552355
0.24183672170210957
0.12544380286130552
0.15310649328014855
0.1030547514907931
0.0980910871568314
0.06909766426803174
0.16907323473012778
0.154844526207809
0.25550542945137034
0.15033224553603727
0.0
0.0
0.04840186748409813
0.030017564549896007
0.055972283660364205
0.6243863053189207
0.18171557575027733
0.03685800406913539
0.0226474683621302
0.1521507374481647
0.0
0.355152644373727
0.12619633334819166
0.1639119698488918
0.1792077920792047
0.0
0.023379720038930456
0.23147499394913226
0.049535389349407155
0.1356234135320121
0.26698011680405254
0.06427822577534024
0.12312969162029136
0.0
0.128977107063595
0.0
0.2260186974257417
0.3024735300288061
0.19457635430014264
0.11427304712586346
0.04318001582411621
0.038306387304065895
0.08117131938228213
0.426669503087765
0.07497687999247811
0.0
0.0
0.0
0.020563527798282036
0.0356975644843604
0.44209217882397694
0.0
0.07300398336205526
0.0
0.05342617424939651
0.5178139492228938
0.13052513412718655
0.18286915478489232
0.04236123732111597
0.0
0.0
0.0
0.0
0.04454274408507042
0.2861990855708367
0.6299557281092912
0.039302255287139445
0.11235875624041061
0.0
0.24005452322513085
0.04771727319761306
0.13413381259868123
0.0
0.3591636200663681
0.10657093464201998
0.025761387660980788
0.0
0.0
0.01943993949738879
0.0
0.22428080181501117
0.6509944314027326
0.07952326072536826
0.0
0.0
0.0
0.016436984252882265
0.0
0.5586819135451825
0.3888115782402489
0.03606929602171689
0.015517753756609924
0.01097270862529176
0.05912113595344701
0.07988251733725302
0.18771129595662
0.26612042394691576
0.38067293763779003
0.0
0.09077274977517785
0.0
0.009850782481892934
0.00633836947837175
0.06134203529594893
0.2693877930204533
0.46409873886234077
0.09820933454131726
0.0
0.0
0.0
0.20136891797994397
0.2471700354619342
0.5200932359209917
0.03136759444307585
0.0
0.15458756232238502
0.1830133500011757
0.0
0.0
0.08441040332235165
0.045954927894674
0.12154374494899339
0.41048967198730196
0.05203565320225694
0.0
0.2256126780039841
0.12616506294987379
0.24040007893409648
0.18645418839035824
0.16933205141061147
0.0
0.4690523681756881
0.2935220027745003
0.0
0.0
0.04123719017546596
0.025376732903490365
0.0
0.17081135132024491
0.013274520704322739
0.0
0.3755738586133641
0.4955953988421186
0.06523326868974143
0.016490405071496232
0.033832179342285336
0.0
0.0
0.26045676591129785
0.5441671510356404
0.13386089619886435
0.0
0.051462388428010916
0.010052617525368984
0.0
0.1700641143347629
0.60485090993019
0.018060894953349952
0.06349706827947806
0.03428213663539937
0.02770414979114059
0.04184381149983433
0.039696527398595825
0.11109001658554296
0.11526750218183238
0.34041379238941777
0.21787576352396834
0.11139433121582684
0.0
0.057457744939890545
0.04650003723764668
0.0
0.0
0.0
0.00922756554308269
0.0
0.8663103683402722
0.12446150661328141
0.0
0.053173864783049286
0.0
0.0
0.12658691441524922
0.2753241140225541
0.3058458046769266
0.19573136270948438
0.04333716153600686
0.30462277062802956
0.06652081140726895
0.10617371686527281
0.05470881040639427
0.22363111088301754
0.036806236297431225
0.0534426508858209
0.1540933397586151
0.14812747862085227
0.0
0.10879327714663756
0.08260268450653832
0.13413784942381768
0.15011455650255215
0.174523531294306
0.20170028734589976
0.20419357110494318
0.03720582463071984
0.0
0.0
0.02162544460868587
0.21970710507546926
0.2774308217159146
0.23983689093596305
0.0502279510561672
0.059711402534483086
0.21533925402271675
0.2912534838905702
0.1403669652027287
0.15669652731679684
0.0
0.08640351904884365
0.06587644745067936
0.19427831201209508
0.36198010338983294
0.10135872346448653
0.20864094440095104
0.06786311655169902
0.0
0.0
0.37202936131937847
0.2189658885404518
0.21396562994198384
0.0
0.0
0.037354192835733616
0.0704797482792358
0.08720424522840954
0.0
0.0
0.6947102041642403
0.24990625329916924
0.039355340281200316
0.0
0.0160275150813367
0.0
0.0
0.0
0.06776650136672528
0.6870643269844735
0.2451688176210236
0.0
0.0
0.0
0.018837630866729065
0.0
0.0
0.6140018901202857
0.29723005576231687
0.06993017116184454
0.0
0.0
0.0
0.0
0.0
0.7725581206688017
0.22744166439587477
0.0
0.0
0.0
0.010804399695928554
0.0
0.0
0.03156880063146827
0.759314354824836
0.07662148505808364
0.12169071423514354
0.0
0.0
0.050043241158572754
0.3864171110146095
0.4283387693868395
0.12798565114322283
0.007215025630665923
0.0
0.0
0.0
0.08748247848096331
0.0
0.40629572958309496
0.4731266358278572
0.0
0.0
0.03309490198261263
0.04905010979438401
0.0
0.089018683694363
0.09499961282573546
0.5622862197942403
0.1580576170061583
0.0
0.046587385973951546
0.013914282614860805
0.10162726588918036
0.0
0.14358801662140264
0.5459753947719718
0.14612435274007693
0.034714641846620625
0.014055548577224209
0.021778385916286957
0.0
0.0
0.010564069059531687
0.0
0.26568494703160206
0.6377137854685823
0.06425856731170482
0.06297258643626653
0.02369700260979214
0.07996711722215452
0.09670740786812666
0.08488882405971161
0.07503079052539403
0.5460488505619104
0.030686685903774873
0.0
0.0
0.005148539487906981
0.0
0.005887579950463535
0.1425210465381923
0.7922504140913039
0.05419224143864153
0.0054843487582268095
0.0
0.0
0.0
0.024526752833507623
0.9699886816203599
0.0
0.0
0.10276286128810834
0.0
0.0
0.06613122585545586
0.027377665459678745
0.5904275391556791
0.21330010147248024
0.0
0.0066625768207686864
0.0
0.0
0.0
0.02726044756683204
0.6533224805984696
0.31275433547414727
0.0
0.16062824320365662
0.15439156656561778
0.0
0.0
0.08961755475032011
0.2735208122641151
0.10763839281606034
0.21420295542814227
0.0
0.23815584795559905
0.5833139104090214
0.17852972024413777
0.0
0.0
0.0
0.0
0.0
0.0
0.04148858586728216
0.8281989794420135
0.07437963180471223
0.05593247084088689
0.0
0.0
0.11598655438773557
0.16644062175380256
0.20315690435087863
0.35744087731690094
0.0316316152938254
0.07481422694402298
0.05052871046588559
0.0
0.04281523660005502
0.22414464597781736
0.17750322177283956
0.07253160319319576
0.0
0.3715098205103157
0.11149514818198784
0.0
0.06300739617090381
0.13411447674888616
0.0
0.1574631724893539
0.21491187653184993
0.05758817578414669
0.27439771970745946
0.09851675930795148
0.054045545497999024
0.09343613170570535
0.0
0.15774548746669886
0.12103757075222128
0.3154224853261748
0.2583113550259477
0.0
0.3317924253339681
0.11042510198657605
0.04975964785228677
0.08106151054465256
0.11300841911895447
0.25721678002505677
0.0
0.056734724314119044
0.0
0.0
0.0
0.010898252602926616
0.09755048485110551
0.8294599824962674
0.06209083213429587
0.0
0.064776716494212
0.07792310573504853
0.3036676279813933
0.04106570766968113
0.10849261994172796
0.21327228240415239
0.19080138135379887
0.0
0.07694553872889164
0.3489430671361721
0.21089128365485416
0.03485563322641421
0.04865171659514227
0.11582200684043234
0.05150644214247341
0.11238405582646825
0.1443932271065159
0.0
0.08479067283684955
0.0
0.17099981186272115
0.41183105123790786
0.11110181864780207
0.07688309906852142
0.18439127823325194
0.24258110129027957
0.15379601815549424
0.24774602659249867
0.047451205462138386
0.07374633257119821
0.0
0.05028656629569635
0.0
0.0
0.0
0.34965025411892864
0.5518898734995029
0.09845932934740419
0.0
0.0
0.0
0.0
0.5843092259848102
0.4156904356106256
0.0
0.0
0.0
0.0
0.0
0.0
0.7015083451163083
0.2446481799109964
0.039779060516250735
0.0
0.014064021355112142
0.0
0.13822669453764866
0.11646314867812563
0.6445340324037094
0.0
0.0
0.0
0.0
0.1007755105658426
0.004435537725143216
0.07634049369337179
0.2603854811779981
0.5436126437605548
0.08547024217818402
0.0
0.02975449258029201
0.0
0.03835218253107481
0.3752892044324698
0.18208779117918975
0.38711844807240664
0.0
0.0
0.01715161578334475
0.0
0.297898424074662
0.13264080166568848
0.27683648346500933
0.15219549621233602
0.04163280751412977
0.0
0.0
0.09879542992988315
0.13335926626703326
0.5889392921480046
0.15246513730036862
0.04891768954026944
0.0
0.0
0.0
0.07631799606428497
0.12786243433910985
0.12296359789618962
0.17043112714140127
0.08894143338742025
0.30387569332485004
0.0
0.0
0.18592544874674297
0.0
0.12392659294962641
0.10051516333990036
0.28993422741577374
0.3697549388159893
0.0
0.04600105381265409
0.06986783083994542
0.019202117964642936
0.001764709733110998
0.09639880718079354
0.4429143227523855
0.4123583064981005
0.027361538570427748
0.0
0.0
0.0
0.0
0.0
0.2269514036564232
0.6962296652479437
0.0
0.0
0.07681871708852686
0.10439560897235463
0.15927101864187335
0.03794293861715244
0.10605749635329619
0.14072268915934963
0.1440945889272127
0.11954193554254365
0.18797328200266508
0.011961588152790954
0.0
0.019515230209912242
0.0
0.0809214797610779
0.3826411311052323
0.4668848481270865
0.038075360004980026
0.004902167766936926
0.0
0.0
0.0
0.09657773654780828
0.5669135700352494
0.33160628530145125
0.0
0.0
0.0
0.010623915053999025
0.0
0.0
0.8665865226992949
0.12278935357330889
0.0
0.03738560346562604
0.029109197823253285
0.0
0.01869280173281302
0.0384753987558398
0.7614490233736848
0.11488760539987342
0.0
0.0
0.0
0.0086584417112165
0.0
0.057139800238099565
0.7750232583073445
0.14279323572174296
0.016385012390755547
0.0
0.0
0.006584377937752539
0.09247122459075259
0.17569750460351763
0.5404075160561718
0.18483917263890964
0.0
0.0
0.0
0.0
0.01875425469804806
0.1677240567854333
0.6275139845089477
0.18600749791741925
0.0
0.0
0.0
0.11737828645829276
0.2505015818598786
0.39098881101126287
0.0967876660158753
0.06129782119553464
0.0830452701305199
0.015686711012324522
0.0
0.0
0.0
0.629476810041764
0.30560081201326356
0.04923527671110569
0.0
0.020027609282345014
0.0
0.01904203349488843
0.0
0.30607647071523963
0.6358538037298151
0.0
0.018999858862230067
0.024865248752900304
0.0359602001809403
0.07145404522129309
0.07740607471879059
0.14883780956479561
0.6188152348859755
0.008990050045235076
0.013671085350541297
0.12698734832251332
0.11641522768505874
0.20211005434541468
0.24420992990302381
0.038614852496731654
0.05870361092880735
0.15942069095744751
0.05353726777023651
0.07980995440948152
0.04294878975744998
0.35024374614931986
0.23269476488563798
0.007202730573933272
0.1571015256389345
0.0494960336386713
0.08050185471901038
0.2387689432971595
0.0
0.03195698396441498
0.031564860431928674
0.0
0.0
0.16165743583870024
0.5360511526125054
0.07677812354559801
0.046309556644767776
0.01775890526372611
0.0
0.0
0.23238542798021872
0.28679950498832335
0.33996785370527804
0.16400631791966055
0.06631773116197494
0.08223874191296425
0.05592402261513159
0.07958127739436992
0.10023512786729434
0.3476065968997845
0.10408907893334449
0.2074542401474902
0.11573353261314433
0.1466922973007379
0.0
0.14940799022883838
0.1988064796994247
0.18190175547037762
0.0
