0
0.16096038484854913
0.04598867965769121
0.0
0.0
0.0
0.14337646262619158
0.07053396191478253
0.11795643054649871
0.42004576987568915
0.04113797237854493
0.18514670806112962
0.0211682656300544
0.0
0.07856878309860205
0.09561117450425836
0.10751406875591317
0.4401888203754198
0.048841062300479444
0.022960209692223954
0.0
0.5476645953002719
0.0
0.09974055601920738
0.04434949996502247
0.0
0.0
0.07022695512883738
0.10391362130811024
0.0
0.13410432151265664
0.23321438386018153
0.0
0.09940385225201147
0.24505862943756715
0.29100153133891266
0.0
0.0
0.10507551632970644
0.0
0.026245541888227288
0.08565159222237025
0.0
0.0
0.026579044702153685
0.06435012385050187
0.058946270782384604
0.4314486518694455
0.2847703346888428
0.048253312731222193
0.0
0.2400480717550258
0.026450030881734303
0.0
0.06546048421876974
0.054528129881956613
0.08217009046569493
0.04305752843537175
0.0
0.09940777657594092
0.38887684225630076
0.433921812670412
0.17106097035695722
0.0
0.0
0.037466034855407435
0.0
0.022154319159522786
0.0
0.0631332230217356
0.2722631861978121
0.25989631526975626
0.0
0.0
0.0
0.03675387585723132
0.0
0.05511311027396513
0.10682865637409586
0.37484802855066574
0.16655978081215875
0.13439546912749933
0.0
0.0
0.0
0.0
0.0
0.12190881394216173
0.6080518012159469
0.08154639166586918
0.0540971846660283
0.4412855899381511
0.19263385486752413
0.16568226192241653
0.0
0.0
0.047660777093333745
0.0
0.0
0.1527360267792571
0.0
0.3321713486197675
0.10767867781151083
0.10181506307026121
0.0350139335452262
0.03853300819220215
0.11465269498791866
0.047980305422881085
0.0
0.13288567434417833
0.089268371307839
0.31995735106752193
0.09538020155330672
0.01005395613684823
0.04723559011280663
0.006473952324542489
0.05421796684271153
0.0
0.06626390561050335
0.18540834338577414
0.2150083404249529
0.14420089859412488
0.08310270525613166
0.0
0.32147931857510104
0.3784336932106897
0.07278307358614496
0.0
0.0
0.0
0.0
0.2968307827552968
0.270164428606316
0.2311572303063275
0.17750927268071687
0.0
0.024337613741430796
0.0
0.0
0.0
0.0
0.32937127787878506
0.19440984951205573
0.0
0.08273472012750607
0.12065744183150547
0.017335330244727797
0.05738056267154562
0.0
0.09136521403560681
0.10674415908738147
0.19818626676590856
0.4069469198873058
0.2859659824670828
0.0
0.0
0.0
0.0
0.026600814211076514
0.02847480826132167
0.053824967337633235
0.4550430630777253
0.3895873717966479
0.13022283038943616
0.0
0.011608617500215395
0.0
0.0
0.0
0.013537857659393557
0.0
0.23971058941417345
0.0
0.27979297282334376
0.0
0.14485972675548978
0.10850983368387614
0.04671585870188483
0.027220657566252453
0.15318975955772374
0.0
0.3113713159098875
0.13993875169910358
0.13642091001431614
0.15612886368042075
0.0
0.0
0.0
0.12808209475356805
0.0314533902566025
0.09660402291083557
0.07951631549595786
0.0
0.032709387565631146
0.056098112223081906
0.15495779984555766
0.27546545849707677
0.2455549706752315
0.1556976757104282
0.0
0.0
0.30596879760282164
0.11607396528764682
0.0
0.0
0.0
0.03746643179470864
0.02478839587545293
0.0931201761418922
0.128824841820828
0.2937568160904671
0.27900400734537417
0.10846201154279606
0.0
0.0
0.0
0.06781615022057076
0.09095568665659208
0.17702078453271952
0.14441386777396117
0.1323269154734438
0.2508519276005105
0.07960131146640143
0.029563182867594483
0.19684129817571447
0.08619074839951764
0.13674317312850626
0.11723268985091372
0.0
0.10297305546987055
0.0
0.3254040487524413
0.0
0.0
0.06638825882585266
0.10819961931067819
0.25519122151369583
0.12020656257098702
0.026242262185377604
0.04484279384584795
0.05352392088202983
0.23862997952782322
0.09112330952207681
0.0
0.28601137740186927
0.04399813204635072
0.0
0.19012889496306612
0.0
0.0
0.15010752285454232
0.39066759425040926
0.05597452624660184
0.08852483667737188
0.15572977231997748
0.021890347119099804
0.0
0.0
0.0
0.10603051763822652
0.18118133248572263
0.4125516256506381
0.0
0.0
0.0
0.07167217780096291
0.03366988005573828
0.11318317508366361
0.1972940783484037
0.09482580550557847
0.07680220537123973
0.35292472122795165
0.04155641365369212
0.12185068832812374
0.0
0.0
0.0
0.07794183584362951
0.11507929623956434
0.0
0.2906464796143314
0.286229217159058
0.11871274984341297
0.06889773263317979
0.0
0.04479123838480464
0.06646571297395282
0.0
0.12513423420462563
0.0902355781326161
0.1995327545793979
0.358980080373977
0.1969366173761488
0.11110954995292975
0.13798166966391942
0.11991131606905381
0.0
0.0
0.0
0.0
0.07507991426313615
0.03857391393430926
0.0
0.023235420451279527
0.0
0.04651522266008096
0.5046516008096711
0.38702355005210753
0.0
0.0
0.0
0.27908311824299176
0.10480165845120903
0.04511397794100553
0.0
0.14182276038234173
0.0
0.06564444831286043
0.09113806739169959
0.04804388820402214
0.22435164102587446
0.10029039919816644
0.0
0.048150648490297994
0.0
0.02723041107157049
0.16617653241932434
0.3028344654241274
0.13790915854381144
0.21740764646450328
0.0
0.19617227659516365
0.0
0.0
0.12965433110263586
0.0
0.1854667988487596
0.06074818278963794
0.15280147738292205
0.14471239181090997
0.13044354439160868
0.1276961237451918
0.10046013528057975
0.0
0.20041606683830324
0.12687556444628417
0.20320224917769478
0.11897654050095378
0.0
0.07411743918889033
0.04825546703488855
0.04856355534808238
0.04519282150004846
0.0
0.24007173806595355
0.2705983153520261
0.0
0.09917749236711004
0.0
0.05180618767222276
0.24458934673749527
0.0769173498109403
0.0805802621607386
0.0
0.0
0.0
0.004606370247155233
0.04345641050557823
0.021234317938883952
0.44721308542982147
0.32599162811058846
0.06387545409075014
0.1064032861714126
0.05452223416206406
0.0
0.08447916569971141
0.03566051440210479
0.0390434288675849
0.08417948786129417
0.1922271459953454
0.33960892728028785
0.0
0.0
0.07391854147082595
0.11418046276252854
0.0
0.08799051008791671
0.08599508481699344
0.01792368589669842
0.4137538053686211
0.2062374615042751
0.0
0.03483261166024456
0.12748591689685182
0.0
0.18289197788315759
0.4329335779735745
0.10320675539337497
0.06839961495531255
0.02806322527357597
0.022185927768426816
0.0
0.035044126124714386
0.14445030303866316
0.20419848479801248
0.3419424133771578
0.040435533233831346
0.062439117242729054
0.061115794721265236
0.11037389050086299
0.0
0.0
0.21266283240020642
0.33942548210174067
0.14435265319900045
0.17046866268471417
0.1330900275752932
0.0
0.0
0.0
0.0
0.28093416146273864
0.2078819185609597
0.0810364439265856
0.14446708577419928
0.13265521614121276
0.07301434465443676
0.06860733445637135
0.011402924877260539
0.0
0.0
0.10459988165533192
0.29795048628802817
0.23154998495749982
0.32524502102110137
0.0
0.02607604380972649
0.014576952515537757
0.0
0.0
0.0
0.21309253264289615
0.06644458625974493
0.0
0.18384269642707168
0.25173690691654815
0.04438149639597441
0.0
0.007371364916939269
0.09592829447006919
0.13720147042796985
0.3754213062080583
0.021216146967035585
0.024772265589897074
0.0940902559265639
0.07325077367605472
0.034944241844567105
0.05700836282589587
0.0
0.0751400724033927
0.24415626255637662
0.2718255674237581
0.12757258197683205
0.0
0.20395523522099493
0.1661514486361152
0.0
0.06404184114844033
0.02545811590435813
0.12508332344166148
0.015911323697621552
0.0
0.15876262770465568
0.2868752186490347
0.0
0.0428144092762538
0.02321937405221518
0.2879763981822237
0.12547058215034335
0.0748802290165883
0.0
0.49661059502569255
0.02873786844178183
0.23656172534753067
0.10839065660414676
0.0
0.0834426633867765
0.0
0.0
0.0
0.04625609267152335
0.08760711457991768
0.07792747502619696
0.1547611716432949
0.3054644315242651
0.0
0.053536257758784705
0.11160098323815197
0.1029354778292108
0.041393918962247776
0.06477228206309574
0.088198620079948
0.1957524856647518
0.0
0.0
0.0
0.0
0.29142983576629744
0.23721625330494145
0.13164032156564356
0.05576196765764695
0.0
0.010392934820696182
0.0
0.06018321637766031
0.059423879468783164
0.06421208399053714
0.08326829801152089
0.4543390378207895
0.16747881532592168
0.10070137387390433
0.1272976144479654
0.0
0.0
0.0
0.0
0.07854064683537977
0.12103356177688912
0.40570286069507927
0.12949677228693238
0.13792731994218566
0.3631137085030199
0.06969881970263729
0.25731882901873376
0.12852284897039043
0.0
0.01294274534304294
0.0
0.0
0.1683998127757676
0.0
0.027401730081993383
0.0
0.0
0.04276386786554367
0.0
0.0
0.05674797736804933
0.49184995009464433
0.34755182368551313
0.03368419420877298
0.13574663279049634
0.10352633471948938
0.1303597166514674
0.1347338223427173
0.333801868988908
0.12382735667852916
0.0
0.0380036287282236
0.0
0.0
0.16510002854511333
0.13655735897089552
0.06479626564350076
0.21124689815826148
0.1641835910490275
0.04939916230294636
0.0
0.0
0.033608936948910435
0.17510694228422036
0.2956855682807512
0.06727694890298708
0.058632664471160764
0.0
0.08319816765709984
0.0
0.17903431189645935
0.1596703648251984
0.11049153610141334
0.04600996866848117
0.08580412524762017
0.0
0.06833450167306057
0.050944257513701074
0.06731515180345159
0.14195839224047926
0.08761664361866699
0.237346589087722
0.16570513315679325
0.09497447672276635
0.13754501750789802
0.11407045778269526
0.09780568196977138
0.13412569879315964
0.2415708888140915
0.07486754699478057
0.0
0.0549290076828644
0.07920072920552482
0.06588434511246864
0.027775550730518947
0.0
0.28648221439176386
0.219633526935061
0.13481233391395878
0.19442885338909943
0.06018035905385779
0.0
0.024929320779027566
0.05175668349207303
0.26241092860797
0.07483872165407411
0.07090107885346542
0.024550547674111696
0.0
0.11531593176998477
0.051585922797672004
0.0438396031760283
0.0
0.3565566693267031
0.027135871897921673
0.25616823612611334
0.05234648459311411
0.05206563850298338
0.036281079048705867
0.22494270408860334
0.15882253891889872
0.018050512717030922
0.11976486158102274
0.054421621262794755
0.046476468197787106
0.0
0.47240629142366797
0.1405836666631323
0.010030235895890598
0.12586001572981384
0.09403246567124939
0.11061024824605448
0.0
0.0
0.034245197405808586
0.06992909339840091
0.2033438911593128
0.10564508564997571
0.062298352805489225
0.0
0.08961661076795993
0.17855424412644588
0.06534922463205896
0.1910177741380818
0.21409833719888938
0.12985947130813114
0.0
0.0
0.05209621925985602
0.09009131046581574
0.054498216302690514
0.03036019069472876
0.1556766315775325
0.2733187286965907
0.20720299813190823
0.1764804468799637
0.08323167702040625
0.0
0.0
0.010215276908535912
0.3958614305269478
0.05107638644542321
0.07593050717717284
0.0
0.0
0.0
0.021445625573467464
0.07405997915627717
0.14291874934384635
0.0
0.25396701828208823
0.3467510578032563
0.11224654162758349
0.048610805593202286
0.04486654890753716
0.0
0.03291782525791504
0.28925851151149157
0.39680840806076145
0.16254193714331636
0.07360650488704891
0.0
0.0
0.0
0.0
0.0
0.42043602673591224
0.12813550588753916
0.2562012519125114
0.12435338194648113
0.03698677514008066
0.033886392785868066
0.0
0.0
0.009905160602367704
0.057705649039380476
0.061907255148533125
0.18750497549207432
0.0
0.20742698071468138
0.12411131591577722
0.08972922109133176
0.10854751501273201
0.15316130791057053
0.051126795459445665
0.0
0.0
0.0
0.0832506823260792
0.16346507521007642
0.2969558752932681
0.23832483037546168
0.14815590768173142
0.018720326027821334
0.10206331828101908
0.018958319736559492
0.0
0.0
0.02783177035897217
0.0
0.04915620634632238
0.20399809775955677
0.2071994602765351
0.390792204903723
0.16255384012073174
0.3746732315158587
0.20898551872002352
0.23479044162714188
0.0
0.0
0.0
0.0
0.01899626006743761
0.0
0.2571901699141272
0.2108260244613419
0.285982348904156
0.0
0.0
0.05651531736153374
0.0725372303858685
0.0
0.0901576635621079
0.02679083003667133
0.4177492507517029
0.22924403264612395
0.0
0.0
0.03656007313927458
0.0380608414827848
0.012020878517081404
0.13125928859214453
0.0773924244294077
0.05771273527456567
0.3242062186163585
0.27619974692820687
0.0
0.035540277343220926
0.0
0.0
0.04958017454792335
0.02002114710490879
0.10395563253930094
0.19049646923430882
0.2534293545299236
0.16148913216556593
0.26790201585354145
0.16260162510834014
0.0
0.026672751730917266
0.0
0.1279043842335909
0.0
0.0
0.2540625000026473
0.1569882971794354
0.09550148513100011
0.052955525428050716
0.0
0.10141274484908347
0.18057281307196596
0.07198007847593073
0.08652591964189564
0.0
0.4462894637000791
0.0
0.043036513266645045
0.0
0.049567354085222885
0.13223095158341291
0.11323271553107005
0.05913028088386605
0.046822333083728754
0.10968930102987527
0.3471875688378901
0.20097584591781675
0.3215899123465328
0.06638737190779248
0.0
0.0
0.0
0.0
0.007335206068820913
0.05652378042677517
0.08343379736559549
0.12981555678575948
0.021288328923219347
0.0
0.0
0.03244930530996046
0.0
0.013797633692087927
0.15256269694334107
0.5666523564869831
0.37001551894216916
0.11956766675316759
0.0
0.04114249458930731
0.0
0.06194890725972844
0.06138236345791923
0.07477919589742939
0.1774463777863161
0.09371690539300578
0.11303638249194134
0.11108195435159568
0.08771770320117955
0.0
0.24076785523360772
0.05111937755587458
0.13070681625302688
0.0924290281043286
0.11873984045994447
0.05440020690392086
0.17840154680936887
0.18913912655590387
0.269316337952325
0.0
0.0
0.04137263483757961
0.0
0.018757497449392476
0.303012124038206
0.0
0.4387096078396523
0.021640153945348406
0.0
0.04916209708387352
0.10501821555827309
0.05893161812352315
0.09162354733496958
0.050205863127365906
0.031011867106371514
0.15369658667298403
0.36177916010344413
0.09947684381454033
0.0
0.0656779164856513
0.0
0.0
0.0
0.16613071024580756
0.030211332711360242
0.27672368019897764
0.0
0.039439513487418976
0.0
0.0
0.0
0.06512503048831488
0.08864336751706013
0.4556326059020782
0.26166461892488935
0.08949452978262387
0.15585079797381152
0.3292032198299444
0.1581638899241124
0.004823468051512484
0.0
0.06811236324725323
0.0
0.07937499172465191
0.05017334212832502
0.15429738784028707
0.18176808261396826
0.467289041512053
0.026359292804716536
0.1086821593966497
0.11585578717273165
0.03722614590259927
0.0
0.0
0.0
0.06281900077956618
0.0795311217439654
0.14527086082297452
0.08328871369261145
0.1350186035232593
0.05036443901153429
0.3556174967851005
0.011037238960242234
0.0
0.00838959286074153
0.13148164174277008
0.0
0.04532231070007665
0.04958360123521972
0.21959422699491868
0.4523384418062876
0.10257084642597392
0.0
0.0
0.05339772479819544
0.07719242160740171
0.0
0.0
0.0
0.08172573265876444
0.2231846450130192
0.11104985354016872
0.2053990488652207
0.3553585169816379
0.023281809007923454
0.0
0.013539270037541311
0.25643683963955566
0.28405931634582665
0.0662435165035934
0.0996160188695838
0.09090178192938615
0.0
0.008396699089314421
0.05129390122332072
0.12951223652692972
0.0
0.05846147482325417
0.13206605997042392
0.09930402646633102
0.016325480296532472
0.1359761828065044
0.31588794868797865
0.05326976689126031
0.18870807018003855
0.0
0.23448942542225262
0.05353839330340595
0.07554576811277694
0.06645217048952744
0.13463735475557995
0.0
0.10601728585137805
0.05578321572288721
0.2188184055766982
0.05471719749107397
0.12799969223270044
0.3053063605709918
0.055944733738628113
0.1507864663421326
0.18798981098876916
0.0
0.0
0.0
0.07607366812214889
0.09589840884016511
0.03927275001239385
0.0702875270122364
0.04537298942485512
0.031047837684204653
0.20991797228964348
0.1526079727130974
0.0
0.38998095057819976
0.06151077301190405
0.0
0.16574339205091476
0.1303123966981719
0.06644654829535308
0.1331837073421873
0.19571045370673792
0.15908036878087345
0.0
0.1495216761888576
0.0
0.0
0.02727657230827548
0.0
0.08211335987862155
0.07952419070522489
0.048218626417705183
0.30102473707499544
0.021564025675348614
0.2919292218619321
0.07981602367910881
0.06853153761298066
0.10629508526244895
0.1584086545763516
0.5072631779912178
0.08639621451923499
0.110440668710945
0.0
0.0
0.009252099513660841
0.021943281648325694
0.0
0.0
0.0
0.0
0.1729430838270469
0.22027822952853557
0.14959916502177295
0.1805016392963009
0.09173356682788812
0.07126428725830519
0.1136795225015849
0.13007594093545322
0.3457376012694762
0.09948525924789577
0.09953481853092351
0.0
0.0
0.07625485533043877
0.0
0.21186011826881215
0.0370507702526575
0.24918667075415252
0.31171444923880903
0.08804704162036725
0.1040898522301993
0.04286310705609085
0.07162991559702095
0.06171647844492244
0.03030879210192684
0.040442509597008194
0.0
0.0
0.053601461054352886
0.0
0.048260694451757256
0.07467414212369458
0.17149692647194933
0.25411012136680255
0.187520928176346
0.17709247989949514
0.03324221565823649
0.0
0.0
0.13264593266942204
0.2831798350839988
0.03187938533713127
0.0980308411203357
0.10821117010607413
0.1459476888931502
0.1408847449967349
0.05921999613866164
0.18492380454045315
0.06755367061393332
0.2093751527438009
0.2521375658966073
0.0
0.0
0.0
0.07183295366177406
0.11189211755683538
0.1022839657402261
0.29307019191006745
0.06461457439028946
0.24934694279345204
0.09673600875764651
0.1307937400072235
0.04955711730096984
0.0
0.06382335017451694
0.0520573471423186
0.0
0.19530167017039765
0.047821709974122835
0.22546523702429944
0.25506350993465476
0.12871532839920802
0.0
0.03230016977226018
0.06587968129207768
0.0
0.049451971179217825
0.06178311230132576
0.0
0.18832264441501084
0.18555527342809322
0.2383268881888678
0.16503297312468898
0.16097868015318892
0.0
0.0
0.0
0.13784986647525269
0.25056185219180704
0.39649166304572026
0.21509612211587892
0.0
0.0
0.0
0.0
0.0
0.0
0.3802491049750126
0.0
0.0
0.0
0.0
0.0
0.04255015205304091
0.13799356490889525
0.028656110655255723
0.410550646046448
0.0
0.17906016591970142
0.0
0.022492842109340928
0.042421803842241625
0.21682276043306187
0.07875058300131184
0.4028545625252172
0.0
0.05759682149775191
0.0
0.11608618155357182
0.0
0.0
0.164419588048843
0.2718264016243375
0.10261127019956211
0.0
0.1351003464767629
0.20995550180656752
0.1269212803963542
0.45666170433365144
0.10579580491262794
0.1708689147034458
0.0246889568492763
0.049914061588506864
0.0
0.0
0.01606833422307242
0.04908053512002127
0.0
0.08675186174567104
0.012628437339482204
0.09761879860040018
0.14435464451928384
0.42285410132628815
0.23579175224245866
0.0
0.0
0.0
0.16703289085430448
0.4958849464024563
0.15034686643666623
0.07671023173655128
0.026825887736503438
0.0
0.0
0.021627721824277454
0.010214993454738839
0.051355987335345646
0.21830483431496792
0.35952129440439445
0.36136129677803025
0.0
0.0
0.0
0.06081217624840083
0.0
0.0
0.0
0.11384646116385708
0.04382288965673028
0.031179735960734745
0.0404174979747726
0.1406768566444418
0.0
0.058212800290197965
0.10823025745335507
0.39571700410992355
0.06789599772648913
0.1228078328995034
0.3497957770822828
0.12350051568367088
0.18906580346657115
0.05212007448122064
0.14172528673694265
0.0
0.0
0.020984058961751963
0.0
0.0
0.02350227030485252
0.0
0.0
0.0
0.3074038867276745
0.16532291371444852
0.1414463121758026
0.3045567724185966
0.05776752459604391
0.014388637411896407
0.0
0.0
0.0
0.0
0.0859822526186885
0.22737867058276123
0.33375316149013107
0.26395554457604653
0.07454129710081502
0.021723668306003637
0.0
0.1601387396830307
0.03704696229542575
0.149971967997541
0.3567944723954006
0.051506726642513274
0.07611869179313373
0.09619137486763538
0.050506503182084786
0.1109482946936461
0.0
0.15487997633816883
0.06319616995146847
0.17678393018923963
0.30099633873030157
0.04468644368257171
0.05256498576680347
0.09594293607871454
0.0
0.0
0.0
0.09810168391978456
0.05933424351283025
0.0
0.3937079928299854
0.17224703927627338
0.25982545405494206
0.01678225965214957
0.0
0.21165247962415767
0.18704870387740027
0.11763822945609168
0.0
0.1552843371285238
0.16910826933314027
0.06515819692697741
0.0941090306690806
0.0
0.0
0.11216531903372227
0.05820740966562598
0.0
0.0
0.016156720833488947
0.022405342037738852
0.0
0.06337187518124741
0.24135745973650496
0.4863350813632436
0.0
0.03580810578430449
0.01404509259069939
0.04774413775709246
0.17383505148309403
0.3984539666159423
0.06520850514104658
0.2649043130127394
0.0
0.0
0.04696270708238209
0.0
0.02605022431912824
0.0
0.15768910376840176
0.1955762032752909
0.35060491734144345
0.051708221349674316
0.171407971608081
0.0
0.055655291216508
0.0
0.0
0.10073596961025358
0.2222833730522444
0.2564738278181575
0.22003431558522646
0.08329839505245779
0.06151778643522966
0.0
0.06779496894406001
0.403323719780759
0.4937392294871236
0.0297678536540094
0.0
0.0
0.0
0.005374018313886905
0.0
0.0
0.5230527103824921
0.06923826156307188
0.02619496950318454
0.10291767527216768
0.08286626223886195
0.02381522112776875
0.0
0.08520392981806887
0.08671062918047844
0.0
0.0
0.0
0.0
0.08033406230937822
0.24626986100679282
0.12315611052873349
0.38792638077788655
0.0925332755393219
0.0406779629987794
0.029102070265430713
0.3117442405036618
0.07447094751389129
0.16947940643386944
0.0
0.028754136388179672
0.05068965057412247
0.055995367511659094
0.06819632333971772
0.19215949443365787
0.04850980282511326
0.018835603215831023
0.0
0.0
0.046377294841756275
0.0
0.2194417105981317
0.22754866525059989
0.17748698776908164
0.23437068777801182
0.0759378733213604
0.07353684909033051
0.031517401466479675
0.0
0.06409072912799639
0.07650287649085243
0.09532984236770586
0.17602910418945378
0.08646933259814592
0.25837619176862503
0.13814675694457293
0.36886829514260666
0.10792674294358527
0.12831426270643453
0.1253208602671707
0.06305068778782182
0.0
0.0
0.14185747665534343
0.06466074888109086
0.0
0.0
0.38796376309346436
0.0
0.06598685248984153
0.0
0.18106638433651792
0.0709607454299617
0.0963730267386902
0.050176820513284
0.14747167330411562
0.11972945456297578
0.041969016490833476
0.15729503568654296
0.09078762850699526
0.121346435200604
0.016332777371950626
0.11034850422994874
0.11017961423373132
0.14264048164526036
0.08937055691109413
0.23979393323875975
0.18838471773104895
0.26741861351581203
0.05107349021864793
0.1445878550027522
0.0
0.0
0.027650692401480187
0.0
0.0810903625776072
0.28137297089947233
0.0
0.0853699113739398
0.0
0.0
0.22086942095496148
0.15619461277294933
0.17678876861833223
0.07940331193477217
0.0
0.3836795012343681
0.023309725758206508
0.0
0.050478634920231774
0.0
0.0
0.0
0.1659212987927234
0.20411996793965095
0.17248978922798938
0.0
0.14364416700718657
0.2569506306752196
0.22595787791178581
0.1905619489310728
0.11635467940607534
0.0
0.0
0.023044051408946994
0.04348621525917203
0.03227736998072401
0.052561450945954206
0.0
0.0
0.0
0.12550151719920274
0.13899568837008444
0.4370018001679
0.0
0.21366161913141163
0.08054826203271406
0.12781977994763669
0.12318821295817596
0.07596705495469927
0.0
0.026583086308895998
0.10503216429164847
0.07838924257800517
0.2162707585402406
0.16620033075936289
0.1475963802317089
0.06058733689683211
0.37903664885034094
0.15174969275960562
0.0
0.0
0.13233803514562192
0.06537379404779052
0.06331657460577157
0.0
0.14457468538629287
0.08504490796732771
0.10097617797146761
0.10936563982474223
0.20403568735283842
0.2997494373589139
0.05625241593654529
0.0
0.0
0.0
0.0
0.0
0.02894591885325811
0.0855252713650242
0.04427873994670487
0.23602136242253613
0.43432980326523596
0.1004809329634613
0.0493443010326171
0.02107294650320177
0.05010529495599978
0.06750270903237765
0.0
0.3247448335179617
0.19714379557257078
0.0921829433371553
0.0
0.15295594086713638
0.11536366412622787
0.0
0.0
0.011890287280116726
0.0
0.0
0.060178695719530904
0.4937674824727447
0.1253587387703686
0.04907520164046629
0.10323659683662419
0.15649217283706202
0.0
0.12502136855103477
0.0
0.0853203785091154
0.0
0.2350107303709108
0.18078215861951347
0.2750746244876984
0.0
0.0987904989114461
0.0
0.02861337898104062
0.05488713715694553
0.07258202636450299
0.26535666607654107
0.17429367172544755
0.25232648530079227
0.046182694994914376
0.1057577379570906
0.0
0.0
0.02504711947106824
0.08379267417391836
0.16029281200295828
0.06447356697264646
0.41911409381312587
0.24727951134403686
0.0
0.0
0.0
0.16231591336937168
0.030636564720644764
0.0
0.1380626372319643
0.0
0.06297172683398304
0.06721663783492798
0.0
0.3825593735192043
0.1562369474672501
0.18188796037414723
0.0
0.042533522711779036
0.07210846569041492
0.05215176797517881
0.07214011463459995
0.0
0.29145125283539974
0.09878920510725349
0.18893671070668308
0.22459978264250224
0.0
0.0
0.11516657930262464
0.11387406608877756
0.08305720001040723
0.27684577985124104
0.0
0.0902003427918464
0.09625579600145354
0.1656121070377408
0.10633403062356982
0.0754642720475977
0.08077566414478177
0.3770882788212175
0.009662209415677253
0.0
0.06441473183748407
0.04474390039374873
0.07590400049404644
0.05050706007199864
0.0
0.06136103987116684
0.04034460837475825
0.20638075183152887
0.2650271690316831
0.24181257388268468
0.06376476459757366
0.0
0.0708011979384955
0.0
0.21001599144152985
0.05670870016168238
0.08878924779083172
0.03355187762450398
0.32227294423850567
0.08829252046378107
0.08279466966123823
0.04522754266870412
0.07234604280112264
0.1493939804817041
0.21152835887140548
0.044572212925567824
0.28998974531192406
0.0
0.07301807107798865
0.0654770143450779
0.0
0.09415456652766126
0.07186557831233409
0.2330825937078228
0.03212140058582431
0.0
0.0
0.17102160737518066
0.11689216537820987
0.10050998745467044
0.10929309327191022
0.23707848762988393
0.0
0.29162891633480564
0.19390553386011358
0.2160237780607742
0.0
0.0
0.0
0.04960501087103498
0.15222874035949033
0.09660775448067216
0.0
0.0
0.2939202580707508
0.10019292674381375
0.13637862728001474
0.3123572447208865
0.047303750354711224
0.05232422420770466
0.020523248591953376
0.0
0.03699881302211944
0.37660979444903464
0.0
0.0888956952773168
0.04918651204135471
0.034104709995257575
0.02762271194936791
0.06176625622806928
0.18375369284212947
0.0
0.17805986461296147
0.1316284056877779
0.19026655027900274
0.08673606137867383
0.2054991876142476
0.12977347752177418
0.12257060483133622
0.023490097788446643
0.0
0.11003468637115692
0.0
0.28848572873947287
0.0
0.1171652570172087
0.04827946842750861
0.0
0.32612891468081157
0.012069867106877153
0.05453410957818125
0.05110056590400106
0.10223525165123158
0.09411933562312852
0.040544246901923486
0.05397154642338839
0.045242924348853894
0.11286454372881029
0.0
0.054436328081797485
0.12642795172131985
0.3668391111445734
0.10555356838282226
0.16838184714198204
0.16173760017420413
0.0
0.0
0.15588943143918876
0.07192990861894892
0.0671478516783168
0.1976342014374266
0.03496525227037425
0.1423131253927399
0.24786870473643277
0.06138296689340438
0.1828128904142995
0.0634500752379765
0.17245973568848524
0.07665272740185101
0.04595482648383042
0.010224815202951215
0.0
0.13919274670001647
0.054700806502434404
0.11669082687031133
0.11220850029954918
0.16454148630243207
0.11414415183471703
0.21706715306930635
0.22064622042112894
0.0
0.0
0.0
0.16509567765092079
0.1363580825611876
0.17493570907239248
0.04264494507800531
0.0785935061972862
0.13516288975055177
0.1434237380434215
0.055432769708889634
0.06835128204849068
0.0
0.0
0.315776436523869
0.0
0.16940416517204976
0.0561889832479292
0.042799807232670364
0.05190239173205824
0.11644025575080014
0.0
0.2474871396917484
0.2448464698705678
0.14209683721023325
0.08527122184207919
0.04992463236498771
0.01705424436841584
0.0
0.04190787749207092
0.0689675768573233
0.24160408945661385
0.10832621438456762
0.0
0.0
0.0348573600395484
0.11943866910430001
0.20335313357671933
0.23455535860963864
0.14299629706951933
0.08228414829209242
0.07509620504850553
0.10741810457314391
0.16812628703205287
0.06823416591170031
0.24101182802693327
0.21720276516335055
0.07681255466875343
0.0
0.0
0.07505250048038015
0.11753745163854185
0.0360214703090238
0.021185891662036365
0.0
0.0
0.0
0.058586019490652994
0.08870139092578481
0.14479998911514852
0.36479138859746885
0.17141350123660506
0.15052053438888943
0.21925245004417362
0.09111028545764367
0.0
0.045580330595080806
0.028267721618240198
0.07657611338328224
0.22345379240570637
0.06203065091709637
0.10547716015273145
0.148250618881194
0.029555622023225873
0.026166053916488637
0.027486168151202153
0.05871048364000934
0.0
0.0
0.24250588452989746
0.16205994654766398
0.3013260666562577
0.15218855980672186
0.14056055092033012
0.1636204587130311
0.07162128825844018
0.157416842467668
0.0
0.30480777401821124
0.01870883146931852
0.004913179584887128
0.06852080541603055
0.06982940061640419
0.2701369557245395
0.23122316892254552
0.1295624191540648
0.24330318035661894
0.0
0.1257734902743919
0.0
0.0
0.0
0.0
0.1208365861896451
0.0
0.04593502031737397
0.0
0.0
0.20880619687291943
0.2201140536292422
0.0
0.19189472050667772
0.21241226244968384
0.04092457183611356
0.0
0.0
0.06178374343395189
0.2808593814490219
0.28064877964852086
0.22146352145178785
0.11431927324185646
0.0
0.0
0.3183986880244017
0.02113880475130528
0.1384587584752488
0.0748008081027124
0.0785612024002968
0.10806516166022882
0.13659281901058246
0.038791413534667044
0.02798107493478313
0.05721078053500924
0.1300399611113115
0.0
0.0
0.14322551615545487
0.0
0.05915575699205601
0.0
0.35033265728242746
0.14479485663424652
0.17245093302626238
0.05011181617514677
0.11407081898580171
0.06644234762911935
0.09608927970782316
0.14337208382983793
0.0
0.0
0.2723458896265094
0.1790403025866882
0.07852679085304655
0.03722388955746863
0.0
0.1456967175282632
0.252535974426609
0.38110572845287877
0.0
0.05489123319945038
0.12854596704730342
0.0
0.0
0.0
0.0
0.1278171431154119
0.47955630807392235
0.3238291832100513
0.010449159703729333
0.030934994231115995
0.0
0.027412578092376984
0.0
0.05258037813240454
0.17917173947112283
0.48315170029592597
0.0
0.13687106753268474
0.02680711321525062
0.0
0.06701778719913826
0.05439965567193528
0.0
0.39079700726265554
0.24972154956654666
0.0
0.04925879291491557
0.058785037007718415
0.09816323046940698
0.05612477785303513
0.0
0.03948925701215422
0.05765972353358699
0.0
0.24810827188214662
0.08911607817847418
0.16395950582039956
0.0
0.13719430795169543
0.15196773819200754
0.04331365058989205
0.053682241002011716
0.1126576441116322
0.0155216504893563
0.0
0.20301847199652215
0.2564392098377093
0.07563568376196339
0.10136370135297537
0.10858277367988155
0.09334269830980307
0.14609538968194205
0.0
0.3870444744801546
0.28897439646229284
0.03177073914613998
0.04187712895224753
0.0
0.015366878821831438
0.0
0.010541591926042728
0.0
0.2244243243343296
0.10316477614897551
0.019190334374524307
0.05149306335752001
0.0
0.07912376737335784
0.08539050484866688
0.1496611578963173
0.30121533424272856
0.0
0.21075954462886462
0.07594250706101356
0.21511047796262517
0.1439403595777214
0.13235054601284213
0.0
0.0
0.16004438666635448
0.0798316654187663
0.14089255931473385
0.0518867552291874
0.2900573635387245
0.12906241298567217
0.0
0.0895733498512896
0.0
0.04538452905026347
0.0
0.08628647521744368
0.10200684102342873
0.2576279415707913
0.14147007435232398
0.10889031012747517
0.13290399308168588
0.010961782898915343
0.3498131124200833
0.1337588615127522
0.0
0.08391314138045515
0.0
0.038287857621335
0.07397865019412127
0.005898051772702452
0.0
0.012511656540662006
0.024883905563934664
0.00769011789942514
0.0
0.0
0.4545395667252502
0.42049758502200013
0.19223025700226742
0.1946059172439751
0.18247079074912997
0.035120368668407315
0.11232095309529774
0.0
0.07017167254497504
0.11429261140078255
0.0
0.09878679791170222
0.4824677337087658
0.16649927017863153
0.0
0.0
0.025452171015731034
0.0
0.0
0.0
0.06631779902569088
0.25926271741827633
0.052540275913657696
0.09939587812842889
0.11059408207925456
0.1030399594891559
0.0
0.24317368795171543
0.18137142370390305
0.0
0.11657641175498112
0.09330665177408247
0.3615278312776888
0.22705226565706893
0.11390555226094647
0.08274539367542613
0.0
0.04016152554747734
0.030896633921602638
0.0
0.07462238953896996
0.06908697378062778
0.09034806467641043
0.1416707493691973
0.12163514002871256
0.08774043963440516
0.141869430333927
0.08167923412316258
0.023936662408204235
0.08012699107748984
0.0
0.23099258795484068
0.32808581957044647
0.03621702677073422
0.18116242364060156
0.0
0.026627288320980866
0.1404525113669075
0.0699775637016941
0.08587042343539887
0.13160647248485471
0.0
0.17674744653893512
0.1756890465145227
0.15347583536053802
0.02532690434004431
0.03536293785269816
0.024258775885569184
0.11532950062569493
0.0
0.05383589993762679
0.2399732241057673
0.0
0.14969566781555588
0.32378414119854704
0.077254870945183
0.145930268957382
0.020145605049291544
0.03523364233750737
0.201859895366895
0.04609468682286733
0.0
0.030928514536806003
0.018999236346604283
0.0
0.053231778942640966
0.083522092035571
0.26194297191980653
0.12196600417901085
0.28074776076460317
0.14866057918539782
0.0
0.210914140735921
0.1433180868139758
0.18156945999942942
0.11963633634391842
0.0829853911884502
0.15725051547690222
0.0466731650138295
0.0
0.0
0.05765171969207999
0.07908211953226424
0.028391349247083992
0.06011165904829652
0.0
0.2322387375007213
0.0
0.22439462348718725
0.0
0.21595751515034628
0.1598226779988273
0.02430238684057024
0.03853106242934516
0.0
0.0
0.0
0.0
0.08070267660170496
0.16172769831100814
0.6380990742574167
0.05663651962332402
0.406988304776137
0.03782758784510616
0.028695952364895895
0.03619704355511747
0.038359148174387236
0.0
0.03782758784510616
0.0
0.33945038963853263
0.0746530672656948
0.0
0.06645354123167922
0.03881349549428214
0.0
0.0
0.5278635364087725
0.02454781114722514
0.04970552674453427
0.16042014502195723
0.13219400327680375
0.15213974446687067
0.11361035447218505
0.17977911509820813
0.04714034280566639
0.0
0.12109182274253945
0.2211443310156773
0.04216360031363727
0.0
0.12292696231413042
0.10811767536244082
0.1587078168255157
0.1669587095217472
0.029540490994978876
0.0
0.0
0.04070334339460603
0.02042276700925979
0.426511471313042
0.04903720982565074
0.02926224923888485
0.15695302389351534
0.0
0.282021093292881
0.3876283046648891
0.03667496019674757
0.07454998670058859
0.03291014147828441
0.0
0.0
0.0
0.0
0.0
0.1605631201843072
0.08566068852231253
0.2886430759847858
0.0
0.08555967639126037
0.07884213173367696
0.3007310001056072
0.22756089520601652
0.04924002013017705
0.08787079959911767
0.0
0.1880477626688839
0.14031709138138848
0.13051357082459222
0.03016342518771337
0.11453383654686311
0.031752044040506175
0.04665145604752695
0.09506543493134152
0.16716913490048452
0.0
0.4084866339359505
0.11757219084380989
0.024652341011276127
0.0
0.10874855918650918
0.031653532699022546
0.08017984752661148
0.0
0.0
0.0
0.0
0.09958644679418231
0.11865586299017944
0.20289831015355472
0.43420727473873844
0.06447169686532829
0.0
0.06870374651310714
0.008542965427705126
0.051612527289704176
0.039096972081170946
0.07669142955096232
0.2917525740599662
0.1292785348005187
0.28254202230969333
0.05177872456806792
0.0
0.0
0.06635241324846106
0.12007242975036701
0.2905475256942557
0.13671533780077816
0.1946154448822122
0.1916965185083433
0.0
0.0
0.040997506061894874
0.27020939928220405
0.22014869865321082
0.13537084773752003
0.06915446228724598
0.0
0.0
0.1306383803195261
0.023759074717654587
0.10972100132651609
0.0
0.0
0.0451199552223482
0.0
0.0
0.4461753604006673
0.18142112771575294
0.09175967225643442
0.2355235834713092
0.0
0.0
0.0
0.26599155462430024
0.5913401734122468
0.14266801886133307
0.0
0.0
0.0
0.0
0.0
0.0
0.0
0.0
0.0
0.09353532027079917
0.14963166626657487
0.10309379942651352
0.1046179929942271
0.4773974809832123
0.07172343890164956
0.05442329226389087
0.10713740384770994
0.05418733103450726
0.0
0.1510441209817339
0.15430563105075337
0.2041946744479596
0.27470706801817873
0.0
0.0
0.0
0.0
0.0524127287044617
0.08157376166560289
0.09358008856904239
0.37772696346429163
0.05803067971169649
0.2240782465740125
0.11259687118215275
0.0
0.30191756432271366
0.25654227308856004
0.13080763159580394
0.0
0.04605916021162427
0.06014060467875489
0.04613460332147402
0.11805396149638421
0.0
0.04034354194971095
0.0501258867804854
0.11473867145945889
0.0260525660663449
0.12118445555672869
0.0
0.09774218727630621
0.06731184623530907
0.2169932090396182
0.07635082688539008
0.22949995060123465
0.435824812439097
0.15639852984139602
0.27463911916093176
0.03287477132310014
0.0
0.0
0.0
0.0
0.050690624385810214
0.04957177156698624
0.31555780489109564
0.0
0.0
0.0
0.0
0.19320155363731312
0.19110822919799597
0.0
0.07430610820840901
0.22582476666088944
0.0
0.06020143314343996
0.0
0.0854248196196573
0.07824308286699769
0.47426823143840047
0.1258389936840253
0.0743926738180429
0.031297234711035245
0.07033178114985966
0.0
0.06379331227831085
0.10726119051420684
0.0
0.08678691260341588
0.2970705152676355
0.040689263452619556
0.24897431447501692
0.0
0.15542419078933445
0.07120328466644345
0.054682061378430624
0.0
0.20383484234422797
0.257263085306679
0.0
0.0591259349506033
0.18384984543853092
0.1367374934018
0.03330311948208991
0.4201153508231902
0.1104081666078216
0.026496961341706895
0.0467683362686185
0.191092404644979
0.08650390673724605
0.0
0.0
0.0
0.1186145132652775
0.07035948899165405
0.13305832911010976
0.1644160036323834
0.2864202835392642
0.17895392390122336
0.13593620099819512
0.0
0.030854678949584633
0.0
0.0
0.0
0.11475648146447498
0.1423431050490884
0.08701454644688143
0.0
0.12587178718184117
0.0588862442433807
0.17754993183223267
0.17964885916419834
0.11392748413553419
0.03112853171126397
0.317760980587792
0.4217542945944961
0.06426586882829026
0.0
0.04825704489107919
0.0
0.0
0.0
0.11683283378343412
0.1443642899889759
0.07186914866758348
0.0
0.03324995579390835
0.026930413756694086
0.08327106212412272
0.0
0.08843289354768902
0.1455468594126845
0.40633463321671903
0.21950891533331254
0.09392161141692516
0.19090872940608214
0.014841039041104636
0.03335108419362868
0.013274228059850037
0.0
0.15345207406727202
0.16771550453834544
0.11302598430420711
0.015003873977955688
0.0
0.0
0.0
0.0
0.020017663899592638
0.15891712103879735
0.42608302964142736
0.24252705161172858
0.13745088473365455
0.0
0.0
0.0
0.0
0.0
0.20064888333223793
0.2961670416245344
0.28973194593145857
0.12112684176751909
0.09232483693093584
0.2602645128746879
0.0
0.1272854555156164
0.20854516943063556
0.0
0.11647105605878787
0.0
0.03573376628923028
0.14761714629489267
0.10408110684786157
0.11878401807608943
0.28395845392965974
0.20565604836361912
0.03846642444635138
0.0
0.09214515800718413
0.07390536733489225
0.07786557785797275
0.05631049864067586
0.05290818885548583
0.04033795482229894
0.0
0.17329803991090945
0.21550066908871732
0.11644415507180543
0.15197868164820516
0.17631292867695833
0.0
0.09756898311245214
0.028558089022785824
0.2916546159003553
0.249854367145941
0.02039324265559123
0.06291151162552058
0.08111111767340891
0.024899023270416862
0.08248599693974731
0.0281897792631364
0.052694258363480045
0.10580577631294123
0.13717191341674706
0.0
0.1051516821137396
0.2631388675904709
0.30276436641190974
0.1044550088594926
0.0
0.027345064962141695
0.05997241301888458
0.0
0.07362238001824616
0.1979343697387684
0.18525522567646135
0.16190076704364634
0.14441061273725553
0.0759577876812775
0.0
0.0
0.08492339346371842
0.0759948702203968
0.40022084335971053
0.18919458543365703
0.04783395524446471
0.07732020651058367
0.02492693554186639
0.0
0.036653294890373354
0.09314777031701203
0.0
0.13070189645698319
0.07220028373707152
0.0
0.04988029066344523
0.020283777778998556
0.04754737847550912
0.0
0.22723816454461937
0.19883113833318192
0.3840184515907679
0.0
0.24080525124836877
0.13620540735933998
0.26318079221775287
0.11492214390622982
0.026975030593772827
0.0
0.0
0.0
0.06098193539095532
0.15692892656518442
0.0
0.16444991713422719
0.0
0.06944438049980765
0.18358769759702137
0.16345031781692315
0.133543995624602
0.0
0.10899343282365122
0.17652985043078706
0.1551473184672913
0.23612453626293917
0.18284787736774272
0.13297389157670833
0.18009396955000634
0.08489785397302221
0.027914240711587216
0.0
0.0
0.0
0.0
0.0
0.05317754859804739
0.10571026620766623
0.5660044124921499
0.25332628770018056
0.021781173205361992
0.0
0.0
0.0
0.2781953901554267
0.07141198622532484
0.0
0.0
0.1555324137133199
0.24753316424066624
0.08090114466281703
0.0
0.08370420315500024
0.08272137740482668
0.001179061947242487
0.09186471725784787
0.5382409543626423
0.19887332320926746
0.015730648424948084
0.0
0.1265855194340924
0.0275254805984659
0.0
0.0
0.0
0.013840643470361607
0.04042181783301277
0.023377749080454306
0.08785715510285673
0.4642089014238859
0.33194563632750784
0.0
0.038347503349216085
0.0
0.45363276202828867
0.18974744716122605
0.04739856055141474
0.06715996798933066
0.0
0.07587344718307099
0.0
0.14759553068294118
0.01859124512157029
0.0
0.1705339570841179
0.44405290384363033
0.15620170066444458
0.1466735990491938
0.0
0.0
0.0
0.0
0.0
0.08253754143379188
0.049283442697406206
0.0
0.0
0.0
0.0
0.0
0.0819817654675685
0.24619253679588723
0.4404217716376979
0.18212014492137682
0.3407331875509241
0.23466523442016357
0.0
0.0
0.0
0.015770518596899808
0.0
0.1328219007908149
0.07885259725917211
0.19715560515384584
0.0
0.0
0.0
0.3524917802468289
0.4790224449411788
0.0849917371634692
0.03814121094972318
0.045351056037569504
0.0
0.0
0.13964520722716475
0.11655125571933285
0.0
0.04151938775875431
0.0631191788329777
0.08687159518115542
0.16925118647660317
0.2330531323399163
0.14998750912788783
0.0
0.05441502362027729
0.057999875371083344
0.0
0.0
0.0
0.11326068320617275
0.0
0.3985587268039148
0.2683758843179504
0.10738941478955664
0.0
0.2720716692026678
0.04942764160152476
0.023623431456694655
0.048923262387855895
0.15332678373171277
0.12945883058288277
0.0
0.1080288030646326
0.21513895543991565
0.0
0.05613458037762251
0.08690805263058139
0.11300412400474796
0.18244591380660174
0.14464400849099718
0.32787200342044354
0.0
0.0
0.0889907076863881
0.050810582267205966
0.0
0.2578309379259831
0.35206894267105837
0.09471555827692718
0.21514403580361025
0.007516161720521581
0.021913187129974122
0.0
0.0
0.06317063584560578
0.0
0.0
0.09063065641580716
0.20290448976893338
0.17589484862285112
0.09349139043095471
0.0851928437339821
0.12449738125129702
0.16421727733049554
0.2623447091261231
0.1235857781391544
0.0
0.043210185874494086
0.045810947343598606
0.17016322794030767
0.0
0.07178607756072208
0.10925254665077948
0.1738458441517886
0.10568493861484844
0.0
0.0
0.016241578948312883
0.22662303122651045
0.009047956099993473
0.1380121578524744
0.04286520848092453
0.2177276515856994
0.24379672319487794
0.07290234452845913
0.3001699490760002
0.09850069759634474
0.06832222692132951
0.0
0.08942346993475958
0.15309082059017956
0.16567524700567818
0.051914423508135105
0.0
0.050563621283126685
0.0
0.032172301997288336
0.0
0.08849678862179151
0.07900753318162165
0.15134637908568224
0.3694029303542353
0.11779625296090027
0.11121395737387876
0.07631609302685863
0.0619834613428634
0.06595606915842073
0.07494350975280213
0.06365723974505264
0.1940826113335679
0.1906517370293989
0.23997744597616605
0.03243140109754851
0.0
0.0
0.10060601110797732
0.31213121739059213
0.37891813946335173
0.035752580835890564
0.0
0.07751105881679958
0.0
0.0
0.09508068706416088
0.10127720926311243
0.055504584898183655
0.0579484921182734
0.07452386261876064
0.01023453952528106
0.07694945694824286
0.0
0.05131421380827193
0.44123024626929075
0.1310167739904514
0.07254075783531697
0.36017469238449035
0.28086319826175893
0.0
0.0
0.0
0.02703401098849708
0.08372367237363866
0.12952902853155446
0.04613431483185217
0.021418151403345412
0.10541287896860875
0.03569692033538958
0.06435353465355993
0.1246839780255755
0.5190552981297274
0.07061729850917316
0.03794634574448429
0.02081470180714099
0.0
0.004575191231730246
0.0675906141036909
0.12862687445320276
0.1488056437051772
0.37937531517779466
0.11815192917951527
0.058322473520953884
0.011437978505423513
0.08311340822359485
0.0
0.0
0.05102248624181821
0.09668613326282281
0.24487589019706682
0.60741488357526
0.0
0.0
0.0
0.0
0.0
0.0
0.0
0.0
0.15258050177360846
0.18666311617710243
0.1334072760513631
0.11185668022688845
0.037994277939435286
0.20455704931639648
0.17294035680155231
0.0676279138613447
0.4216722328523663
0.20551849534395972
0.0
0.09985146650713884
0.03979629283499297
0.13083492498720103
0.03469816246074947
0.0
0.0
0.25701239286917515
0.0
0.0815964900501878
0.0
0.16788211021417895
0.14834459984237255
0.040521076086958104
0.0
0.1680091356730147
0.1366339030718399
0.01955696814335568
0.013026636133020643
0.0
0.06628098924884546
0.16817431362884303
0.22958230796818824
0.240609733722239
0.25286679906039616
0.0
0.009901766621051545
0.0
0.11558058687295072
0.0
0.2307419089554632
0.11530186965787798
0.043511760576522035
0.12620000221631983
0.059768001148725866
0.30889437637213396
0.0
0.4568948862241188
0.3392553934679438
0.02642277955260383
0.0
0.0
0.0
0.0
0.0
0.02955295732558525
0.1478737632399274
0.6980959241752479
0.14341526039397257
0.03037085486378878
0.0
0.024185314911127607
0.0
0.05092468384542038
0.028584217162618202
0.005302981409195277
0.019120170347306106
0.16860234845821626
0.2723407252555521
0.0
0.0
0.0
0.08354942202930836
0.14544388751695883
0.19589074496302622
0.08726632839804527
0.04690424370909609
0.24460713646120258
0.040211368233533294
0.0
0.16724098557453507
0.0
0.16767392770376682
0.06701895021392962
0.0
0.22263457494702088
0.09061199720335932
0.327108121721555
0.0
0.06185213615477867
0.11380563006221737
0.0
0.0714208945637485
0.02549936378512602
0.023246998773963516
0.12093239403011292
0.256134293207591
0.13179797670332383
0.0
0.18673646178508774
0.05018417307676618
0.07751656521612069
0.10182364986792691
0.23032162799996422
0.14465229275200656
0.0
0.07696671665838695
0.1091953672810418
0.0
0.0
0.0
0.0
0.08583469627840785
0.11586835820998462
0.04627711950993809
0.3611036742405706
0.2817203172012405
0.025967582299000615
0.0
0.01574516029478844
0.0
0.18076050040201855
0.6699458423143718
0.04105835248215768
0.01574516029478844
0.02538830732743573
0.02538830732743573
0.02078516093724129
0.0
0.12775314533891366
0.3760579520372223
0.18970517646553356
0.23158439803342223
0.0
0.05411243509088355
0.0
0.0
0.07214963106672916
0.0683630552135025
0.054009518142148716
0.054294611375244196
0.05521381144899352
0.0151684003563593
0.052681537328530745
0.12442200340985876
0.30974534153118755
0.19395114210240214
0.02519586305442351
0.0434947996720536
0.022815823671100615
0.45762340720324046
0.2155555729752802
0.21937837977160074
0.0
0.0
0.015935262844060792
0.0
0.0
0.04276619731005276
0.04016306993379729
0.06141522696068233
0.08695774977069462
0.0
0.0
0.5448887624484037
0.14930913575452548
0.07449924562549766
0.0
0.18286760741703206
0.37217895252852234
0.0
0.0719868589757903
0.11333435417552384
0.17910060833900943
0.0805309774577101
0.0
0.0
0.03430457303879031
0.123155038577612
0.24114941726660163
0.11916666489122757
0.15219264856926704
0.14519664187986678
0.13331795573610328
0.0
0.0
0.051516673790466046
0.0
0.0
0.022608568661971806
0.055009021438004575
0.03889725207983887
0.5216404420611294
0.1300453290417221
0.2317985873837594
0.0
0.0
0.03375592820987648
0.02134314857923569
0.04407608866403777
0.1724608719340562
0.11922757537137713
0.0
0.05787473815738065
0.20530606540389384
0.28274421079497125
0.06321045780520704
0.12036679372991484
0.0925196104252165
0.0
0.06620137448801972
0.14654926955954917
0.024481274731675606
0.0
0.08466327167882362
0.1762279648782956
0.2889896754686525
0.023381478934877926
0.11563249118631252
0.0410138297614816
0.0
0.05228257495786226
0.25287506829627454
0.07921085675778959
0.32327448925573093
0.09468777071355014
0.017640715107225317
0.09293923697040361
0.006437288839201162
0.0
0.10000905708707496
0.13685883034780466
0.15314808538320573
0.04743879627160305
0.4631682587550337
0.0
0.0
0.0
0.2633321374561937
0.2835313587587391
0.16050124939522914
0.0
0.03803332501056845
0.2268668669592513
0.027734736286948888
0.0
0.0
0.0
0.0
0.030243645332389425
0.13693370964283072
0.14015610133671724
0.07298357670334527
0.3724097540603378
0.13081110607292937
0.1164616458545891
0.0
0.0
0.07382923209834287
0.062472406852209804
0.033200980585088614
0.1806428328253873
0.19000154423100016
0.16806357224102564
0.24988797015816291
0.04190113619508456
0.0
0.0
0.0
0.03245382738008776
0.0
0.12656146329037735
0.4066804294256099
0.2457878015093302
0.18035371675172968
0.00816252280509206
0.0
0.18760150712427603
0.06772488435343108
0.04560002532789428
0.07957929877673373
0.14876655388035073
0.09366800269076915
0.18112119990218198
0.11027351847579271
0.0
0.08566458579065922
0.15665756767252587
0.08314697408209798
0.06935955353100594
0.10727871281432153
0.10651834648740328
0.14436616861226076
0.11853390238918218
0.0
0.11868497594077942
0.09545336884915939
0.03354844568941686
0.03143236919158125
0.13517497181785826
0.0
0.0
0.10653300168618206
0.1199638496778046
0.029423932443592284
0.45157687561684356
0.09234615494252184
0.20962615578436775
0.10683289368316436
0.037070810881025325
0.0
0.0
0.08047488518696301
0.1312655299585209
0.2209044372478995
0.05509911937872529
0.15872583280485922
0.07728308520499166
0.037035829852459685
0.0
0.0
0.028145478392384123
0.022823667008249553
0.0636171843889982
0.202451649865668
0.31108461460752057
0.2575580517630389
0.16678808353254257
0.06997552137469222
0.0
0.08305524470395467
0.0
0.07519468783968584
0.0
0.13524621783927634
0.2747349479920518
0.19500487636670763
0.03735064955997663
0.12802263346464995
0.3778412112442851
0.20728730226440534
0.18026038239746994
0.06923728015294976
0.0
0.0
0.0
0.0
0.14344605624311096
0.6135976403880373
0.04839179873215076
0.1110431311955042
0.0
0.0
0.0
0.0
0.0
0.08352100150459228
0.0
0.07986494893299849
0.04926981712970327
0.0
0.0
0.4533043460726618
0.0
0.0
0.380141702185658
0.03741842940379446
0.23725193501497654
0.1511689860343708
0.06673813230274689
0.04382549955030734
0.11349785036959212
0.1964454388479865
0.10968923144874979
0.08138190915742079
0.0
0.0
0.10817127190342825
0.04495876081607128
0.014217207257975189
0.08459794030082655
0.20379287827495274
0.08942570960560778
0.0572623905057602
0.09970245975492052
0.25047984713784616
0.04739069668557519
0.06684409058559883
0.0
0.038910091445458046
0.573340577398352
0.03589334109319556
0.0
0.15703332087564456
0.0
0.0
0.1279780722071455
0.0
0.0
0.06836542792058846
0.1654718049548615
0.2448364989666448
0.12481123333330127
0.21694933835218846
0.12044402663361631
0.018862210918327432
0.04025902296749739
0.1554478490949504
0.0
0.13697110459346304
0.4448397734405081
0.2627407174296015
0.0
0.0
0.0
0.0
0.0
0.0
0.0
0.0
0.12191874552472193
0.4507515994633982
0.2324589417483278
0.1059102003785843
0.05737967887656375
0.03157991623576802
0.0
0.06210942591089224
0.0
0.29619811957431635
0.20863794166638813
0.028186938323948505
0.0
0.0
0.0
0.04897449804559146
0.35589210853541847
0.0
0.06251874397635697
0.27502991270174537
0.11679992648719001
0.05797036148140752
0.035086999013174074
0.1730480129954974
0.23303934775910115
0.04650525351880985
0.0
0.02202638035246033
0.07780407184519417
0.4763431732311649
0.288149794536336
0.10084508745000235
0.03483095261875797
0.0
0.0
0.0
0.0
0.0
0.0
0.0
0.02234052693548461
0.413354867650127
0.17995099841408288
0.328301650339739
0.01438553255136144
0.01820912792849912
0.023456906098182396
0.01998941903004756
0.0
0.06725726940305776
0.0
0.0
0.17815282656557155
0.2438802137634112
0.1499206520336555
0.21231407467814772
0.12848429518739143
0.17951281959741264
0.0
0.2803753304602174
0.343804882138931
0.15783328250967213
0.03847272347569428
0.0
0.0
0.0
0.0
0.15867061696353227
0.16622082763736987
0.08537720281343397
0.04751787311110982
0.05841241651203822
0.09916964753456846
0.12400975620904296
0.07083546327864222
0.060521841721199524
0.12926258333250717
0.16104501444439032
0.22390922897813464
0.03253367924983174
0.02794155668727778
0.0
0.02060155522382824
0.08953713516199072
0.07508680973771616
0.1127232760353127
0.2566211722161176
0.0
0.16438098418746766
0.14402778725041554
0.0
0.029706984169601002
0.3216965714016872
0.0
0.20325788541346648
0.13692898203364587
0.0
0.015470904553352616
0.0168096593953337
0.053156813539899886
0.05056064601469426
0.5927998444589144
0.24753447285364186
0.0
0.0
0.023667336873644505
0.0
0.0
0.17076701891109236
0.0
0.20111024586427415
0.04042008718746797
0.2854886317179859
0.21946371192710895
0.08274997051275591
0.0
0.0
0.029182751210565253
0.22015884520430407
0.013976003492524234
0.0
0.061048103275541526
0.09771505491999853
0.06534976956865325
0.0816370851383672
0.24537613876599948
0.1855555496238823
0.0
0.09597011141832078
0.45463992975215634
0.16462697660314904
0.0841889970488122
0.0442841654946349
0.043832272438271834
0.11245675846562356
0.0
0.0
0.0
0.0
0.11358709409174685
0.024344949555414486
0.08725151488795889
0.06284563221059507
0.0
0.5682511680502222
0.09168117946674326
0.05203766257522694
0.0
0.0
0.17205488596538593
0.034474233130229195
0.0424135408971089
0.3454150277267616
0.20743602362843877
0.19820588113089016
0.0
0.0
0.0
0.0
0.0
0.0
0.37156113136481755
0.29800845955657007
0.3152141971050024
0.015215968447976916
0.0
0.0
0.09186906535984077
0.0
0.10961762719673142
0.11724468226772981
0.15222606411100073
0.2187115814971818
0.062151235465210564
0.053293448938014056
0.19488587086198364
0.0
0.06472127899083069
0.20985657244655512
0.12711867467901508
0.23337254658969148
0.05241809666549693
0.09267698357342831
0.15475306554532034
0.0
0.0
0.06508212381242649
0.28013042877025
0.0524257307368877
0.0
0.06347600899962681
0.0
0.22857647208295698
0.154134642238292
0.11728397923488464
0.0
0.10397212948625181
0.0
0.0
0.0
0.02920682140937311
0.10204790893981855
0.40363452509334413
0.3473770746864722
0.09334863987848599
0.0
0.024384651924521203
0.09753100540228873
0.3109407254004278
0.1859921017163286
0.09603946573675542
0.14951212863331612
0.09033992897039347
0.04264271910475341
0.0
0.0
0.02700140730736431
0.09577515632095353
0.1652355245891621
0.3544899880512966
0.13579517140356262
0.05076567386431273
0.008272994456391828
0.06742350534920778
0.12224175615972029
0.0
0.0
0.0
0.17297156102814748
0.45627527262740714
0.28660149677899766
0.0
0.00769682744796828
0.01390828968344338
0.014807709920438887
0.0
0.04773856762690369
0.0
0.0
0.0
0.021904790838781694
0.029648440517083284
0.08078087970464781
0.38586667232552435
0.20325432144987754
0.278544405358066
0.0
0.030758813325083317
0.10380308355875116
0.2503901053764752
0.0
0.08267176591163913
0.16100954110723353
0.12184675709767868
0.10176987060484424
0.11042752406283653
0.03732125733820768
0.06980833750765325
0.13559252510683492
0.05981038720439003
0.24731463884593316
0.2024884398113471
0.1258733168606666
0.013247239121017893
0.0
0.12351537794294688
0.022348819068442025
0.16797030655299378
0.0
0.1989153673500886
0.06991354037834009
0.12271177111112955
0.275714516000409
0.0
0.0
0.131866638588905
0.032907449188249914
0.11076030456165735
0.31652779710942514
0.15739207377797546
0.0944949541319278
0.10691583657050838
0.08896689690815748
0.0
0.0
0.07439556371540895
0.05054624657654216
0.0
0.0
0.013910949882055428
0.29393195385958365
0.2772438714455431
0.34341360207696403
0.04976932845851263
0.02172959872985748
0.0
0.0
0.0
0.11892889687991325
0.23169393852689868
0.09352902813912184
0.10570263054443464
0.44394843202943035
0.006196583997254027
0.0
0.0
0.0
0.15473729461963454
0.08666668293566177
0.08754864075964862
0.06491664135111314
0.07790989530756662
0.06595064889526227
0.13920635389533287
0.04673766512418678
0.20322439633795328
0.07310123118492123
0.05369034211432456
0.06826307430341498
0.17641142713736063
0.050491863433851425
0.3343570253882011
0.1450916282413673
0.0
0.1716940644211218
0.0
0.0
0.07465507754298514
0.22180447163575004
0.18336193039234416
0.20845233701041402
0.1959229804923985
0.0
0.0
0.0
0.0
0.1158030274607993
0.08278233741207537
0.06686724366806102
0.33152592839154854
0.3348321745222084
0.05118595818234224
0.01755663735532868
0.00785156707787724
0.06310528351972187
0.04429253323766873
0.0
0.18421339976140397
0.05121765899681463
0.09172338362727234
0.0
0.0
0.17816391487897618
0.0
0.11422141959304585
0.1553443371748604
0.22511550936719682
0.33976257869421395
0.018345883597183
0.054088653944443565
0.0
0.03704289227467658
0.09831333168815104
0.13237370035364063
0.039740368434192326
0.0
0.280331318955344
0.0
0.2004014186456989
0.06722159745262568
0.10291982936132722
0.08177860495129283
0.20922395427861998
0.0812568499539296
0.12503940449220832
0.0
0.13215666032438625
0.0
0.0
0.06797971271592951
0.012623516361603412
0.0
0.34577728645266254
0.1177965718103845
0.1845191245703218
0.2407395122938172
0.030563689763258028
0.02927543923438242
0.0
0.0
0.0
0.0
0.23347711538301152
0.42959064624196985
0.21342100939450956
0.06280186454139514
0.03143351217757798
0.0
0.0
0.13169697029710922
0.0
0.0
0.2715549107602967
0.1308243062084053
0.15940274563965628
0.24976726520867615
0.05675334131300867
0.0
0.03339297123739174
0.017203807787183747
0.0
0.09110425719396316
0.208971023928802
0.47021150728813305
0.17911611635227295
0.0
0.0
0.0831126857669171
0.0
0.08872549117588953
0.024016122870896765
0.0
0.1578612884427888
0.07928958815343545
0.28457510574694905
0.17729773896144968
0.10512151839351985
0.0
0.07138036482522168
0.04961382754631248
0.07249810693927272
0.2490078813244442
0.35816333773877285
0.136634114798646
0.0
0.06270157277739533
0.0
0.0
0.06008309436802793
0.0
0.0995424091120056
0.42419854480375546
0.05169817909810755
0.18196769686274034
0.10020942619914291
0.08229997305460336
0.0
0.12642442060735734
0.011054621297442706
0.08490308365627634
0.11634652493882655
0.0
0.0
0.06208303412644708
0.11075859796745154
0.4058743691231503
0.0825545817829722
0.16029281125596767
0.11121736748871552
0.415055865061467
0.021707454025126246
0.0
0.0
0.059050657782560356
0.029123601591074057
0.08602382984709803
0.11752669682317783
0.13077683795501258
0.08243119175752409
0.0
0.0
0.0
0.08967763831504147
0.08572511769798859
0.24361130241380233
0.07535315916728569
0.2924243757767578
0.14473001762822996
0.09356389528963742
0.20521864280147137
0.04390488537027518
0.0
0.24780666894205566
0.2349033815043163
0.01807284616601676
0.0
0.011799083800307125
0.0
0.0
0.25600057628794504
0.5663925147077947
0.10342966039883501
0.01058577970800192
0.009256995743416388
0.02853184771497575
0.025802338391773857
0.0
0.20016970081414187
0.07005124501648945
0.0
0.0
0.024495531443193278
0.24968872369871
0.22831942269392028
0.025459946406323763
0.10884543506894408
0.092969760876733
0.07155541455652066
0.06595470119699855
0.09923480751449876
0.40077459863943105
0.16763365541476213
0.19484658401118665
0.0
0.0
0.0
0.0
0.16016835362326423
0.0
0.09635317863272268
0.09206500690080323
0.0702583531940526
0.16706807439223878
0.328817667676856
0.02919333325955151
0.0560757403871783
0.0
0.12821189649231696
0.1548070481533936
0.0
0.06391456994602028
0.060902581270313144
0.4180052398320322
0.0
0.09417182864754743
0.07998637762769463
0.0
0.19478011414772448
0.2389497518050049
0.34537355308202905
0.0941118472990275
0.06375408180538204
0.021511327756648487
0.0
0.0
0.0
0.04151904452401964
0.0946699415446373
0.0
0.05675964368419472
0.12630628227541563
0.10392692813780421
0.2930702688637885
0.1384903789892314
0.12788061949628993
0.05889553597807769
0.0
0.04235019075771796
0.0
0.14888204566191818
0.1450092845845224
0.0729036384782554
0.13489641062742666
0.2322076288464501
0.009253816759741922
0.21449643899754361
0.0
0.14074610011736494
0.17396071300616603
0.09754019792709803
0.033461540257349
0.08368337574557931
0.1577251176225133
0.2053368283693216
0.0
0.0
0.10754568359008142
0.35812776152619225
0.0346549105314048
0.12333199522616993
0.33826251520173906
0.0
0.04983694079144992
0.09578559186143175
0.0
0.0
0.0
0.0
0.005242249507962391
0.16121624075190932
0.6356944421848458
0.08985528019600432
0.10799120125798772
0.0
0.0
0.0
0.0
0.12250397470416836
0.07680727578020399
0.0
0.0
0.06394300980058153
0.0
0.1321685506717363
0.34350908199036323
0.0791146809135816
0.1819530495607053
0.04404266665224645
0.0745190802871709
0.21899337632592003
0.2961150644778363
0.08563243968943055
0.12447210400809651
0.0
0.1393073807016472
0.016917257388699987
0.0
0.0018845749811747647
0.3538452591744788
0.18076291426403054
0.16023122966668812
0.2607320290615292
0.0
0.013090675995712326
0.0
0.0
0.029453081284508256
0.16543016260802434
0.03829818611626148
0.0
0.09299798267509772
0.04312610110815796
0.03977119631374324
0.0
0.48544066552457793
0.0
0.13493533740233424
0.0
0.09293815919375062
0.12461799458859533
0.4353261145900462
0.1150365885628978
0.17836346753401622
0.014231092057026476
0.0
0.039486167067806624
0.0
0.18735544463774514
0.12385315918120807
0.2564190326759901
0.12834532460792605
0.0
0.08102535693041805
0.0
0.15425129455752706
0.0
0.06875007573202971
0.11879174571661585
0.0
0.1517949714937757
0.02388059877011136
0.0
0.0
0.21662251134327473
0.10572391209376214
0.16292615459743
0.220257436053022
0.21805374950991468
0.058502921589765784
0.0
0.0
0.0
0.203179046014211
0.042311686249561976
0.12838763272171835
0.28972539019241234
0.059837759623798566
0.0
0.5123750416921478
0.2616583960371177
0.14366745747082157
0.08229844655979818
0.0
0.0
0.0
0.0
0.0
0.11380365558377453
0.10081595288415425
0.07395738460416215
0.0
0.0
0.0
0.044930392046080334
0.035520594853375644
0.2304370685818922
0.40053429856508965
0.0
0.12230604663836028
0.0728414661883479
0.0
0.0
0.1740210975511934
0.0
0.07757289671161081
0.14122882681176907
0.41202939189193344
0.0
0.0
0.03403964238965565
0.07753680941465277
0.4392817576178154
0.34184886946685433
0.08801199259348802
0.0
0.019280661142859524
0.0
0.0
0.028047873863875493
0.0
0.01976433400488462
0.5298268201139833
0.03958353249938105
0.2635731680236519
0.03321937277695568
0.024384914031090076
0.06159972426819757
0.0
0.0
0.0
0.0
0.09672626805783802
0.10915895609193735
0.41269255970586377
0.20056117175032798
0.14247236152721163
0.03838841941603849
0.012077680896719558
0.0
0.020129468911080407
0.0
0.37399360874780807
0.3634002958237433
0.14302291038486323
0.06288647228140098
0.0
0.024488556480953962
0.14537798761726914
0.0
0.0
0.1416755679325378
0.1436365076667448
0.23290151052490363
0.09810167335180085
0.13593123186857306
0.025841505096347753
0.07653290799641072
0.1871799743108838
0.0
0.2194460308695026
0.14840184088490282
0.0
0.21628763797512907
0.054437290782732656
0.14585196931555997
0.0
0.02839408887147263
0.035024812051715135
0.32581057827179166
0.01924647665116253
0.22826827819525497
0.17531328463049242
0.08100980464512908
0.022445055123418534
0.0
0.056834163453793225
0.05604658465342425
0.0
0.2514822288208967
0.0
0.0
0.0
0.02430961544361221
0.25689113931676283
0.21398600587494707
0.09368697914936298
0.159643702032959
0.04284496612241269
0.0
0.02822047585873815
0.0
0.019954890470714148
0.0
0.13457318150809822
0.35590383870455977
0.2942382259942994
0.12426406858523464
0.09935904221879513
0.17791339800747807
0.12256683481353797
0.0889051645775269
0.0
0.03493796448841416
0.18522604906679296
0.12681873468549143
0.16427255491115286
0.0
0.0
0.0
0.0
0.04410738159788236
0.0
0.143738483119965
0.24513802380685673
0.1280971900354608
0.4389183623565845
0.0
0.0
0.0
0.07772559388972404
0.06298829655691637
0.0
0.29202385981463486
0.31582000860619697
0.0
0.17480569143900773
0.0766356931656366
0.259158508706655
0.21508702198007695
0.0
0.0619200314421137
0.07795601915976957
0.04358360051805486
0.0
0.033379336105752604
0.0
0.30891521633391317
0.043708744905365325
0.16087327449690667
0.12227791471180381
0.22130623955629275
0.08973241602775928
0.08105588310945888
0.0
0.037216653298652716
0.07104844010718495
0.17278011295334833
0.11931534554580585
0.32894116924478
0.054894346375007154
0.0
0.035122542753434266
0.05990088059419151
0.1047025828507171
0.0414544699118424
0.16232931941426204
0.09333904475940417
0.2497280922153988
0.13482742462962208
0.10754606524794279
0.17642613544871175
0.0
0.05638545961462774
0.07704374934096091
0.0
0.0
0.19804281440641452
0.0
0.11416814238977259
0.029376734358397827
0.2264474186677368
0.25774702146954415
0.19903692733765985
0.17322338483959654
0.0
0.0
0.0
0.11161276884503692
0.03805029419580675
0.08081339159842316
0.0
0.39045314090029837
0.0
0.09635047140629002
0.13060547408622533
0.15211393130525583
0.0
0.3088105614440848
0.12269470560124268
0.1256028156022164
0.10717009060617153
0.0
0.0
0.12005843853435316
0.06536863769575005
0.07090786197495474
0.07938623063066101
0.1519774010556364
0.18412235422197873
0.11072511837231205
0.060675622193940015
0.29458064795658767
0.043050938643315106
0.0656784444207573
0.08918905451362592
0.0
0.0
0.03323539914257936
0.0
0.042054378421370935
0.11839885803084745
0.26894579469021174
0.2350839979221914
0.06637866688122042
0.02486125246902476
0.15115717362435097
0.059884041510314075
0.07255353965257232
0.0
0.0960606975558765
0.22265324923927118
0.20500095245809755
0.20091315412087532
0.1051671697040611
0.09765061217923422
0.0
0.0
0.12331185253740451
0.2880458139514783
0.17699707413120339
0.0
0.11181007823088863
0.051090516824530766
0.05425940500533014
0.026460761857727954
0.05503838264527823
0.11298585020853939
0.18392240463282383
0.12292068256142405
0.0
0.21055795141809444
0.018177439796397195
0.06419130367411083
0.07533549885082792
0.0
0.10479570795905602
0.22009790893804654
0.2078828024139706
0.25859174866248996
0.11743120435215136
0.12686087693685136
0.050065998417029446
0.0685899981282516
0.04946094896406963
0.12111573622520479
0.0
0.0
0.4787130917699214
0.2506347669954888
0.0
0.0359823539378232
0.0
0.04753598850085549
0.040757363216029185
0.042084351991294275
0.0
0.10429120985980476
0.0
0.14747302893775835
0.06977414163654434
0.0
0.39827014141502237
0.15137264721672636
0.05166280836077685
0.09341578360020956
0.08803060269722576
0.0
0.05629646176501906
0.1269788341035923
0.25268253242336197
0.0956082639118714
0.4226935414918452
0.04573998702940705
0.0
0.0
0.0
0.0
0.15358685372469572
0.18188056095068666
0.13679289249051824
0.07761141439093383
0.16597759947868607
0.10771752202924416
0.06903807306705058
0.019269172925439282
0.08812557199918888
0.0
0.11794531391468124
0.03438874094381322
0.0
0.09207523099778966
0.11367905721978108
0.36619693381625545
0.13168658893861032
0.0069617975213447265
0.08158085797795596
0.055485130579897436
0.23382480637020292
0.09224283527687263
0.0
0.05979445330660888
0.1479442035889895
0.09584719020070505
0.0
0.18337316595927472
0.05812789159160155
0.12884512546195132
0.17112416587422152
0.0
0.023480578090829502
0.03712605101466408
0.0
0.24622190882715062
0.21275734970649895
0.28827164065835964
0.0
0.021017790982559455
0.0
0.053153515871019484
0.09422819348231089
0.07467224745468543
0.1981384410077485
0.0347227704812243
0.05774537633909028
0.2719701093680785
0.16350787142967665
0.051861098563621616
0.0
0.0
0.0
0.0
0.12835649963810525
0.1988888778457347
0.48064109227019436
0.19211332344754764
0.0
0.0
0.0
0.0
0.0
0.04141738819655702
0.029538582626202438
0.8505338975935719
0.07850978346813775
0.0
0.0
0.0
0.0
0.0
0.0495211757166577
0.0933759811370491
0.11435896939796936
0.21020155789136252
0.3890712587636586
0.14347038369411366
0.0
0.0
0.0
0.0
0.0
0.034308855561801556
0.056142727780858444
0.3531619103682606
0.2305929682650167
0.07739689589616142
0.127416981561614
0.12097875644850954
0.2655231649043962
0.2710103491943384
0.0
0.013421178747392109
0.07111568557841921
0.1540487579696673
0.01500533377741816
0.0
0.20987506453271298
0.0
0.0
0.0
0.0
0.03199024925788574
0.4020676274813833
0.2912029728553496
0.13338894759587563
0.11394467369730801
0.027405164454771546
0.0
0.0
0.0
0.0
0.15392846739743823
0.46499777995453184
0.36114762360701824
0.0
0.019925847472162153
0.0
0.0
0.029469967022645687
0.13359136593966192
0.24711990001792317
0.18908437206302253
0.07520558252782751
0.0
0.20867614594484404
0.05733498510381621
0.0
0.0595170116082775
0.06075647366718052
0.07222779706183723
0.1355835399556565
0.13465264144040417
0.19015834488741476
0.2773341920406594
0.0
0.05238539373034618
0.0
0.07690053227947613
0.0
0.0510276964580808
0.04132583085795198
0.0
0.0
0.048519574181781495
0.2477070320287532
0.3412341020180931
0.20437296306156683
0.06581242687875273
0.0
0.08566289864698096
0.048244073338184555
0.0871433002745689
0.216067793406522
0.16869244522881538
0.1480967876530329
0.24609240736816515
0.0
0.0
0.1583143917683933
0.03787449572272609
0.16656005120515216
0.08482595929780408
0.05384610979438604
0.0
0.10725997780372247
0.192512768463989
0.0
0.19880578610680363
0.13264003332196192
0.34488615692908553
0.0
0.07738912714911463
0.142704466989208
0.04260702730911451
0.1774681172643307
0.0
0.08230482921504788
0.0
0.014294199741500254
0.22005705978465362
0.05390680246420032
0.0
0.3055386467199875
0.01964549820727933
0.13693856783793545
0.11534198266375759
0.13427605139734755
0.0
0.08548623461766018
0.02592863884536551
0.021800057593336405
0.0
0.05797819827439845
0.12303743885735699
0.34285934011339564
0.0
0.05644374465218558
0.286465495897063
0.0
0.0
0.05637690796597629
0.452990165348468
0.26203306542176563
0.0
0.07721008769531992
0.045959780405689335
0.028235614117501657
0.07719387224553331
0.03973398004054932
0.15446438822918096
0.12951248802860035
0.05340087609660103
0.0
0.3008182501530191
0.04514062259190223
0.1482385926630123
0.10204097754206254
0.026649240331842433
0.0
0.015241075965277021
0.015736273912864626
0.03250021214247648
0.3721554033990296
0.28192485550456403
0.28244180898975174
0.0
0.0
0.0
0.050107821497753814
0.0
0.07829609343199405
0.12875348057792307
0.0
0.2868771334689238
0.19442736596156218
0.2615377182873901
0.0
0.0
0.14511848727076243
0.0
0.12110114207747198
0.09159793091330484
0.09549783914005483
0.15350435742296575
0.26364448116415823
0.07016022712529542
0.059375262545875586
0.0
0.0
0.0
0.0
0.0
0.38329941347926255
0.555060941092929
0.02020004417157362
0.0
0.041439281865490556
0.0
0.0
0.0
0.0
0.19989673237762662
0.222359550712609
0.5465871675474843
0.0
0.03115632164641957
0.0
0.0
0.0
0.10009265292824386
0.1176393366947427
0.1011522558614344
0.029770553439540215
0.3169182195999217
0.33442668589118385
0.0
0.0
0.0
0.0
0.12300658849453451
0.11852932585135512
0.0
0.11039428829128181
0.22070039803748798
0.06914818319101891
0.05819246431899197
0.2238398406136396
0.07618841073129184
0.08403380006089063
0.21846034667115496
0.12851030576051517
0.1508793354305924
0.023238130059740222
0.0
0.05394495393363378
0.0574261046747429
0.16141611882298998
0.12209052480471082
0.7498465774555627
0.22309447667864588
0.0
0.0
0.0
0.0
0.010734615713956565
0.0
0.0
0.016324030110215545
0.0
0.0
0.0
0.0
0.0
0.35519923142729876
0.3091695455250303
0.30390499246542835
0.031725939995097784
0.0
0.08370137170837949
0.039481857060702015
0.08140093573777185
0.0
0.3608222488653519
0.1190132029253157
0.046438234072775024
0.05377854196331994
0.043517669706910254
0.17184567639269105
0.0
0.0
0.0
0.0
0.1350941120099407
0.15804852384926382
0.4750963880188772
0.0857856027344045
0.11787502492922065
0.02810000769565315
0.07296109108233305
0.0
0.1353065295540191
0.2822203979073831
0.0
0.03279101655590584
0.10710978457225254
0.05390944277647539
0.0
0.31570141068577834
0.0
0.1404454361319699
0.12224479260956396
0.2907735022894124
0.119145930511869
0.13237355209619972
0.11947599203417332
0.056039758360075125
0.0
0.01950056901279074
0.07077809917642029
0.2867759069492242
0.20914606444918762
0.06421445434488691
0.106533056609167
0.0523289659109603
0.0
0.067091291962429
0.08902713138037233
0.05410476404889541
0.050121509268562056
0.0
0.2671491098983276
0.08862872066042987
0.2932354533673833
0.15862066228828958
0.04999673388193526
0.0
0.0
0.09224740830888596
0.0
0.0
0.0446629990899979
0.08332694761353195
0.08115901778772065
0.20124977222468882
0.21750655502030822
0.37209421861324926
0.0
0.0
0.2759732206069399
0.09700523775036289
0.0
0.12633283436271184
0.1674515616706855
0.09318404732156071
0.05893476618195614
0.0
0.0
0.18111723392126577
0.045011336664423154
0.07523482601309288
0.005786876456435599
0.0
0.3549605298813477
0.13912595190729532
0.18554767498590136
0.052402397562325204
0.14192938354424908
0.0
0.0
0.060211685830461575
0.11475782271563618
0.45443140471481136
0.07644892360417224
0.17171254847046613
0.08004316840635436
0.0
0.04239375043660502
0.0
0.03382893107982018
0.03824489715190289
0.05510130708389696
0.15499485549447553
0.31095502964640204
0.37382224256265406
0.0
0.0
0.008674970404857962
0.024377363850607833
0.0
0.0
0.013725300848372656
0.0
0.1595431620315809
0.507911357173242
0.12658307723975312
0.030690706552172993
0.0
0.16154602397540063
0.03496200887320025
0.012605731370809234
0.0699240177464005
0.27543047747137284
0.4551214253353128
0.0
0.044223834015329144
0.0717360400707571
0.03599559106660938
0.0
0.1078957630877102
0.0511861807107632
0.3845325345043654
0.16757562612105084
0.07136426242847238
0.0805060633883833
0.052182947049328965
0.025011353276635576
0.0
0.059744591217744905
0.00790687461904434
0.0
0.36177087093976507
0.19775262482993736
0.24705307702387194
0.08775855281080444
0.05594497865668132
0.033662307237681106
0.0
0.008150219702539718
0.03047087497609954
0.0
0.0
0.07190460788789017
0.05359722073398461
0.2561322645738632
0.16691322019632462
0.30813871054640246
0.11284265980283323
0.0
0.0
0.014557333517887405
0.11250736312261973
0.07166124344175595
0.0628333014419027
0.3764017624827495
0.13270018803479944
0.2293383820065053
0.0
0.0
0.0
0.0
0.1990535845685648
0.1531560344064189
0.32965697360752644
0.15123601882758486
0.04351812845660421
0.04351812845660421
0.0798607657584386
0.0
0.22371004798636715
0.03773176585070128
0.01323717890743598
0.1145881048775444
0.08613194506674625
0.15277742637516958
0.12266884842526216
0.0746244140958292
0.0
0.1745296834087392
0.05518261888962008
0.17630202246109666
0.062132503819436115
0.0
0.1357838263147345
0.1350320982476175
0.09378509799235898
0.19750506173218094
0.0
0.14427614921791707
0.11947556027140667
0.06698827757924129
0.030642910369078707
0.0
0.047885263358917934
0.03038790275983934
0.2972085634338733
0.04236710708610339
0.07784166751746285
0.2872021782066623
0.06174810147599078
0.2863460837761148
0.10463127649047976
0.1440398190968871
0.14271460894472965
0.0
0.0
0.0630861205321753
0.0
0.1974336306830386
0.0
0.0
0.0
0.04119097103484294
0.1261222440528247
0.3845883763138715
0.24487121218592528
0.06915881421860644
0.13406797137432022
0.0
0.055677651188192574
0.0
0.13363985914632473
0.11792164254107805
0.025642076242704037
0.0
0.11471498691813946
0.04173163358787049
0.44589633536108103
0.06477546372031469
0.0
0.0
0.0647502329596578
0.0
0.0
0.034857848991857954
0.22672313808850356
0.2716613758023565
0.4020070423092823
0.0
0.2195093951359734
0.050314030705959314
0.1570575768179861
0.04294261407578727
0.0
0.0
0.33809708023064394
0.0
0.09022242759628106
0.10185629149482163
0.15223172374070584
0.0657988011804875
0.0
0.0
0.0
0.09099798596086005
0.07086024794405557
0.09928695333279149
0.115441299691771
0.40538242226244586
0.08315716868558609
0.2966931810931029
0.06913835271356175
0.04450740611664975
0.14884525724382092
0.06586365510672458
0.0
0.02167307083597969
0.12924672450608782
0.14087481922636388
0.12435579302387238
0.0
0.0
0.05162128053788421
0.0
0.07728510079930138
0.2574614428754604
0.2670840022278364
0.2221919928328437
0.0
0.03395939831268946
0.09917059281257043
0.0
0.0
0.0
0.11724069610327083
0.2261175466309174
0.4384750111087847
0.08503605717045909
0.0
0.0
0.0
0.0
0.12740550942554102
0.5555065823496432
0.2369827394654394
0.03004077189156938
0.0
0.05006395509175438
0.0
0.013234306095107217
0.006535957725628281
0.0
0.028824980640185384
0.3311838263567431
0.2459173158704264
0.36699582522333274
0.007307422717446503
0.0
0.0
0.035991721324660095
0.0
0.05072899093176379
0.15450286134073707
0.4409616965788402
0.28385524222559577
0.0
0.0339591733770438
0.0
0.0
0.0
0.0
0.0
0.17994721847408982
0.4092846198618768
0.3875057095538609
0.006267072457534263
0.011964109659997968
0.005031036432642013
0.0
0.0
0.0
0.0
0.016888115395537234
0.2381168443670448
0.44172592461780186
0.12255561421869325
0.12401057578664394
0.03700567457719128
0.019696889001093513
0.28220468485309347
0.3088101603999426
0.159118334707003
0.18636051588137664
0.0
0.0
0.06350607120874473
0.0
0.0
0.0
0.0
0.5816070527232706
0.09147387063892133
0.13826199635493383
0.09045625277340519
0.0
0.0
0.0
0.01093591283597716
0.08726455568457864
0.16424655854012488
0.12424771228220148
0.020974023139978204
0.053060547425746944
0.20149134611036112
0.151319139711501
0.01729562142221229
0.037753240325977364
0.0
0.22961106949823137
0.0
0.13132638866213533
0.1695585924428136
0.5252497680058835
0.14345638430198565
0.0
0.0
0.0
0.010849401550214858
0.01955903617674264
0.08132432321404504
0.29990990885403906
0.25906179919073624
0.04524642020365817
0.1960730635496648
0.0
0.0
0.0
0.0
0.11838425770785886
0.0
0.0
0.0
0.3285955706349718
0.19262633529140638
0.2172686715684623
0.2060747122113818
0.026303227691222838
0.02913090137782744
0.0
0.0
0.13942678254327973
0.1800376702870984
0.0
0.38223496770586357
0.0
0.23790809736551652
0.03252719200387144
0.0
0.02786501166689973
0.0
0.0
0.1516606449705206
0.13566856847657968
0.17408561479000012
0.3046255212900517
0.13500923644586482
0.09895016429437808
0.0
0.0
0.0
0.0
0.11913550325342273
0.09244569570805111
0.3558739936507339
0.2902345651610549
0.02004936295845737
0.0808151625301148
0.04144546227511432
0.0
0.0
0.03797172978007748
0.0
0.6033260852799703
0.14586922021154625
0.19428734563296593
0.0
0.0
0.018545297624182593
0.0
0.13346269601288185
0.05729771080775691
0.08812452859571115
0.11259865040124956
0.2906029699676372
0.09551051405410647
0.1093683489410529
0.0
0.050631955039582933
0.0624023487019377
0.1794686044078919
0.027655744372415938
0.20455282675248737
0.045459205283715394
0.0
0.07136389810154183
0.18026985874411336
0.1439096357765632
0.14731974716605722
0.0
0.035059337481229094
0.2972667417985414
0.049101830558736764
0.19812461018915473
0.08206182574809655
0.16612827985069303
0.0677530341944629
0.0816320824491937
0.0
0.022871974993301333
0.0
0.17529277433532373
0.19311154481253803
0.16528711456650433
0.0
0.06557206646656288
0.14110079411789428
0.0
0.19373912808617105
0.06589612503857525
0.020089245190895225
0.009075396438517251
0.0
0.18769403877745683
0.3393974555034375
0.0
0.18067591965038426
0.15959179802011142
0.10347542894615808
0.0
0.0
0.0
0.0
0.38332297319135217
0.37829750279441104
0.05510908813483843
0.10618112009757258
0.0
0.077088862787908
0.0
0.16313277786700928
0.21625131488489469
0.0
0.0
0.08792629467290222
0.12359012747972113
0.08657748938908998
0.2423276481289549
0.08019382121419431
0.0
0.24584686940319272
0.0254053011046624
0.05256394127339015
0.10635194208943524
0.0746845380669889
0.08402138047876688
0.046542099814986054
0.052226448583663224
0.2531483915305117
0.05920856201499001
0.0
0.08532217993629197
0.21742617887818855
0.0
0.49645218697364835
0.15016074850985803
0.0
0.0
0.020922323745674737
0.029715896309100348
0.0
0.0
0.03636213467746007
0.0
0.0
0.1765020291092713
0.25330483654243674
0.4410564484116759
0.09277415261289612
0.0
0.0
0.019316057256552596
0.06198962582882603
0.10430069637923686
0.1920561598322609
0.4247997196748306
0.08573555867388223
0.08144364553338039
0.030358090378529556
0.0
0.18669298295043796
0.3984964750230058
0.0
0.0
0.058882681031175506
0.09056643121479456
0.0
0.0
0.07887443780427425
0.18648642746435426
0.12033040225124145
0.05165003342658354
0.0
0.05359511082339122
0.21928718314612725
0.3190599740399234
0.019498086603435216
0.0
0.057287478709320494
0.15929128035032206
0.03507311871408603
0.32247869592226314
0.08664338818037139
0.25805135855521594
0.18979603084096808
0.04213905227335466
0.0
0.05518576061633675
0.0
0.010631950240707209
0.30546647467799537
0.23290063511690465
0.0
0.05240956077349377
0.0
0.2771203720123623
0.0
0.0
0.13210168480262116
0.0
0.33734580771576356
0.19769147737860987
0.18941714722938627
0.09273547237754437
0.0
0.04730130706905876
0.07176540265509686
0.0431962822851719
0.0
0.020546376865281445
0.1828389123073928
0.1400499995035053
0.0915555402328934
0.2691092719559399
0.0
0.02653752739036474
0.10423494759315115
0.0
0.07818694029971288
0.10748630785187352
0.14470819325320888
0.0
0.0
0.0
0.0
0.19737035091499106
0.1889277585696693
0.19895811564592586
0.13932826573358842
0.13070694996424675
0.0
0.0
0.07518441252995776
0.1835761655091153
0.5287241664497008
0.12853818370479828
0.0
0.04303108414217576
0.014902378293818946
0.026043176278878803
0.0
0.0
0.2950923543590489
0.055627832283508136
0.3138034569420477
0.2802899446264995
0.03650660732982498
0.01867920655225822
0.0
0.0
0.012684216212379659
0.0475090951325149
0.04792851363454178
0.24916607919576408
0.10078982382690797
0.08667547863257072
0.2035769368187909
0.0
0.06359700879272193
0.18807231924478737
0.0
0.26286255309012463
0.16879823762972604
0.0
0.21911630384110178
0.19111951022824533
0.08128222206434206
0.036935067048644424
0.0
0.03988574557979823
0.0
0.08042594142441695
0.07134401650601054
0.05962242672938367
0.04160035306749227
0.17785410358693846
0.4894754145059656
0.06107314484799319
0.018604242611716816
0.0
0.11640027285298457
0.07055342281251158
0.03906671058955703
0.3486142349313181
0.16029222706215007
0.06886932308212441
0.08903636719001104
0.04763157290063387
0.059535440281575445
0.0
0.0891691176444479
0.0
0.09373112157003909
0.05981928326004867
0.06639347002258719
0.17380275906055948
0.4486786503840114
0.04528459779079482
0.023120620781745094
0.0
0.2971450710106178
0.4383225345128993
0.0
0.07760121122752353
0.0
0.03485415536824333
0.0
0.04380917418963996
0.031430380089417044
0.0768370659994886
0.2245596562445642
0.09735397782297027
0.0
0.336086930653685
0.07883200610421201
0.0
0.0463599021886938
0.0
0.049670668081897226
0.16713622849243973
0.09568620340023364
0.3071028453995097
0.14774444855256683
0.2146268238057737
0.07407531606075032
0.0
0.05818221096155078
0.0
0.025208790460769178
0.07737297051313523
0.1467862267747075
0.07546715154779488
0.0
0.025577113730533167
0.0
0.4199556505874603
0.06669695592466993
0.10173887840980578
0.08215922248345187
0.08161831012278817
0.14492863718173896
0.0
0.17618973585706874
0.39147998521991806
0.0
0.09538057725694028
0.026767335731484786
0.06569151205624034
0.04978088173421213
0.04978088173421213
0.11378804425560156
0.0
0.0
0.0
0.30547602967349274
0.15936666649688622
0.10757241235714234
0.05902009637250102
0.12214142083287619
0.13263489683142482
0.01731876653580445
0.0
0.0
0.17156134361823724
0.3246779035270264
0.27252206603132145
0.12363202700013101
0.0
0.09028746246703646
0.0
0.0
0.0
0.0
0.053173407130736504
0.2829165251901008
0.6066377579159462
0.05727196422432488
0.0
0.0
0.0
0.18301590797438602
0.05792721279718381
0.24807435424926794
0.11537864049912906
0.23989312650625497
0.02579944818728118
0.04930930467356046
0.0
0.0
0.08060141876183824
0.042567631077611426
0.08720484770069747
0.33517106308612993
0.16937691955882966
0.08350905596301278
0.20705061240169748
0.026739605149557574
0.020039437251577162
0.0
0.02834004540232272
0.04172469967227436
0.2208129789497561
0.5674158311065196
0.10393680256248632
0.0
0.025255211972052202
0.0
0.0
0.0
0.0408541899244675
0.1479683255459621
0.22516183408742732
0.08718330561446488
0.06948728538733515
0.0
0.02896071713822372
0.13118131151605905
0.0
0.08217402932630338
0.22788258803593722
0.22505774682681853
0.26390958364906925
0.15611915962953554
0.14765183557651282
0.022344295336131803
0.0
0.0
0.003144278333054509
0.08093479782405494
0.10083774698967153
0.03623890521107667
0.0
0.05843347501189418
0.11031256807346689
0.017168386073041993
0.12357163395060612
0.2621693722377507
0.26228207071860304
0.12982316164397145
0.0
0.06945373347229336
0.12878937052577993
0.1588324635445612
0.18147064960775694
0.1990963021671789
0.06990876713874265
0.05716479964476296
0.12139534608276517
0.013888086333395082
0.0
0.0
0.3711229374712176
0.07411853941026814
0.20405406600610054
0.23181477178489998
0.06968885892602694
0.049200472797938995
0.0
0.0
0.0
0.021349745051929887
0.0477853634252392
0.01776406065689875
0.42457485555772
0.07539560354368341
0.20479841398132195
0.1481688630742833
0.010467574086707397
0.01404372426496926
0.035651272978550266
0.05678899538622308
0.0
0.0
0.07708243353704887
0.25107077186370796
0.37531948468466536
0.18760505809189187
0.00830120788196294
0.04383163349411203
0.0
0.25202611842132894
0.33078050498221484
0.1500103503001356
0.01752563379400515
0.0
0.002430368073713401
0.0
0.0
0.12211423512259191
0.12511218171397817
0.0
0.2979111905790018
0.15944199581143867
0.26835887067178726
0.10352503598577284
0.12883773025073675
0.0
0.0
0.041924444668700475
0.0
0.0
0.3394970257828014
0.07221481550103093
0.08297808218092909
0.13605785209543775
0.024154584003713966
0.15707099539521469
0.1238837905544111
0.023087287613008323
0.041054895912812715
0.0
0.15417356176269814
0.20069808276060744
0.4219471455577039
0.19854296239300656
0.0
0.006096407264156894
0.0
0.0
0.018541499462313513
0.03769550558691253
0.07084836164175468
0.01883474996526507
0.18827861574652632
0.4056491872720722
0.10669952671877152
0.0
0.15374025024928156
0.018253452825420933
0.0
0.0
0.0
0.22885175578694364
0.1920293675803376
0.2812774356174474
0.11552259124807322
0.08786164569644903
0.0
0.0
0.09445675467263562
0.17420138155027173
0.058725177037676136
0.21424752028371213
0.2062870247595016
0.07358453654602083
0.0
0.10719376821112549
0.0
0.0966254583435751
0.06913474842522711
0.0
0.015180815821792114
0.03520088075781587
0.38355430427186826
0.2570904212897216
0.28383019024459144
0.0
0.0
0.025143165516684548
0.0
0.0
0.0
0.0652063008262454
0.0
0.5712413851396714
0.20991529609842674
0.08720495604067338
0.05267604409106027
0.013755723996214043
0.0
0.06811263445865635
0.10897673763110265
0.04490941889131364
0.21484344971411412
0.35867692559709646
0.13917353789820863
0.0
0.06530707481399768
0.0
0.0
0.12363430726237686
0.0
0.0
0.08223642290242557
0.5943889369241645
0.034859573187559126
0.0956088098935666
0.0
0.050651689007948635
0.018619931664975314
0.017424186967828815
0.03989193915217892
0.19312214232529878
0.324370829301223
0.18961413015961193
0.11568841167466681
0.0
0.0
0.08927074106644044
0.03061722513593903
0.25176255737495823
0.06638275587372192
0.04291203793309087
0.3011727912530857
0.13252102089258758
0.05004360607344855
0.0
0.12522774113772353
0.02997706034100431
0.0
0.07464254667615952
0.09050412081231062
0.03976028173163922
0.0
0.16442615973431318
0.33118501583440807
0.15966063181117177
0.061149561564542085
0.07867132150821243
0.0
0.0
0.0
0.0
0.015864331496105312
0.0077014554376489425
0.436330474816411
0.33756319198501794
0.17971508241407286
0.0
0.022825147322888165
0.0
0.0
0.0
0.0
0.035437718373680226
0.6386565604045178
0.1917794619079448
0.1341257390702502
0.0
0.0
0.021712237889980758
0.0
0.0
0.09251139556835272
0.267816651686275
0.4015122636831951
0.08985751213424192
0.09511020734145886
0.013337722340157426
0.01814126375502112
0.07660830304320736
0.13011902071906858
0.09408374146835202
0.15125829322174605
0.2709787860582494
0.18817206990292176
0.08877891503755193
0.0
0.0
0.0
0.0
0.0
0.0
0.0
0.06585390072718383
0.4021833452572128
0.30729734227140054
0.18676856627628696
0.0
0.03789590277204982
0.07726068831414723
0.05609962034008572
0.0
0.014559717866050275
0.0
0.3196971706160813
0.24412036249492752
0.08856331289887558
0.08176775154454874
0.11793036639048825
0.06561001115270082
0.1799832357333705
0.15191272869677255
0.21715951804484815
0.12560297567787357
0.22170788935766167
0.0
0.0
0.038022633738983125
0.0
0.07988280365060861
0.1188760559604916
0.3840649129812256
0.06544933392908527
0.0
0.061805543186638404
0.13942897111129476
0.0
0.061086846967273144
0.08940435746628252
0.01718962192256794
0.13885170977844485
0.0
0.007687432743750995
0.05187648291735725
0.08691132283625759
0.08594810484720199
0.1182119996576284
0.1883463523764791
0.3049764398927551
0.09044732252946625
0.09329097763753552
0.19819186503473038
0.0
0.10160157410452869
0.0
0.028013509124971726
0.0
0.05133807399389508
0.43711599734674517
0.0
0.07565873375375119
0.07778977428595202
0.040353688742135685
0.0
0.25751498059229705
0.27334310062440165
0.051980017541310826
0.05548399906639177
0.1678752510340773
0.0
0.0
0.27065944746378306
0.16049857806161466
0.33738417192197967
0.09603127021777284
0.10160065724372566
0.0
0.033825464413686154
0.0
0.02274363992773006
0.0
0.42993817791368955
0.19411714090352183
0.26277723951154774
0.09042328870265194
0.0
0.0
0.0
0.0
0.0
0.0
0.0
0.16995974641331923
0.16007321178440712
0.1908525320068931
0.056244414656711685
0.07784840092715635
0.24823749103936862
0.09678325464737146
0.03793487322411014
0.0
0.22529072858099608
0.15791117488104708
0.10706123771998892
0.2819851895728436
0.13147825292461804
0.03663350635916141
0.0
0.02170459071066132
0.01902721747823758
0.28785752836828393
0.0
0.030739410748760895
0.3544452399101346
0.07060610895489909
0.05657198458378437
0.10405087514242838
0.07670115913304126
0.0
0.09421583525703256
0.19669255466344288
0.020658189751545243
0.01112477553015125
0.1023192834911278
0.20727927976235125
0.1883297838267166
0.0
0.10576104574106833
0.07361888678792942
0.0
0.1422163279526989
0.18412972515530457
0.266426526977458
0.03940205802546841
0.28501695809218225
0.0
0.02986052850772186
0.052947672862348014
0.0
0.08444563273269372
0.2812144589801247
0.08455775384198508
0.09586518549002175
0.15477992968674933
0.04724377260506279
0.06617618379669063
0.045161512211775896
0.07895653510398144
0.06159834198846769
0.0
0.0
0.02716767604217243
0.4310745514586667
0.3333312187418461
0.14442705532238206
0.05247255152517143
0.011526267717870332
0.0
0.0
0.0
0.0
0.13672918462771105
0.27444865102112925
0.5178946358742971
0.0
0.04328769454588969
0.0
0.027639533784801947
0.0
0.0
0.03877333235179696
0.28242416674575027
0.402226324373299
0.20888081932198052
0.05578596460862627
0.004989648715774433
0.006919397912882033
0.0
0.0
0.08422379407609726
0.0
0.0825007252491497
0.16444579488748196
0.4988643681593632
0.025961133477504474
0.06486485352035022
0.02855578839691197
0.05058282109057334
0.0
0.03268052573092444
0.0641737677602466
0.1762430193041043
0.036625526976954384
0.23387983604865475
0.25664620051618675
0.13515737745595272
0.0
0.02356626214686241
0.04102675330133423
0.0
0.0
0.1050456283598619
0.1908798816121511
0.1537617658632218
0.1482117921881289
0.10448508125037408
0.23340509962984354
0.06420972814300277
0.0
0.0064055877149144696
0.0
0.0
0.04296999009960585
0.05282182881686038
0.16232824730842124
0.3534761908888472
0.3819965537743864
0.0
0.0
0.0
0.0
0.04616223751811389
0.1148866988093671
0.24940028355022031
0.21317246558552588
0.06430517333226239
0.2994853373843095
0.012587100179936663
0.0
0.10053554113017958
0.0
0.34652980542962114
0.0
0.12133884532791044
0.1061215961634975
0.051105431763289876
0.06885152153512883
0.0
0.2055162012714804
0.037664871877611826
0.0
0.0933040670748641
0.07085926902547672
0.0
0.2539432103678587
0.2203521738536335
0.0447979948860149
0.11193542761102006
0.16714232764632558
0.0
0.056115618248892545
0.09631590364663727
0.06074274778395648
0.11822019433842054
0.5437624291141727
0.0
0.059076585964729283
0.021646122208995238
0.04411993465927019
0.04089905273260712
0.0
0.09162796946623379
0.04009328378226521
0.35107896113440984
0.30922978544876023
0.1256856990678863
0.02258506342680683
0.01879996313476219
0.0
0.03829231251281693
0.047933380678132576
0.17257388603303997
0.05028540169489217
0.03649165404617541
0.4181946042322491
0.12901748359067877
0.040661154000040285
0.0
0.06654943942068288
0.18459977187283008
0.09923987459788747
0.03452214197860329
0.10665404665882669
0.09351351979159925
0.0
0.0
0.37407540985942184
0.04492245114097366
0.062472296273188864
0.0
0.0
0.0
0.2505728802962257
0.42099419254153914
0.18759025536996593
0.08587999817779665
0.05496221559602748
0.0
0.0
0.0
0.04126836810028518
0.04719218729885484
0.18432835699858766
0.28161478815098834
0.4361572902138584
0.0
0.0
0.0
0.009438436948104442
0.0
0.0
0.07543331011746897
0.12843081416262678
0.508527478740679
0.20217967586607954
0.062286582857926646
0.02314188257111528
0.0
0.0
0.0
0.06363219562280403
0.022755817754313064
0.0
0.0
0.32326585472473346
0.33050774511688535
0.09978451636628975
0.1101350668658702
0.04991849770903623
0.007841137023345457
0.0
0.07842337867507544
0.1473447412664818
0.08922016824429571
0.14309306161723478
0.13008308110730477
0.3659375520107481
0.0
0.03805622662741407
0.3189702605161625
0.005023199891360777
0.04926834935117827
0.3150249694995558
0.056875401418884926
0.12362451462783411
0.057405304530333885
0.0
0.00710387759725039
0.06670356095663967
0.09609578963451039
0.09410513265924124
0.0
0.061438431925055895
0.20254545989623884
0.06188231482150914
0.14813264893977032
0.09758269733811559
0.23821713910430983
0.0
0.0
0.0
0.35802047197223597
0.41263912817630544
0.19898495794575097
0.0
0.0
0.03035519292532521
0.0
0.0
0.10443385553134799
0.38697427505714665
0.31108655047809963
0.05883627025520353
0.03405810156181154
0.0
0.035655432638996676
0.028085030133055248
0.04086972278202688
0.0
0.011110700773558387
0.11907425687180283
0.30854287345775466
0.2988987202214353
0.1945564621261521
0.025270620353792777
0.0
0.04254609382203643
0.0
0.0
0.03353642507862604
0.11731908349600126
0.2705008873855617
0.1204516839858438
0.3057074455264185
0.11875016407332135
0.0
0.03373398822685805
0.0
0.0
0.05618923066107269
0.1937113256147825
0.26670040433090375
0.0
0.1839317461183074
0.07493971599316528
0.20305625520748347
0.0
0.02147095852508261
0.0
0.05681135734277467
0.0
0.0
0.19714990480359298
0.1434622832846077
0.06415930843861911
0.14618086836571703
0.2704628136962513
0.046870714507834185
0.07490230572186388
0.09713358932314715
0.020349696634208086
0.0
0.0
0.0
0.052007947872771465
0.12131478834491038
0.31917503849663587
0.18403935228947224
0.20597919618376562
0.10042703177584544
0.07654138806824043
0.0
0.30096561885182993
0.10470359444691515
0.1704893574965974
0.0
0.0
0.08981336780894275
0.15705838795342522
0.24539873673864418
0.0
0.0
0.16723467770372732
0.19117520262297644
0.1349356268409255
0.12707150288933008
0.041427586582812335
0.028419091992456805
0.06433645126595258
0.032448112807047555
0.3771480372425301
0.36215515298173706
0.1903918883507759
0.0
0.037856132615544165
0.0
0.0
0.0
0.0
0.01439724576712774
0.0
0.0
0.07791823362014802
0.11720374929950739
0.28800693760669643
0.20549426800376144
0.2156654730887852
0.08131373268283497
0.0
0.043766721034688545
0.0
0.0
0.19215942676750375
0.3964366878785107
0.3236334621919377
0.04400329935853658
0.0
0.0
0.0
0.0
0.0
0.0
0.0
0.4422988077708049
0.34170845976869413
0.21599234786920343
0.0
0.0
0.0
0.0
0.0
0.0
0.07265137232472688
0.5514334193643753
0.3557339530993819
0.02018093612289645
0.0
0.0
0.0
0.0
0.4082561468535038
0.06908697815081635
0.24381999041932056
0.14840238537316636
0.050158296273043135
0.03947994301477054
0.040795810349832755
0.0
0.0
0.0
0.0
0.0750169046838221
0.0
0.19517012951374837
0.1208707461782794
0.0
0.0
0.2604154150728686
0.3485264624573821
0.0
0.0
0.1388710575225876
0.2708826585666375
0.42440611599741274
0.09864756741403646
0.0
0.017339357354811343
0.0
0.04985296563487113
0.0
0.0
0.0
0.045653958250933484
0.386344840892925
0.31999274665289223
0.09353400803778607
0.09620571394803942
0.05826846077526145
0.0
0.0
0.0
0.0
0.08662646720116414
0.2858281122963074
0.2908999878561425
0.06463038648261103
0.21297935972541052
0.028955235043026616
0.030080129272564513
0.0
0.08365602758789951
0.0
0.37239390732145816
0.13715770761127838
0.0
0.09576915353055492
0.08740784970808571
0.09625797716505816
0.1273569023870827
0.0
0.0
0.0
0.3720180934668938
0.18897478686235036
0.30970059018650553
0.01683603202206748
0.0610867886573528
0.05138343246992632
0.0
0.0
0.017570583606730326
0.1280350422711924
0.25371299145054726
0.075148527042832
0.28192646812905825
0.06060039144271522
0.11376607311230026
0.024656676625352314
0.044583002659107245
0.049347632004093915
0.0430368461420255
0.09466975998477631
0.3259936628028076
0.30627610253212306
0.11279068425803396
0.0
0.0
0.06788509214962915
0.0
0.07380497409512919
0.050666729442312014
0.0
0.12357058698726799
0.31023242404450313
0.2274360311184025
0.15096673961002288
0.06332211593712324
0.0
0.0
0.17480175745047447
0.0
0.01791326533850228
0.0557346041707381
0.030738061170894473
0.11991849003686245
0.33991166180231625
0.08407369809393153
0.17690793416159853
0.0
0.1007417099662909
0.015846571871005716
0.03699228758580825
0.0661738158749089
0.0
0.19568958113378632
0.21842705191122452
0.19323644321455344
0.17289211850910277
0.0
0.16593866038761407
0.0
0.14903038451818815
0.09502498118982891
0.0
0.21189142417057472
0.13051181512975438
0.02800640337315343
0.09444392145659962
0.12515205614003636
0.09091729742765671
0.11242791526160022
0.07275350883956638
0.0
0.25409753093979215
0.23310671357152515
0.0
0.0
0.1943695385324363
0.04232708963495892
0.038944155838796964
0.5293524344030285
0.2687939001247701
0.09102224011694947
0.0
0.0348398210050377
0.0
0.0
0.03704714215877607
0.0
0.29776576770296637
0.10699071169131814
0.017674259168887842
0.0
0.0
0.12994086576097522
0.1086628210022578
0.0416586321903045
0.0790416917234558
0.2182642092940451
0.0
0.0
0.24219204927693588
0.191589141601977
0.20884407371442484
0.12779016658771944
0.16302127664120153
0.0
0.03723403504180587
0.02932846185634669
0.3744811765638676
0.11402678688428163
0.23882427474502135
0.11758612617035549
0.04267699723324007
0.03439841436621075
0.0
0.0
0.02526015480442147
0.0527456783415272
0.03225998071020694
0.08949392033826227
0.17974935067150805
0.022006657050418113
0.42867463080880713
0.14120691250268727
0.03476967406951009
0.0
0.07183845170744368
0.0
0.0
0.03653689369465132
0.4475652765560387
0.12228113001388478
0.25778178338247215
0.061755047359707355
0.037039715015256366
0.0
0.037039715015256366
0.0
0.0457836692351508
0.12595954817476962
0.45562477653499517
0.06185963067168438
0.0
0.039379170896914284
0.14052295246906835
0.06281968398413858
0.06804975046776031
0.0
0.0
0.20177269673594272
0.0
0.19655185748152773
0.023252852338287864
0.12180942617985373
0.1325004352403273
0.12091483117906249
0.08428958341212074
0.11890749532043686
0.021563748594461075
0.0
0.11181773445614118
0.019401427483837847
0.3857838328284123
0.2888226515643251
0.17260970658327776
0.0
0.0
0.0
0.05090531298634022
0.29997827607986755
0.0723793154399932
0.07649474017771672
0.04901565469285053
0.25975104726077775
0.10485157431895467
0.0
0.08662342310651766
0.0
0.0
0.057743857311660964
0.11622227155066381
0.0783506958129121
0.12235815781098355
0.37320386318887566
0.04775332948465416
0.20436687707279347
0.0
0.0
0.1868862506612279
0.0819261841958385
0.11288926206093632
0.3681547292821595
0.07430252821223586
0.07873687783175669
0.0
0.0
0.09710379361497481
0.0
0.07300636525712774
0.18082417050996613
0.13542582587163757
0.24881003055912507
0.2313823177521637
0.024292066171620223
0.0178444037824384
0.052137112795797795
0.036277405156241185
0.0
0.040642656293230536
0.06636774805616229
0.0
0.12902097230083867
0.13979546549479005
0.2049249202104074
0.2895870604819642
0.112956776206555
0.0
0.016704027442638786
0.0
0.0
0.0804975174057682
0.09199111698953857
0.2744806723490904
0.35015707869073515
0.20287329645683033
0.0
0.0
0.0
0.0
0.38923560037297733
0.14483681228081408
0.31619639294486224
0.059851439108687884
0.04750736871832071
0.007629002915340075
0.0
0.03474316043217054
0.0
0.0940215407195577
0.0
0.06858287609529991
0.1502314954713957
0.14866215467031046
0.0
0.28051151594973533
0.033241632153823926
0.11212862811586341
0.11261937504657636
0.23473836154843894
0.18648741360752066
0.02112080338634991
0.03240406016084877
0.046540131476306514
0.02236065053648943
0.0
0.017078440179606143
0.0
0.43926967600020494
0.0
0.044274489632299456
0.020645859436549053
0.0
0.19832358483800244
0.01849469374863731
0.4206906766560782
0.086215921570221
0.07027609359900755
0.14107827499623143
0.034882083589285205
0.0
0.0514440396868027
0.2308392186543096
0.1143892960400427
0.4184185222400341
0.15002647674948358
0.0
0.0
0.0
0.04943971223766607
0.0
0.34507928504473956
0.23909505867748887
0.202665202979388
0.06627073023731256
0.0
0.0
0.0
0.09744968657105359
0.0
0.0
0.26707958769643775
0.3474375818791033
0.08433474064262847
0.25292470396562655
0.048223114195952065
0.0
0.0
0.0
0.0
0.010882697094112347
0.02253446968494038
0.39991266845068235
0.527025821245309
0.020538172869406516
0.0
0.019105852224691765
0.0
0.0
0.05982722861617461
0.12119475267877325
0.25528298528453686
0.3600659926341255
0.13271757114965924
0.0
0.026723700130747974
0.021167271656464266
0.0
0.023020231251600055
0.08504950086795024
0.16621997976661862
0.10972165934804372
0.0
0.2847664230956649
0.10427251376788499
0.0608739977937692
0.16187186760578515
0.027223680229748172
0.0
0.05354472772952504
0.0
0.08994202514216594
0.3572049682960372
0.38739222515611904
0.07679229713529263
0.0
0.03512348386404921
0.0
0.0
0.02865893624081121
0.03402765842421512
0.0
0.1806640305067859
0.0523875888842426
0.0
0.09507725483680685
0.34413049269975027
0.12469669895739657
0.14035683904325522
0.059107067154825214
0.20244035753816794
0.08125825925099892
0.16421117396813983
0.0
0.1453966570981343
0.023563208279396758
0.06869796697819355
0.19641692696793306
0.05890801743216891
0.0
0.09597805094315215
0.09436257178191103
0.07013204407449333
0.07719329271484318
0.034848893624361436
0.3137829430191084
0.18848671797183356
0.12521486982310037
0.0
0.3028820675292939
0.021981112766657113
0.15188107794724687
0.04493089167181509
0.08181330833081865
0.0
0.18084012416275508
0.0
0.1305611476486893
0.0851097784300944
0.05113112200948051
0.0
0.09748745597171714
0.19018555191691572
0.10545113565795336
0.06199837708093234
0.27834408876541694
0.0
0.08391770332693442
0.1314842401679317
0.0
0.0
0.061987758206476735
0.12290289748901154
0.2948327847233159
0.23128616046323056
0.24906829723147722
0.0
0.0
0.03992171745470364
0.0
0.0
0.033911778953500275
0.7486393904310741
0.171912568214186
0.020932337808777932
0.0
0.0
0.024603634313152163
0.0
0.054772759527377105
0.15996704177131682
0.2998358116323692
0.09727337062930466
0.08387140349319554
0.06287294741259837
0.0
0.11992499363505246
0.015574527926869705
0.10590679571488033
0.0353767730101086
0.05766311099988486
0.3143403952652888
0.3122101699537795
0.09571052431416417
0.1299334360939748
0.05476491004021648
0.0
0.0
0.0
0.1803765536134804
0.05187968319041879
0.0
0.09996326557355077
0.08289115584866127
0.23395162976711747
0.0353142485644846
0.21554036404360652
0.0
0.10008239480275187
0.0
0.0
0.274750482388207
0.16915868138170478
0.2563177232677614
0.2860707306936946
0.0
0.013701574895526777
0.0
0.0
0.0
0.05204877525918781
0.29477778342101135
0.29953263565174176
0.12978753551576522
0.06366513992415522
0.02180737924721161
0.0
0.0
0.13838007476279185
0.037517583255678534
0.25237939195475423
0.22425661790946388
0.11145947554977371
0.06215916379297805
0.0
0.04597970763399334
0.09125880465445324
0.1310599713126936
0.043928766230742274
0.0
0.09169791682905452
0.041810648702662434
0.07537521458138535
0.07629726992614483
0.2446638556597747
0.18209162588533223
0.16673947542018847
0.0
0.12132294772925552
0.31403010582743657
0.3695241777946728
0.17411363191630608
0.0
0.0
0.0
0.021378516382661843
0.04737698775030002
0.0
0.07357578359836608
0.0
0.3977565079318886
0.2271269271086863
0.2634352309397248
0.04874111233546789
0.01533332772372295
0.0
0.01846980289106136
0.011087553152282952
0.018049228010644888
0.0
0.0513170741906048
0.3828059250231773
0.29299824415913467
0.012655892826267702
0.0
0.16973955939269517
0.0
0.09048304165445266
0.0
0.0
0.10211783526598273
0.0
0.26514059967122844
0.19807023217902273
0.10433210562851036
0.17921896522219477
0.0
0.06370183041579527
0.08741791835236686
0.19633791021251062
0.0
0.10202929320073295
0.25150913219450893
0.026102622888274668
0.0
0.03960538883093991
0.08394172446827183
0.18106222471430375
0.11941140122090085
0.08407121020803113
0.0
0.21668366271017897
0.23184338143934063
0.25400855285807095
0.022768816742089627
0.0
0.04932508690938079
0.07060536664355138
0.07069341336313044
0.09168570577047232
0.19282392362851647
0.0
0.11909258777002858
0.04448949705539099
0.0
0.015259772699863868
0.02412781797031574
0.29403281119465724
0.21848667751987425
0.24213794208124667
0.2453437008575759
0.0
0.06934745924713978
0.04733587577887997
0.15592874729423842
0.0367043868314576
0.13359197936461145
0.0
0.06960949015088505
0.051617944991291
0.0952548514930617
0.07585468239973292
0.09614889734990643
0.36175431679070763
0.24735553345338757
0.044986168979961674
0.027027171982618108
0.0
0.0
0.0
0.0
0.0
0.0
0.0
0.2678718613045107
0.2169512493208531
0.31011085827747936
0.20506565227539625
0.0
0.11772745439249398
0.15802348748999503
0.07613773104928652
0.15547189775639636
0.15315155639501965
0.19468767709472012
0.0
0.059470964065993046
0.0650355270347785
0.020293315614736542
0.0
0.0
0.0
0.04654689175692986
0.4968977416936128
0.2718672589407479
0.05978591669527303
0.06125175461541526
0.06365017345125495
0.0
0.0
0.025212488886895958
0.18452947773792733
0.01786613860405759
0.1808660368878213
0.4288065046510894
0.0470089183699277
0.11571002193103434
0.0
0.0
0.0
0.08884028121612776
0.09196811441038134
0.08559844891905856
0.16626164084072625
0.06119850690200996
0.2192543094284542
0.0
0.0995715210967414
0.18730645621712036
0.23150239366431272
0.03679830167339675
0.10659071577608183
0.0
0.0
0.3469452829095727
0.16178801172266685
0.0
0.023193449987599243
0.09318108290410144
0.05496049586522756
0.04592893028582748
0.0
0.1916480172435718
0.285266994667214
0.0
0.0
0.0672300549106042
0.16499941258107065
0.18996546989539156
0.0
0.03726778974009998
0.05065343174305949
0.03359273050200894
0.2538671928259891
0.181564312736433
0.29387723983677133
0.11344124428618547
0.0
0.03573573532241683
0.0
0.09090577146333428
0.20570887979068295
0.23167842371872377
0.08219762522602095
0.2765733383522004
0.057237184697377055
0.0
0.006783257262513128
0.04891476109795894
0.02632670528241685
0.18403880075009924
0.038804184871736015
0.14159864091167856
0.19562904699834927
0.08934181358122278
0.05445676680481207
0.17144914770303907
0.05440458162244851
0.043949715597197375
0.0
0.014696663515260154
0.0
0.08147265379992337
0.22128713533817596
0.20996352277245328
0.20793663688084485
0.08911161201936733
0.1755311455597129
0.0
0.0
0.06341106049252379
0.08406352662537316
0.0
0.36555403111250656
0.15497732267703146
0.16962243434876356
0.08231437564864069
0.08005687647551528
0.0
0.0
0.0
0.0
0.058961042708611584
0.15582854601538085
0.47072958614743754
0.06343046856106238
0.25104990509991754
0.0
0.0
0.14907547154805623
0.6236094196434016
0.0
0.0
0.032953344056508654
0.040651355539113976
0.07334591539057826
0.0
0.08036419097510794
0.0
0.1798320548039347
0.0
0.044908302017854465
0.07662807102493904
0.1296759128388373
0.08120578926679313
0.08916653133971437
0.04614356397926584
0.17775950606524712
0.17467977632359966
0.04341700937745817
0.04293324044605938
0.02285105819433353
0.6655860712509224
0.0
0.0693339118454584
0.010219304132184212
0.07935137772381984
0.0
0.06630745575331778
0.0028531719174308273
0.3317755321579425
0.14888565134441253
0.24137925542972216
0.08791640272494605
0.07323693089195663
0.0
0.0
0.057516839327327124
0.056435859559764566
0.20504516211484752
0.23991384068131502
0.08718772249174322
0.07976720118113895
0.0
0.0
0.10530273517088964
0.0
0.06384772304561297
0.21893516220873727
0.1385143055202038
0.3690230976808604
0.10263650371480636
0.055590540067082146
0.02491597032505405
0.0
0.02260641106892432
0.0
0.0
0.28671296456435136
0.07054161989704527
0.02410711093722666
0.0
0.0
0.0
0.0
0.15580702129082122
0.18194895706696096
0.36954864325668824
0.19804631064415298
0.06003457337100776
0.11874295828721106
0.08498135259967173
0.27431142722833063
0.10733316079327307
0.2846524263645759
0.0
0.0699436901216186
0.0
0.0
0.036414666870598925
0.0
0.0
0.26945402842348676
0.26283653144905245
0.2151071862619644
0.07826585878184923
0.1096728730160419
0.028248249630138948
0.0
0.1438340845549448
0.0
0.0
0.03138965964914925
0.05696095539770941
0.33333659685253086
0.28593535775371204
0.09316558225683985
0.0
0.05537753008858066
0.08850845772464114
0.0
0.04893164339375674
0.220905901586876
0.20757335916982275
0.2685636689536088
0.0
0.053462257660987694
0.11205438561783837
0.0
0.2576813213972738
0.05736791088695586
0.0
0.096493533539128
0.18973641228859292
0.17045503100693052
0.1084777774984481
0.0
0.0
0.11978771102723984
0.049293742958141734
0.04579661204173492
0.07959140808994235
0.040289055218765704
0.12423904309650145
0.10859645107438483
0.31697271333722227
0.13500867896423696
0.0706734709016949
0.029538370685429267
0.0
0.01840008860390051
0.0
0.03959613019283313
0.3164411293161416
0.5824560014531821
0.02057192403251656
0.011156693209653257
0.01137763874311986
0.0
0.016427837203803836
0.006022896249574563
0.0
0.13583199909360727
0.7920155304741503
0.0497010635986179
0.0
0.0
0.0
0.0
0.0
0.014775722988922766
0.35014221522158484
0.17357906182882143
0.3981283592803487
0.06337428189405482
0.0
0.0
0.0
0.0
0.0
0.0
0.0
0.3468474876742456
0.3359404880346723
0.1924993747024665
0.12471248038188837
0.0
0.0
0.0
0.010603115370433389
0.0
0.09786627114722583
0.16528892662891975
0.19048418980211257
0.1966933149858448
0.33906388753449274
0.0
0.0
0.0
0.0
0.0
0.10576137836431689
0.07292837386975294
0.18920018120447288
0.3733136700476171
0.08208508303015746
0.12834775307891352
0.0
0.048363170986545294
0.025540342839283085
0.0
0.02631177050484091
0.0
0.0
0.06688014280815868
0.10682227577219662
0.4647567978851629
0.2724777700327775
0.03721046162808937
0.1803885647619528
0.0
0.03952105173670334
0.21822570183906645
0.0
0.10251303752949892
0.04065857828751897
0.1416251342900093
0.18150583703763173
0.09556182758097356
0.0320766343132704
0.016807552290645688
0.0
0.17847965665060248
0.20537117850169637
0.4448696889326899
0.10521140798545887
0.017183686257883538
0.0
0.0
0.06754954824894963
0.19909287287657537
0.13942071596577715
0.0
0.2403836240974355
0.10963193582358223
0.05526265642335236
0.09359427175906432
0.0
0.09506394179532289
0.012775477131019468
0.09210398066789416
0.2668591348919642
0.3248990408074193
0.0
0.05308718532066911
0.10068252465665758
0.0
0.0255825578768022
0.12400978084568517
0.023450686930703027
0.24333249141587204
0.0
0.067843510349599
0.010691692426929552
0.035197983070608944
0.16129960408653457
0.1653096032722273
0.28044514896631856
0.012428840055372984
0.16456757097978908
0.0
0.0
0.0
0.019523049885466368
0.06579287179198964
0.20878489551152682
0.12709248377430132
0.3180033425164278
0.09623554420233016
0.0
0.14997731109703885
0.0
0.1155228785016495
0.04376292170898694
0.06972759130495536
0.10180623256094506
0.1855603217317806
0.27249202853595095
0.06115037029942304
0.18303900794881622
0.208090764940873
0.08072765942291761
0.06092914561213941
0.0
0.0982249661663954
0.05946618165290264
0.18924005541572242
0.0906052234893948
0.029676075134797874
0.2222473376999707
0.09840066017157087
0.0
0.1350559208686238
0.06240186886903798
0.06153533148710423
0.03007008969942211
0.11950999117276
0.16224730532256845
0.10853102938599501
0.15426516415712166
0.07257184732206536
0.03586592475493738
0.0
0.0
0.05827947701159505
0.08906970172107642
0.33038423983302195
0.11441320125828466
0.1451500507356986
0.05200729831228482
0.17596496732411426
0.0
0.024764454166226302
0.0
0.04574233274244899
0.0
0.14723586298989247
0.3106624567061163
0.24362239325376303
0.02556437882557343
0.035924877162245246
0.4890916902099478
0.430283730366409
0.0
0.0
0.0
0.0
0.019135110560505986
0.0
0.0
0.1995840880778733
0.0716000625853399
0.301539426102982
0.28612512806523466
0.1411510210459781
0.0
0.0
0.0
0.0
0.0
0.0
0.12228641888955871
0.06479633504025292
0.16824988813984595
0.20515740786590744
0.2656159598498034
0.1545179687507154
0.019375606102778862
0.0
0.5415998038222866
0.23739873079192517
0.0
0.0023573804441853357
0.0
0.0
0.0
0.0
0.0
0.2186438213784668
0.1012772088051661
0.0
0.0
0.0
0.0
0.0
0.006635986047476437
0.03154320074907789
0.17476032996435736
0.6857830686607268
0.23020593563432745
0.0
0.07987524530764246
0.0795489690269411
0.07980551881269114
0.07572436367546759
0.045567029474928175
0.061415498937295886
0.08740718435205881
0.26044988806502145
0.0
0.2546690276897703
0.08423289419268837
0.29082380139775305
0.13313855412253456
0.23713541896410245
0.0
0.0
0.0
0.0
0.11900348992722086
0.0
0.09071529557471526
0.10181078974923538
0.0
0.19995930847278517
0.10038765935237678
0.11616614223961556
0.09514375297009309
0.17681328147200417
0.0
0.0
0.010197614181846483
0.0
0.0
0.1599080195315478
0.20343680835245345
0.30906872647696665
0.18875524171245905
0.1286332633270613
0.22819703056381188
0.038488751632330113
0.23970528358546087
0.06849858770571422
0.02286961320006737
0.21396680742716487
0.0537044121247786
0.0
0.13456907907455168
0.0
0.0
0.0
0.03264936117004129
0.38895226313170395
0.13457363359024416
0.14250150362895853
0.13924393461624746
0.02563418698873046
0.13644468963764134
0.0
0.014390867167294309
0.3326657093681243
0.24387926134180818
0.1918135492016789
0.05322768018794084
0.10497742889203343
0.0
0.0
0.05904522709366431
0.0
0.0
0.0
0.40892888221625534
0.24695509893268372
0.06644169725618966
0.15683312632610608
0.04954230183823169
0.07129863226162787
0.0
0.0
0.07962893894505331
0.16640873557716898
0.0
0.03284386958797377
0.15300208422432457
0.34078332442229736
0.0
0.0
0.0
0.22733273623060568
0.0
0.027101638563757646
0.0349716968342562
0.23691947236251323
0.2765575150482263
0.2246272349421483
0.0
0.0
0.1327862506254548
0.06703588404865429
0.0
0.0
0.05304399173953639
0.15352872232297288
0.21956837721571637
0.08649862101368963
0.08372468194511748
0.17888910581028142
0.13245463380314687
0.09229131456473569
0.0
0.019239599325540115
0.0
0.0
0.05786943659375963
0.4085452003954603
0.3370598376293758
0.09932270744074317
0.07796283474334412
0.0
0.0
0.0
0.005033653185720737
0.2530766757339496
0.10020049108974279
0.0830219096028122
0.32967151702322556
0.11245034278665919
0.02428770192731943
0.09225748619241923
0.0
0.0
0.0685758998934784
0.13776682334325988
0.16899491599180105
0.3179839768307588
0.282117956221108
0.024560050541596108
0.0
0.0
0.09834686317391264
0.28688354899160134
0.4649851712505822
0.0693464955187565
0.0
0.0
0.0
0.007021552877483702
0.04841308242106375
0.025003037517228537
0.025056792992673178
0.0
0.016107117411646263
0.0
0.05735613702149651
0.07856111900031247
0.18649260544020993
0.042002221143785365
0.38436107415648957
0.21006236336081566
0.0638391906418279
0.0
0.0
0.06457187916312179
0.0325131928483766
0.3239332737154891
0.3215729934152607
0.1591132583725245
0.03445595979556743
0.0
0.0
0.14653023791517664
0.13013966861301052
0.0
0.1413312012432088
0.18872173770635262
0.0
0.20268211468209765
0.0
0.19059462822269743
0.0039669703185215115
0.14294929897036723
0.5238652148252767
0.04202929990356505
0.15415392493384544
0.0
0.01330562337905443
0.06885454265361306
0.05087462914445566
0.0
0.09284404606237437
0.07012868067403186
0.0
0.04367016844863798
0.20714412356131587
0.10861403123388769
0.14277641315678502
0.14020945355399034
0.194612708840374
0.0
0.0
0.0
0.08707847607650433
0.0
0.07563108308667786
0.07749011018925735
0.44882159027192164
0.05153846922139031
0.21524163450361408
0.04419823182612829
0.0026771864201313514
0.05986370885979213
0.01893056801769807
0.0
0.029931854429896064
0.18476066929630372
0.14425357373178765
0.10840628967299584
0.2573403874533456
0.1938350928214296
0.21381893812203012
0.0
0.1055316649482272
0.06425607611898683
0.060540420080682326
0.15168773467924904
0.09698779824605186
0.06615568127037916
0.11983533781184122
0.12118571863987386
0.0
0.13077402521775375
0.035213256975853154
0.12415681891254939
0.11289756134821353
0.19462422144858377
0.081837623284086
0.04155713528654472
0.1566354730119165
0.12230357365868469
0.12162352779667747
0.0
0.043323915954506104
0.12842185798887001
0.2528070482332517
0.3906219858802786
0.015212042147675714
0.04081819502867611
0.007171026097534011
0.0
0.0
0.00498102690731134
0.22358950032002217
0.08624194272889543
0.1967882641507209
0.30150806054315243
0.09589239988631282
0.0
0.09099846009150926
0.0
0.0
0.0
0.1406494659519471
0.850257727087373
0.00909264819615456
0.0
0.0
0.0
0.0
0.0
0.008730832145384306
0.0
0.007983047667701117
0.0
0.07160062484539785
0.5663520037295248
0.2573434976502103
0.060592921509808134
0.0
0.027396837249157813
0.4560193280817379
0.2518272366193011
0.01825997636613432
0.12220595919655182
0.010082385596292974
0.01568451028834972
0.0
0.0
0.0
0.12592024738548727
0.010446839404598021
0.0467196836493113
0.0
0.010653727096310444
0.006091501308019172
0.0
0.031181284335839558
0.0
0.786247507342846
0.10865908751154332
0.11320880486320681
0.03321008770212877
0.0
0.0
0.0
0.0
0.0
0.056239797947793504
0.23480464514116361
0.5625364959359056
0.0
0.061391241031828823
0.20551904890202688
0.13111355522900725
0.09169248762571842
0.35494435388050993
0.0984148756833547
0.0
0.0
0.056924064308777056
0.06673572723850406
0.14364762709037396
0.021976059789603902
0.05482791042751656
0.0
0.08435685645087129
0.34402903110311955
0.17314396349486852
0.05758963221436307
0.05369263721145342
0.04010951237613905
0.018626423249807286
0.0
0.07873841063127963
0.0965768144986802
0.4481579002117204
0.1766510782607985
0.040697657305407475
0.0
0.10044181808273354
0.007912933059494325
0.08314837026451415
0.0
0.08142801215347278
0.0
0.1001575696878143
0.06026310236724658
0.275970900547115
0.20296664771099132
0.18815213450380006
0.2192379929551778
0.31169649005392236
0.31882379554750834
0.0566450988991564
0.0
0.0
0.015303897554645222
0.0
0.024978661096452744
0.05331382191726863
0.08234256110272344
0.061675444790237
0.05585603809760841
0.08824640193380869
0.37247435656053196
0.01338732076798391
0.10024932400456786
0.07439008953801518
0.0
0.1513779850859268
0.06598267073898635
0.02899090690385966
0.0
0.0843988438932317
0.028627632267509067
0.09481984765677508
0.1226540509982164
0.14179776798843993
0.20721728145285967
0.22551068087573195
0.045289570862619706
0.0
0.0
0.0
0.2510916587438291
0.24646749919914993
0.2540787511367745
0.14971073052584824
0.053361318174393234
0.0
0.06292343367901156
0.2224651635999581
0.21419660546715535
0.09783681538522483
0.2725759030029404
0.020348230432889903
0.042527587549512205
0.039731192189420644
0.027394644772410194
0.0
0.0
0.0
0.08018323294125305
0.05048350526072677
0.3020431823905271
0.38585988002526056
0.04676457010034266
0.13466533289966398
0.0
0.0
0.01120342726205865
0.0
0.003499362415878365
0.0
0.5269327165522073
0.3207815866483869
0.05792475569506538
0.010498086786737899
0.030451499813629202
0.03870825552316425
0.03298042691529852
0.07753041501996782
0.07191223446686097
0.0
0.4882022262610894
0.29769417977112966
0.0
0.031680073330226634
0.0
0.0
0.0
0.05284041476704514
0.0
0.048632094194706176
0.026138966083089053
0.17303877696490375
0.24099683162126354
0.22591263796464775
0.2324396376202058
0.0
0.1055496575526676
0.0
0.08693580412399031
0.0
0.3893284764213746
0.1197495581014917
0.0
0.08643524517865687
0.21200086284140035
0.0
0.0
0.04791305158758531
0.02288068577881055
0.4126301811602093
0.27519716392581134
0.22672784417203515
0.0
0.01465078736698032
0.0
0.0
0.2790611867520135
0.23140735358095563
0.14102245946613234
0.0
0.08456253228664568
0.08941990294306457
0.029526847885277957
0.0
0.09775640496493199
0.04724295405535985
0.23990872587454573
0.039012276279381704
0.060498946812167664
0.08013687851719693
0.09673270736757963
0.0
0.22118224850015478
0.06145974746952146
0.1314671239413453
0.0696008635683476
0.28316694213205285
0.11513841657705383
0.029796628791611445
0.009863947167980993
0.168887838508612
0.05677127748762935
0.1487526610861279
0.038740328228108745
0.03936320415731409
0.10951836595678663
0.07815478727486001
0.255566809414137
0.037630124962286585
0.07597931541326386
0.16148150251131016
0.03475035506464215
0.13411519674983263
0.04184903186862681
0.0
0.18047250043979118
0.40278447653176774
0.2448717887308689
0.18391983990671013
0.054893820619713395
0.0
0.0
0.0
0.0
0.0
0.11352965576631564
0.15996433656026066
0.1770416746328748
0.3941156027698287
0.11095110428931346
0.0
0.020235420702733126
0.0757152044053419
0.0
0.02591398268593268
0.03606222147594685
0.1984760963307188
0.05574291127288102
0.0
0.07745732281165454
0.06487566161980003
0.2568290683596083
0.1682555575753824
0.09468903705887159
0.0
0.08367354977331554
0.02242248675425725
0.023072547471256418
0.0
0.013097045149017056
0.05677702000516999
0.29631768972302375
0.19235645032371934
0.048275019204301245
0.21107434588112867
0.13660678747308164
0.07701345081494702
0.0
0.032171650815488124
0.06970431810420454
0.07773213152430132
0.09305526854807572
0.07805281717283208
0.24225785372421704
0.17183051721850248
0.15818170912876034
0.0
0.06401517865427336
0.030385011455011178
0.005460225536896048
0.07969871901934551
0.15300882080316577
0.1436083100167962
0.3193555553407528
0.20446787393788382
0.0
0.12100805208812081
0.19223646046639015
0.015489868782374069
0.01806413532078381
0.10311823671151296
0.0
0.1670317210909264
0.24324519561850325
0.0887124658847372
0.05109308954322382
0.06540062409753689
0.05989906354103699
0.17187118786157066
0.5473517373081244
0.06295546413172048
0.0
0.030556232726321502
0.019521660983512115
0.042443684252721436
0.0
0.04885688200567083
0.0
0.01650704047648071
0.0
0.4045105147728064
0.3885426391491125
0.06825995342257418
0.005551918522549001
0.06777077405488421
0.0
0.0
0.0
0.20993712206736564
0.4625677378113058
0.23904046490030512
0.05509786391113672
0.03335655432535932
0.0
0.0
0.0
0.1925229182671538
0.0
0.0
0.0
0.05702851286352435
0.1852100108939459
0.30029432648083804
0.07056478459005289
0.10916563423714641
0.08521354250833371
0.0
0.1383681323509678
0.3742110197165997
0.09580556772457571
0.09991744357998217
0.2916972624206565
0.0
0.0
0.0
0.0
0.03721651614046135
0.040568303319635506
0.02350058909338092
0.0
0.024195336003413205
0.4665835968197578
0.29596121795992386
0.030641017721634942
0.04793198269961227
0.03340060937092297
0.0
0.0
0.009231176387383888
0.197340144279405
0.19291920673057847
0.478587579630682
0.12192143141313819
0.0
0.0
0.0
0.11201319377097659
0.0
0.01690377237761914
0.0
0.0
0.10927840865032533
0.04230653239304477
0.2721342052734408
0.1698330063907
0.27753062348361723
0.19652817291362532
0.0
0.034466428951888395
0.12373891117115353
0.0
0.025969246946719076
0.0
0.050864253990458505
0.3422139814476031
0.22621879111265525
0.1602800594360199
0.0914572499615033
0.040989666597999484
0.16113161032327772
0.0654384855976567
0.21472956750197228
0.046465648435703416
0.14420106641419322
0.07530614630312159
0.0
0.0
0.23470572281329088
0.41854468157030145
0.1552370450976035
0.03373542862663362
0.0
0.0
0.03330611539696478
0.05333477336141272
0.07113595935920858
0.06244160927844632
0.25960819555853465
0.0
0.0
0.08274944999901879
0.08927679953107558
0.12496558808844588
0.22817323993150984
0.10493358245909029
0.0478507135537463
0.02026145556966433
0.0
0.032670614976097315
0.18145254539876293
0.18690579179287775
0.390689179044047
0.05267978405414903
0.06078436457410184
0.0
0.07455554823970138
0.02820104808640737
0.0
0.11333558891080756
0.06492895551393897
0.18705990483939855
0.0
0.09345917632491794
0.10023573996282822
0.3728112887136484
0.03996792025616711
0.06719075645729947
0.0
0.29348571007621393
0.4651883339377031
0.11564656193615615
0.046341523432327045
0.012146435153958942
0.0
0.0
0.0
0.008844854536957429
0.04909307910886211
0.15094138935298332
0.389932967609263
0.27435833096583717
0.10965709574344429
0.0
0.017171849027971836
0.0
0.0
0.054819311441464985
0.07938308176679905
0.16004572810215056
0.06499042238615717
0.16092411422496428
0.14070629755147815
0.14251969188355082
0.18620779762023643
0.01040283371646006
0.0
0.0
0.029456767136825962
0.08157258371350055
0.0
0.10360216378169593
0.19140294403388236
0.27504359666346884
0.1352090660235395
0.18371247808787525
0.0
0.11893407664223893
0.14005056408962746
0.030767911570477417
0.15021977656821814
0.03585256963914193
0.08977892659535303
0.1611741003312252
0.13901875537376368
0.13420288441369327
0.0
0.018365584088263887
0.0
0.04727131660816274
0.054860793892365034
0.22229957929688324
0.38042724037078296
0.14857485706194268
0.11508947437790833
0.0
0.013110704080260514
0.0
0.0
0.0
0.0
0.17366621226008375
0.42839762105345536
0.20200886617397595
0.19592698137050513
0.0
0.0
0.0672486711325381
0.21905171513550867
0.1068183215164854
0.2707679421714617
0.12312607149941973
0.09177832299011617
0.04447311337060654
0.031125891861945976
0.04560947230980812
0.0
0.0
0.07794507787902799
0.049884445074722956
0.3362373087989293
0.4011113889938186
0.0
0.0
0.019286938515301003
0.0
0.11553455759619986
0.12212056368924047
0.0
0.2733762430680356
0.3121906670962837
0.15121864542572003
0.08194299534574236
0.0047401868458922984
0.0
0.003351818175827265
0.051058505608608154
0.03352038074462566
0.054049991095182104
0.0694617787219073
0.0
0.39927051239117245
0.12585499346363652
0.08456645532264416
0.16205205272872958
0.03106425102282897
0.0401586755603231
0.22494676975968209
0.05136336716951277
0.0627542860932815
0.0
0.2995011335066345
0.0
0.13175152248967006
0.0
0.07671509239071397
0.15296711630872897
0.07671094542055429
0.0
0.0
0.11838120386445063
0.19187340220254107
0.0
0.14065482431545834
0.12204882400000723
0.21478237908484046
0.13554798091293074
0.12844543693418461
0.02863997984538305
0.270103139920075
0.18851009637017652
0.0
0.053089214267804934
0.042533561031039925
0.2630173815532631
0.02566081271318398
0.0
0.0
0.0
0.047630319224351084
0.0
0.0
0.0
0.09163737158324992
0.6499054112840648
0.157662380807772
0.05316425830126871
0.0
0.0
0.0
0.07242827531668283
0.03813967184119271
0.739466574076664
0.06866525125902655
0.037812225599227645
0.04348778304595242
0.0
0.0
0.07460476324559258
0.07386199923838717
0.2860407373031349
0.15609676683597443
0.0
0.21448365725745203
0.1346433024247664
0.0
0.06026831732600217
0.11956430397621738
0.07280421826108616
0.25158321215674767
0.07661702580885936
0.1499136941943358
0.0
0.186958860171144
0.017383681337419545
0.0
0.12517456950216313
0.036934651496817655
0.23182143427416807
0.09648765655985587
0.04650490629361189
0.0
0.1427507338831126
0.4455002175380885
0.0
0.0
0.0
0.0
0.0
0.14995423649275538
0.15485938728471205
0.19741584229897718
0.06259500619926718
0.0
0.05322179864473025
0.09492882916109852
0.28702422959963175
0.042090276117918365
0.0
0.0
0.0
0.06428864233255448
0.39106364879805083
0.3198304396345273
0.1827266353388861
0.0
0.0
0.05812525631394694
0.0
0.0
0.0
0.048294146799047984
0.2532297908852796
0.24583884196339767
0.30539756795467055
0.0449017265105747
0.04421210042111067
0.0
0.0
0.08116812589197415
0.05133522866137226
0.03592970387530756
0.03042890247193281
0.3957353865589576
0.029538106994954197
0.2757841207857595
0.10007967880988287
0.0
0.0
0.08271769802133513
0.6555211683100723
0.03696643637674491
0.16672131249492292
0.0
0.05807249961130177
0.0
0.0
0.10098347752756694
0.050938406482873504
0.060070120032064106
0.0
0.127501142287272
0.03786134984992815
0.3501206614488129
0.11595489302333516
0.15656916329467235
0.0
0.11560241919062406
0.1720347511401178
0.13597691527350686
0.02876394334778378
0.02621276644322035
0.16862850902007126
0.13361699912931851
0.14538645658201754
0.0
0.07377694230823263
0.0
0.0
0.019198582052990142
0.0
0.13649217156867194
0.37579101864646003
0.32274575811625006
0.118621333668445
0.0
0.027150895964910698
0.0
0.0
0.0
0.060475688102843955
0.040840201288912255
0.12155500338257519
0.6914747312610768
0.08565405098790387
0.0
0.0
0.0
0.14203087144561605
0.14865395005749707
0.24508279892090565
0.0
0.24854885554928502
0.16825027722707023
0.04743280632480796
0.0
0.0
0.0
0.05301736277974879
0.06360510684941327
0.05309597078305597
0.30988650307052523
0.3801231026101927
0.1258310318481818
0.014440200048890534
0.0
0.0
0.04846610069250234
0.058870054747185444
0.0
0.05117143880250943
0.19192659985527338
0.22963152848493798
0.1700013008963185
0.1389253153531295
0.11100711267879801
0.0
0.15716193983855314
0.08174596460085053
0.01819938909856588
0.07200812542541253
0.11460539599157878
0.10556590116622286
0.0
0.16126372559634228
0.11888655891548042
0.1705625713533599
0.031488743142440975
0.3858506298878241
0.0
0.4340704257456022
0.0
0.0
0.0
0.02868133950367392
0.06419680375190094
0.05571172076118837
0.13911178079557324
0.0
0.14539820610601042
0.5302381809452533
0.0
0.05178029505487683
0.07897632857957582
0.0
0.0
0.054494737086941664
0.07295530355239346
0.0826988540318255
0.2680455125227864
0.023304717832277857
0.0
0.13127269778733708
0.15745743396612213
0.11569689486788534
0.09634110750318146
0.05222660942064519
0.06578527425553306
0.25387265989041635
0.06617281543974571
0.0
0.1957531012604243
0.19265775997042092
0.07240044976122431
0.0
0.041851366071504074
0.11150594126738277
0.11368857412936469
0.18284272295037818
0.17893911518806896
0.18012197937366817
0.0
0.0
0.0
0.23764915087618746
0.019535235338350585
0.08722290150623507
0.0
0.0
0.0
0.2569569069484564
0.0865902929850138
0.4265818259454094
0.09089751118459558
0.014865482682488374
0.12410770702105013
0.0
0.4888842010617582
0.13757439153879125
0.052598254828525814
0.030461657427610127
0.026938066872405884
0.019928659093042103
0.032198781915884746
0.0
0.0
0.211415710475061
0.0
0.0
0.1222500969390384
0.14132065089545942
0.1265295549114991
0.043396081002406856
0.15298003713185657
0.24542836055141845
0.1263574361167037
0.04173701531007406
0.10131048864927106
0.16629904689605174
0.326967087878845
0.03737509606073594
0.0
0.052137196684540296
0.031330556676516
0.2529490637792762
0.0
0.03163037718314197
0.17395263998104468
0.0
0.09444428293042237
0.03078873529729398
0.11978693259592536
0.17417157761086044
0.11039192002317345
0.18843407393537012
0.10802902627145082
0.0
0.06718161177837983
0.17236773498654234
0.06879731382160811
0.08397761352561428
0.16680505479445362
0.06752391583477638
0.0796255895651069
0.0
0.0731353297269262
0.22058542423539465
0.1014199837513272
0.13768311159490046
0.007050121761140348
0.0
0.051754277083343625
0.0684059825836658
0.04729365932369292
0.210129357267131
0.20988023472502088
0.1663828564773371
0.0
0.0842064622592222
0.0
0.05593075070842306
0.0
0.2789322844064622
0.2690790340202514
0.2856157996388235
0.026235321349501246
0.0
0.0
0.08200978438064398
0.0
0.03268695636215379
0.1390263833702769
0.2707191429061189
0.2132280458292072
0.15016311053142758
0.11216624189268362
0.0
0.0853996442032484
0.0
0.0
0.0
0.43298012005576064
0.12100301368895945
0.021401090622121283
0.09542116877048053
0.1273284004674948
0.11646613519371388
0.013674978427104823
0.06090720537986026
0.2572543442259223
0.4706969252911899
0.1296099815473553
0.04826463115291706
0.019591732873028435
0.0
0.0
0.0
0.0
0.0
0.10097360027666506
0.16577800466454243
0.379901285867099
0.07836357078345912
0.17720066105106175
0.09778249502033882
0.0
0.0
0.08871708015909455
0.027682626427487433
0.14741253470284588
0.1089206663747215
0.08587898216470007
0.3358955937036231
0.14511940323176598
0.060372566109852
0.0
0.0
0.0
0.0
0.16664354430901773
0.0
0.13601984315823976
0.38792140420791266
0.036466435990895815
0.13712723764919763
0.0
0.13582113566158902
0.0
0.054325584746601534
0.0
0.2135672191190319
0.04504550317513692
0.11666061796339719
0.25009727574904345
0.24749896092830515
0.07280452281314699
0.0
0.0
0.0
0.0
0.10221610085869604
0.5729409363835376
0.19282718382087694
0.04642853487521798
0.08558695744392754
0.0
0.0
0.008458264011513741
0.0
0.0
0.22837262478924647
0.0
0.40929089125468965
0.08619231493356037
0.25373575642251245
0.0
0.01394972567528309
0.07046469168295687
0.03225316517725188
0.027206430705832018
0.04427756550779497
0.0
0.23069916837599933
0.14685291323519284
0.056857972617884514
0.26280985124596934
0.12857774138701236
0.06428238841313921
0.0
0.08859005401920667
0.07169223196092642
0.10584247933302607
0.270147285414455
0.2866397350095088
0.09326733111203524
0.01953776660813901
0.0
0.02713333497235194
0.1659235445602686
0.0
0.033971624035988496
0.0852214095666762
0.08225110697799394
0.06982088514420107
0.13663483635847912
0.3027490287375586
0.09629311447332954
0.04833567335324874
0.0
0.10657075007027471
0.0
0.12755146172450416
0.08960395100761609
0.5181637995055971
0.10977372834304923
0.0
0.0
0.39814477781389424
0.055729546804365995
0.0
0.17183979077814387
0.04862436555056247
0.051472290174326314
0.09711248493104929
0.09297304167717586
0.04349095417279061
0.040612261854035846
0.0
0.04782024412463939
0.0
0.03292479946696205
0.26485621123640973
0.30885303878432174
0.0
0.07204681541561904
0.06962394409421048
0.2038742436389608
0.034908457760554915
0.0
0.027141062491902398
0.0
0.05663169795835708
0.07387616238365358
0.4341456212993993
0.37329658440122127
0.0
0.0
0.03604628200220269
0.0
0.0
0.03481760723439185
0.0
0.47539220549325384
0.41180568638647636
0.04193792953957158
0.0
0.0
0.024382461233325714
0.0
0.0
0.03044042375659327
0.11978659309610164
0.022050981969907353
0.7274351105413
0.07590409075749069
0.0
0.0
0.0
0.0
0.0
0.07402165983388478
0.1571224706175105
0.17421683924414316
0.1743374179640235
0.0
0.28189859454640503
0.13840261474668916
0.10317685079734593
0.0
0.1885013577465055
0.08352857819467936
0.21938875988521533
0.028809874446389744
0.17534904297902507
0.0
0.16335874993135538
0.03788644108379124
0.0
0.010449457126770858
0.0
0.0
0.15188326848504183
0.33122858053963117
0.1122367730945943
0.27793445848132936
0.0
0.11626707284436211
0.0
0.0
0.012670969065647648
0.0
0.25679757787114194
0.521376861801284
0.16829159933977147
0.04086264833226204
0.0
0.0
0.0
0.0
0.022956588846768457
0.0
0.06076355798641626
0.09806586159402371
0.454281676768966
0.3191692849028675
0.044762769299703416
0.0
0.15744745489215473
0.0
0.0
0.0058104609445767275
0.08004950239057183
0.21207626260780651
0.1779144218347694
0.3667014379728792
0.0
0.0
0.09968525857008305
0.04983944465693643
0.0
0.0
0.0
0.08036382854941403
0.3531370018183405
0.2712353780745758
0.09631398657099154
0.049424687579863305
0.0
0.0
0.0
0.0
0.0
0.3479592129667002
0.3010509299123564
0.25777476503724767
0.06440942679707391
0.02880477208854219
0.14701256549041347
0.1552149703080557
0.18799815874848164
0.26728196111824637
0.08376848296586327
0.08455642618473859
0.07416676655370286
0.0
0.0
0.0
0.036761258082778324
0.0
0.19791749292541494
0.2463968798473877
0.01976297555150462
0.14640492914501949
0.20684048869267146
0.10915401894577594
0.0
0.036761258082778324
0.1345469585544325
0.035841508830497325
0.0
0.03507809685702774
0.0
0.053659171256595084
0.04700988754710404
0.39498961822063783
0.2044076667492625
0.094466537351029
0.06457564913750256
0.19338510690748995
0.0
0.0
0.0
0.04629172729137357
0.15287379550400346
0.21209156647976546
0.1846527512891308
0.14612902287507668
0.05652110448295318
0.05199854030621175
0.08157349973663325
0.17635414619401474
0.4457594773400368
0.07829640620389668
0.03185428690895525
0.03199575925132237
0.0
0.04564634577255349
0.15410079089024054
0.05703720542401669
0.11498264543032624
0.057435321816524026
0.13974486343207576
0.22834318432075756
0.10606608146257566
0.05302387278823642
0.0
0.08926556635076491
0.21133824929836498
0.3898046061744527
0.09306430027456711
0.055078099528278864
0.07059235020344867
0.004533167627856556
0.021382909184122962
0.0
0.0
0.15420575106294207
0.10775584153769552
0.07686094433103789
0.12141331860436717
0.041220019346926366
0.13411927736668855
0.14747433219666525
0.028921881887253365
0.1197035743767776
0.18530911821073656
0.03722112052300717
0.054212257479170134
0.28485104547797496
0.11501258401590411
0.04587959530143511
0.2965042392139868
0.2035399634091847
0.0
0.0
0.0
0.0
0.0
0.17006682829646477
0.0956246678915432
0.195008437256853
0.11436512979213682
0.35539215497564974
0.0
0.05223013218927506
0.017312304180022935
0.0
0.06995660894079483
0.0
0.0699222932346076
0.23591242848724042
0.13147828525534624
0.16930061861059878
0.0901416999142097
0.13316583377878635
0.03640356167459573
0.06371833239733578
0.17167555160105286
0.0
0.04974101953673048
0.2598485792060715
0.33630454323978815
0.067291549431237
0.06662525592849969
0.01726320309952591
0.0
0.031250020526907216
0.22119701669689568
0.0
0.0
0.1624273692996138
0.13738303568976412
0.17202246718029518
0.0
0.09839008252159964
0.07466575235310298
0.13391402792412965
0.034941419852128376
0.0
0.0
0.10921479057558175
0.4034406909251132
0.2901868566450323
0.09591487390604791
0.06040112722732795
0.0
0.005899951599836164
0.0
0.035713529411577724
0.0
0.07808311375429018
0.01717723636351641
0.4685508777059418
0.36359873313797914
0.0
0.0
0.03687629728677897
0.0
0.0
0.0
0.0
0.0
0.3405184242929248
0.49119854454575473
0.1682828266887979
0.0
0.0
0.0
0.007681288518085801
0.03882145977629687
0.2636785599558034
0.27809199341010593
0.41172643203894216
0.0
0.0
0.0
0.0
0.3489275379520234
0.25090607012299343
0.05993388645476277
0.17179875071250506
0.025800898289220053
0.12411925584599305
0.0
0.0
0.018512958801134256
0.0
0.09326038112444221
0.06352668555777304
0.041707311481240635
0.0
0.050222253895278554
0.4281097297683492
0.0
0.15702658791156207
0.08823032344043369
0.07791568413814917
0.024714110710001354
0.06635077923567562
0.14836227957084575
0.2111590583003239
0.0
0.17906593483015878
0.015789266690301694
0.10997225165864133
0.026888152235627977
0.21769728412161632
0.013530125198598367
0.0
0.0
0.0
0.5412435387281457
0.34386918441763015
0.0784274130370537
0.0
0.022929362781775993
0.0
0.04871837720135069
0.257413876910182
0.31833642703529963
0.21510066692072852
0.03985750495582594
0.0
0.05426200612438203
0.0
0.06631090367238855
0.0
0.04773071460746361
0.032315084139953244
0.34744077351716485
0.34774755248388384
0.09241197466026652
0.05504696989423043
0.04557199785193919
0.031734403938387105
0.0
0.0
0.19749307677349207
0.0346232320912847
0.08940538009184182
0.01596052004105951
0.07137761406964792
0.01642323958723555
0.06151106716593131
0.2081869870478196
0.21402923365500773
0.09098896517501505
0.10828809244582994
0.0
0.0
0.056547974753551174
0.14898106727098476
0.35102169366607194
0.08831129321071254
0.07771775200506915
0.09236228053373899
0.07676936764930295
0.023752159512311768
0.0
0.04614027601852975
0.04705403134975904
0.04253922892991516
0.1909946658000139
0.2299456289660523
0.24112087256464038
0.13809606378255293
0.04035625742371096
0.0
0.16583500209091415
0.43631025482922486
0.12036790961696447
0.0
0.05661973418716184
0.1099272271152777
0.11093948633997473
0.0
0.0
0.04976883779965175
0.09102491905775839
0.13358589472771618
0.0
0.0
0.3204849414918994
0.034937173810510674
0.10892314454612192
0.010912540216186225
0.25036193832063547
0.25574508604894064
0.046376240906454536
0.057571876601131305
0.0
0.06801174747768866
0.15897464678655934
0.14825565926135595
0.10374975669523843
0.0
0.1613140266913926
0.014803701658804538
0.040232689424323904
0.026060447237194948
0.0
0.4139647096026308
0.21241291854959096
0.1529162155383896
0.10996492543623647
0.02964402429696641
0.0
0.10877943688757725
0.15065025221705644
0.1370460180769952
0.10078079306883857
0.06298114797861301
0.26276892483018827
0.0
0.11479929700387864
0.062193302382994545
0.0
0.0631544467994008
0.05062841692488635
0.01661959171919981
0.1419978554041711
0.23997652026135663
0.21704445394319619
0.09145307524643029
0.13452976471876255
0.04459504400302276
0.0
0.05249206032347883
0.012009854174786784
0.08044098551389867
0.2768159024300977
0.13530742864530235
0.19789566802471484
0.17615440450094202
0.0
0.06888313884330709
0.0
0.0
0.09607752209425882
0.017706533223966606
0.0788608181499161
0.05069365493101545
0.14139669622662687
0.2764177337947489
0.28055979039675144
0.0
0.058286684410416796
0.05681215212976833
0.2342001986472525
0.22286992482085763
0.0
0.0
0.05921846412828259
0.05090217309272732
0.0
0.13818119193332376
0.23781505977497125
0.02093050828152361
0.12196640177610135
0.19339548265725467
0.06322607572907275
0.0
0.0
0.039850502839770034
0.10746859784379945
0.22365912156611553
0.2295020011495658
0.07590351038129657
0.0
0.18592270857513488
0.05367188772917355
0.22227071682728525
0.036818611131625364
0.15343519247128165
0.006508672332479668
0.1196604844632822
0.14580706550681732
0.24907294309922837
0.2836066773453099
0.06423066830518051
0.26590104805741555
0.0
0.07831351349380507
0.0
0.0
0.0
0.05887412171229765
0.040150715096598906
0.18000122574321298
0.10889995351492943
0.24408064605521118
0.28751359804409277
0.08038434262529526
0.05896860640440235
0.0
0.0
0.0
