0
0.09232802702490175
0.03251704897306165
0.0111457864952023
0.007157206722058452
0.00444049092230452
0.00631227843056513
0.20617893039340107
0.015455932154607407
0.0007916883797650868
0.0034579518755474886
0.05374670275444849
0.10688244010162538
0.11925689439463533
0.05931251747176331
0.00969523502355482
0.01639623649969415
0.010151598346069574
0.030248549520112657
0.03397795604883744
0.09854327880288294
0.039373789542724
0.019025696558042322
0.014323085437274863
0.009280624872197154
0.20755787327644504
0.015559302792939557
0.0007969832615203789
0.0034810789628769087
0.054106165445951024
0.10759727929406512
0.0980484112545091
0.08617702273301159
0.013015955688045273
0.008711523103383427
0.026934101748569767
0.04414550763604985
0.034205203617658
0.09920234494857383
0.03963712492216754
0.019152942095758557
0.014418879496780727
0.009342694510415273
0.018505268702713074
0.05647420459300369
0.023303846327604096
0.008243454920569316
0.003858829432689234
0.007523947623804663
0.12953807078343263
0.1138540148469867
0.017196217334469983
0.011509354225723818
0.03558437647437101
0.05832347326960083
0.05105513055780306
0.04372386724429447
0.04755079078057655
0.029134808778791807
0.029376686649576763
0.04652656969876114
0.02444850228991595
0.07461170883245836
0.030788212236050775
0.010890959204110873
0.0050981480862078024
0.00994037177546236
0.1032985452177815
0.04213907527515978
0.016973965422704972
0.014952304199024016
0.02168179595853215
0.03180298002939659
0.04297452711158447
0.03680359834132423
0.04002482659923101
0.024523581001080385
0.024727176349915538
0.03916271115328381
0.05642085182303638
0.09958957586934694
0.08012618232968285
0.04712142808834721
0.03141910589359998
0.04473926272345042
0.08694926608840715
0.03546963474746576
0.01428746003152951
0.012585771403603008
0.018250172275886486
0.026769455147218294
0.03315313888224212
0.016252680930211465
0.02134531935867404
0.025342118621898155
0.08146395248025397
0.06049814313014559
0.05188178249739277
0.0915775736684542
0.0736800142084654
0.04333049934648428
0.02889143225534839
0.04113997968325694
0.10924192147219955
0.1093984136771648
0.011686680966795
0.01604168618478302
0.016752516159990835
0.017033423902792052
0.03048596192750239
0.014945149351262937
0.019628083953386073
0.023303339880232407
0.07491016047072188
0.05563105486636435
0.03062176853147388
0.03340163307042943
0.048411505636023755
0.01746555376694883
0.02237821800578761
0.01816159169448532
0.13290674469418784
0.13309713744132784
0.01421833946752322
0.01951675933096629
0.020381574749468084
0.020723334882867084
0.11070090248831388
0.07612383164808212
0.021282160367540298
0.00760293492791181
0.026443478624947826
0.012487345819946509
0.037255290985822025
0.04063735111058296
0.05889877743926041
0.02124907603384853
0.02722595929405164
0.02209589503781585
0.046296367153211095
0.11037956543098329
0.01758077321177833
0.009827724778747444
0.007673625359431492
0.005394983023112959
0.10635493252677133
0.07313531142590045
0.020446651102529335
0.0073044538308877326
0.025405342880798428
0.011997109258066534
0.033664067915197195
0.09324263469612445
0.0378959330891983
0.011262112080208714
0.02617664777768435
0.00857573809522822
0.044478833452457026
0.10604621073424256
0.01689057547570164
0.009441901395932182
0.007372369050236173
0.005183183176549323
0.06599429733076058
0.22212368583193912
0.056496961923584305
0.003304516147968858
0.0030104585718350443
0.004196008150412232
0.032525900821774395
0.09009014288252332
0.03661468852525163
0.010881345103252065
0.02529162701335689
0.008285796222297446
0.03288459686464084
0.038230118234268785
0.051664293087122316
0.04740869116125538
0.018700941865330344
0.012822451357926304
0.0637630596275618
0.21461378326993866
0.05458682488661749
0.0031927919336291965
0.0029086763127448277
0.004054142989833195
0.02862788784310995
0.07698668850317185
0.04752389701217413
0.030100502211476858
0.04228413722938762
0.02595695312807773
0.03254160021971319
0.037831366127210386
0.051125418328694126
0.04691420366379099
0.01850588518444117
0.012688709174203634
0.017262283015741304
0.023628913021436035
0.09552899045003649
0.05915448446470894
0.032174080280175696
0.007339278975409223
0.02832929000650062
0.07618369322944626
0.04702820788160157
0.02978654454577486
0.04184310043446997
0.025686213977097045
0.020097538668854387
0.046982481155896955
0.12937385493865014
0.04896374959815229
0.04923652359842794
0.021793527792064678
0.01789505919246454
0.024495068050188355
0.09903075607907187
0.06132288527713213
0.03335347187575496
0.007608311807609328
0.04728535152723202
0.011689802526961215
0.007388304849535364
0.017965854646364014
0.038286169960335154
0.07095319305163592
0.020834245607839703
0.04870469801282659
0.1341162573903637
0.05075859297086837
0.05104136593181721
0.022592403884004478
0.08051242674536828
0.02217408803550982
0.008349811356282988
0.013479954436553185
0.04888362492146712
0.06127823834945476
0.05719835425206158
0.014140477853668879
0.008937204957915352
0.02173225502853589
0.04631256491949106
0.08582797294306073
0.026722099930702604
0.016099519590042823
0.030113693982055538
0.050291363002771566
0.050677404322960105
0.03039015555971428
0.09739122493405959
0.026822711510160906
0.010100283755308661
0.016305921057170845
0.05913169311584174
0.0741247399426821
0.11887303814727959
0.029352942439872954
0.015721167883533643
0.011960752630667641
0.045189122984986646
0.0565832584270193
0.020955298172786234
0.012625139278830999
0.02361496432220775
0.039438162044594924
0.03974089315452062
0.02383176370579592
0.09125013070069765
0.009932853892535112
0.008841853645911987
0.012123881648442345
0.129594759349222
0.12293046905527853
0.09321946873715398
0.02301838787637512
0.01232843831428693
0.009379544960783612
0.0354370183770286
0.0443722257981554
0.08369048304151505
0.0005554624589123745
0.0023495648817576285
0.003896700989347754
0.020939633871836588
0.13593284147365964
0.071202814877831
0.007750642672924011
0.006899331140595649
0.009460309744062348
0.10112327059942679
0.09592310020571848
0.1124068173779891
0.02585334535051415
0.001923462391263063
0.001101976151356065
0.011913083351471778
0.11366949967344138
0.06530399381658848
0.00043342941352324254
0.0018333741774899425
0.0030406102111661714
0.01633927384801588
0.10606889955054646
0.07546653871903207
0.01820026012180206
0.0025854289109517653
0.0034980987891818976
0.023354504646852944
0.12464788724623428
0.16638255564562218
0.03826765824124929
0.0028470745441570946
0.0016311253409711038
0.017633532377061306
0.16825155533964758
0.06080232931614584
0.02802576767482873
0.007790167335791916
0.011845407877248037
0.0030321512394354687
0.007068523409268145
0.11170421750825733
0.026939698704373218
0.0038269055176404815
0.005177823107363497
0.0345689190355268
0.1845015677840627
0.05112800255356884
0.02858816845942762
0.007839880475302437
0.011929190805222183
0.007243293767488274
0.012974414353989392
0.16113289789971516
0.0801395832959292
0.013099631036798795
0.022153629903376448
0.01371624230296684
0.04087006010159901
0.045909014742082865
0.13314587942818665
0.05319954743512101
0.025706401600676786
0.019352510184745576
0.012539434198485813
0.02207189850494038
0.05375043922525975
0.04892343862274189
0.042073938450856115
0.029420534567560643
0.018806222883784505
0.0969319631872424
0.05445547503983654
0.001495398140344097
0.0018355571372013963
0.005067073504488643
0.004203156651412019
0.07186214412347852
0.20841545893915522
0.08327413617051738
0.040238657856242255
0.03029280597417101
0.019628184849117502
0.03887795264787012
0.1186473694203115
0.048959344962389205
0.017318778516831734
0.008107063473134248
0.015807156553227817
0.1517292137038203
0.08524006053299321
0.0023407715736683604
0.0028732281074098664
0.00793157440885001
0.0065792709940353696
0.011911302280004398
0.006735079117054596
0.003783889884415389
0.006329568883901057
0.009043426749504955
0.004073447646089837
0.03743144172508762
0.11423292102123168
0.04713774113716175
0.01667440810667279
0.007805428354335827
0.015219028242576418
0.15815338828344278
0.0645162767766682
0.025987685872508215
0.022892457650152215
0.03319552552925836
0.04869138319959543
0.011468124908792328
0.006484490676946562
0.003643104743335875
0.006094068043360558
0.008706952869539493
0.003921889086234078
0.18436247047674298
0.019504802045960713
0.0007894636668133785
0.012838823886130247
0.05867290001815295
0.09157511523812403
0.10432869040855441
0.04255930738633622
0.01714323836659475
0.015101416117581284
0.021898017762884883
0.0321201353858487
0.0397797901939785
0.019501267731840275
0.025611823023078295
0.03040750275353254
0.0977469720000635
0.07259051546794945
0.12161797678879087
0.012866688954435828
0.0005207837238122445
0.008469358114702277
0.038704620165300546
0.06040915057528454
0.07676998691962073
0.08376175586566525
0.017694254435999923
0.015022180567579348
0.016061954009991424
0.029312541745427526
0.03929565072350462
0.019263927781397506
0.025300114631058145
0.030037428597541726
0.09655734362259409
0.07170705344995724
0.039470702076264935
0.043053878695104304
0.06240123309856861
0.02251266672020145
0.028844969388240504
0.023409842389312013
0.07583565869329494
0.08274233439730104
0.017478906719702217
0.014839353294989765
0.015866472186903523
0.028955793799556685
0.13203459299847944
0.0341265090508296
0.01264814509742564
0.01569840422096147
0.01596668757848638
0.05195226012379515
0.04439416082558538
0.04842429230832096
0.07018497853268593
0.025320830246655747
0.03244300563887544
0.02632991695776462
0.05516769067304206
0.13153053029343223
0.02094960615658198
0.011710916297589559
0.00914404771261983
0.0064287712601822505
0.14850419799449074
0.038383348953130364
0.014225837344253986
0.017656576777981655
0.01795832500880299
0.05843263154356988
0.10404357069726326
0.03798175321051276
0.02379165988081531
0.01866155339167373
0.013219199826741801
0.025112518988413973
0.04903825065061938
0.11691675025813704
0.018621987348117083
0.010409767777904217
0.008128092697412666
0.00571449869636045
0.07275921247971864
0.24489304542820367
0.06228832828470195
0.0036432540731160864
0.0033190533689861764
0.004626130755697468
0.09248374612372537
0.033761767283785174
0.021148272954623064
0.01658815008542663
0.01175047254282038
0.022322377203003865
0.08753147698342352
0.07654189490638491
0.003050674201106843
0.003270920653290505
0.001968599984744951
0.029223204610240812
0.07923742998710412
0.26669743775545923
0.06783425607923668
0.003967636258078478
0.0036145698941122077
0.005038024730791928
0.035575461276431124
0.09567024192126797
0.05905725798309668
0.03740545780722869
0.0525458844485945
0.032256329419856754
0.09532496357179726
0.08335690879578372
0.0033222952143833182
0.0035621516152435618
0.0021438770177360433
0.03182513320836494
0.004719413882038534
0.005588751200739562
0.011034664276882438
0.011369011661329363
0.005691433299940114
0.0031613317557708655
0.03380406048634052
0.09090655549115643
0.05611663347119051
0.0355429364192819
0.04992947926680377
0.030650197401616085
0.0239814839211511
0.05606206983753762
0.15437596977169685
0.058426227860781714
0.058751716738275755
0.026005231035604755
0.004484421188213756
0.005310471793040957
0.01048521776748738
0.01080291706924686
0.00540804106600888
0.0030039202881753336
0.10386292247287623
0.06438731878155468
0.010085131806193836
0.0428667028456205
0.020241100121193366
0.044509199991211924
0.021684352327736793
0.05069201216139756
0.13958864807832289
0.052829712885132
0.053124023926164596
0.023514249326452095
0.08379760233078544
0.023078864795916417
0.008690511513008519
0.01402998154413938
0.050878239884776896
0.06377859488670923
0.09391413025546233
0.058219804516188564
0.009119100055534624
0.03876059924769722
0.01830225135242111
0.040245765341647456
0.06399425087727661
0.019865886521283425
0.009947773234940442
0.009720426789581538
0.022992598932348642
0.029230553110160425
0.08965305875579005
0.024691527728891705
0.009297771268180864
0.015010343073470942
0.054433416982210325
0.06823519952478667
0.10942804632258253
0.027020720552585826
0.014472051141428542
0.011010417612949706
0.04159864608786532
0.05208746676906756
0.06846592473237739
0.0212540388028998
0.010642885637716452
0.010399653090999614
0.024599233936230057
0.031273072529029854
0.19867972361486333
0.054720862361492886
0.006457778208718307
0.0050507206836091015
0.005905084499328266
0.045612285358850015
0.10234912763099932
0.025272745602764643
0.013535851722966797
0.010298151848716996
0.03890762268726593
0.04871791979733588
0.09188689923204897
0.0006098629274722792
0.0025796748170533196
0.004278333188350788
0.022990404136907665
0.1492457308511448
0.18582709893224944
0.05118096058669181
0.006040023452016955
0.004723988714477821
0.005523083591494763
0.04266161895984699
0.05963450505028799
0.06872733866324872
0.016488029444011974
0.017842897440196154
0.015046371330600189
0.015631693242927215
0.0860042255213371
0.0005708190089097554
0.002414521945911793
0.0040044308324859055
0.021518539843464878
0.13969089828358996
0.09938812063371315
0.023969426440574704
0.0034049649666357375
0.004606935343122829
0.030757476950465414
0.16415910236044678
0.05581665573724593
0.06432735877775411
0.015432452444871032
0.016700580694592446
0.014083090451520765
0.01463093958095135
0.09808178531913109
0.021899064968101477
0.005688776289408982
0.01841430402321085
0.03476408325186289
0.059671384416676056
0.13028419774003944
0.03142063130067756
0.004463442171786077
0.0060390605174135414
0.040318834720372676
0.21519007318366667
0.059632222876902584
0.033343294243284055
0.009143903076238575
0.013913396364209253
0.008448084938448083
0.015132473983190528
0.12857177127141706
0.02870667130472242
0.0074572056525717394
0.024138627547318943
0.04557094618308497
0.07822100264291601
0.05797843924183961
0.010447045872450595
0.007042133839994928
0.017237608709708977
0.008686576631056719
0.018612274825905148
0.035087820640394195
0.08544737420100859
0.07777386431538134
0.0668851755397564
0.04676998853632929
0.02989635781995863
0.15409328462950184
0.08656817358314545
0.0023772427968816647
0.0029179954588365847
0.008055155122129419
0.00668178166346743
0.14885322598212358
0.039577705242720376
0.022099192976852138
0.027574091455643487
0.022130732947590808
0.03861545387086136
0.04883914697636555
0.02599529569945215
0.006215958931347469
0.005401890196330513
0.00529748068900315
0.006845496338212587
0.28752975902342864
0.16153154337197295
0.004435806856677919
0.005444822161640846
0.01503048505151263
0.012467844242293021
0.022572145407082196
0.012763103612403912
0.0071705436288684345
0.011994653972588535
0.01713746648095704
0.0077192611197541144
0.09113121441202417
0.0485058198751332
0.011598644145506685
0.010079635787869799
0.009884813277896226
0.01277332699640041
0.062127870939770465
0.10204149378861885
0.011572662043545451
0.01594867622524286
0.005355911416362695
0.05318228272302434
0.011056085668749957
0.006251508857177364
0.0035122113216320343
0.005875113751763362
0.008394120015696118
0.0037809791980462156
0.17773849551730292
0.018804012346152595
0.0007610989592520355
0.012377536685375818
0.05656483637855769
0.08828490509569868
0.030430916119813113
0.04998104862199811
0.005668417452635433
0.007811837442537287
0.0026233844583936866
0.02604926838992238
0.10038608939681797
0.15614933274770518
0.05211696666966489
0.07143135660364616
0.06765275560665818
0.03629761814981958
0.12534067984393565
0.01326053584734591
0.0005367248141912796
0.008728603549967759
0.03988936120064773
0.06225826314353473
0.07911990156542528
0.08632568722432392
0.01823587218681813
0.015482006647328921
0.016553607356341954
0.030209793053096207
0.07079198378072439
0.1101160638656861
0.036752736174384924
0.05037318884025328
0.047708530199799454
0.025596976740309255
0.05825067603010461
0.027800106435920242
0.009596421924914132
0.010533234983727555
0.02757315097908885
0.028965819887305882
0.07981289241676486
0.08708179169738864
0.018395595497156338
0.015617609558286862
0.01669859614206645
0.030474392854062164
0.13895920399265554
0.035916288489684284
0.013311482504756285
0.01652171377939471
0.016804067372945514
0.05467691874132633
0.058760878706985195
0.02804360041209043
0.009680474514313031
0.010625492877560969
0.02781465711083388
0.029219524047527243
0.13882187843931895
0.014506010731252706
0.005139860716399273
0.0029271520266781707
0.004289875597237917
0.14589996740275366
0.136810218154937
0.03536084780572768
0.013105622176258205
0.016266207645892136
0.016544194678205285
0.05383134737470128
0.09585064797453915
0.034990875765209026
0.021918182937045033
0.01719204726266124
0.012178252443727847
0.023135030845069914
0.13667501632324527
0.014281677180630876
0.005060373445531114
0.002881884005061459
0.004223533234593655
0.143643643570554
0.043111124171765026
0.025331430408360573
0.02443418030194184
0.03224150999748219
0.030848935320764104
0.060083143755666424
0.10395940228911363
0.03795102700912389
0.023772413077519483
0.01864645670446807
0.013208505854985812
0.02509220364616152
0.09839264097830067
0.08603943912369927
0.0034292108594044866
0.0036767861413862526
0.0022128696807615818
0.03284930608443144
0.04675823059744943
0.027474413788845378
0.02650125829393508
0.03496907093551493
0.033458687499473644
0.0651660457647522
0.00241691606209166
0.00044923746557838537
0.01566900217605234
0.1583971799966899
0.05678286027941082
0.08272675627613293
0.10966473564469979
0.09589632164258713
0.003822069400997816
0.004098007495358756
0.0024663812877063532
0.03661260061771766
0.005429357183880476
0.006429469260184759
0.012694613200044775
0.013079256594125408
0.0065475978682884494
0.003636892145473391
0.0026938037071610305
0.0005007031767265347
0.017464080284540433
0.1765435371841864
0.06328803963159013
0.09220412997925724
0.021737930359898475
0.07142867227493423
0.19081722601159307
0.04438093304773034
0.004817168972587694
0.013746384516073844
0.005112980391359493
0.0060548144358183
0.011954879034378007
0.012317108680539288
0.006166059512617812
0.0034249649812142786
0.11842087611860475
0.07341217173078116
0.011498714996903433
0.04887511718746353
0.023078195306723462
0.050747835058020656
0.020471228529389367
0.0672664163276796
0.17969801983695868
0.04179478946365802
0.004536465306027736
0.012945362057122782
0.06995524940177271
0.16231741988940973
0.043740215989194635
0.009638828357715554
0.0055696114526661376
0.01100259259909034
0.11417426319266878
0.07077958626434086
0.01108636716316002
0.04712243884891585
0.022250603367624393
0.048928000419195525
0.0777997562518542
0.024151562177777624
0.012093810339483136
0.0118174183544036
0.027952801509682955
0.03553647204087936
0.06744663034672443
0.15649666196226375
0.0421716769554443
0.009293176691925165
0.005369883290178602
0.01060803588340359
0.043481823575390044
0.04880594682837153
0.036277753124138785
0.03499273383213756
0.02941470462100142
0.011947812593278727
0.0623529363347178
0.019356369369332774
0.009692634302102607
0.009471118802834192
0.022402888349264276
0.028480852453475657
0.18094058038331756
0.04983510352549859
0.005881194697740244
0.004599766474498404
0.005377848313259159
0.04153978692580786
0.034848687293272985
0.03911572788857605
0.029074955242705206
0.02804507121782914
0.0235745366425119
0.009575623804735159
0.11006811459558073
0.052382403924941624
0.020628652848238282
0.007809746031845266
0.04060790139036374
0.1643374347780835
0.15535806817101036
0.042789104547039436
0.005049674566329369
0.003949422688940027
0.004617494445384793
0.03566663174925855
0.049856568574666894
0.05745850108304148
0.013784579413266046
0.014917297276932659
0.012579301922794236
0.013068651872719689
0.09450599536361054
0.044976251666112126
0.017712044742441813
0.006705555237212887
0.034866502025807884
0.1411023792518817
0.06343067615300294
0.14718088527247242
0.021084566250704772
0.008727346415131681
0.0027478057473210057
0.007864640260063177
0.06644815573026155
0.07657990786661056
0.018371899745909852
0.019881570691086228
0.01676552231812706
0.017417721268212134
0.11676360145738247
0.026070219724334234
0.006772327861646248
0.021921710020727774
0.04138566145226999
0.07103710159606984
0.08453954148044147
0.19616067982007826
0.028101222803442977
0.011631688467209848
0.0036622380848582866
0.010481885450670615
0.057779472456403906
0.08354657743138205
0.008567070383963761
0.004694828577731807
0.002786875803452458
0.008632445800836504
0.1634690074601034
0.03649829989321796
0.009481257000639743
0.030690387536774635
0.05793991377656925
0.09945192119643943
0.07371507620395072
0.013282606304416097
0.008953525473294118
0.0219162788137476
0.01104430658505402
0.023664059865384866
0.08089124432723252
0.11696518366112117
0.011993896000360636
0.006572758618423242
0.0039016252994836676
0.012085421564621158
0.07654895389351106
0.05573372008950651
0.021112695578199787
0.015666553009612404
0.015702001267572936
0.032719203391138735
0.21018457016311096
0.055884734170843595
0.031204626880905723
0.03893532385343641
0.03124916212795143
0.05452601057148178
0.06896212726752184
0.036706023781496615
0.008777093324760872
0.007627607406509325
0.00748017850616974
0.009666016278163542
0.06303809992199857
0.1573067950291357
0.058310058645344116
0.08502342812663559
0.009121320170052037
0.013666462715529714
0.011571508713412254
0.005674556795643276
0.0054003555130842165
0.015801985574337752
0.008276651350592235
0.005605141594922131
0.0836157400091309
0.0445056071048443
0.01064211883476396
0.009248381148688482
0.009069625401308392
0.011719927097138599
0.05700426508455765
0.09362626263484448
0.01061827944343687
0.014633409346553815
0.0049142162692767735
0.048796408057893294
0.014030313484104929
0.006880331052592336
0.006547865334652883
0.01915971519100941
0.010035339031707507
0.00679616596653481
0.23307260347162334
0.08511019658472593
0.026534168201329332
0.03748231674487247
0.07247968714897074
0.08347686151808983
0.027770454893943093
0.04561139240252683
0.005172848906969378
0.00712887770064708
0.002394031763107519
0.023771878243637957
0.09160970890911163
0.14249778037297184
0.047560575120731946
0.06518638015249151
0.06173812811381094
0.0331242530990002
0.11354470077145153
0.041462667254191864
0.01292650506221386
0.018260054487851767
0.03530953130808559
0.04066696437604001
0.017882123143784116
0.007998526041385318
0.01874563395710516
0.03989935775978279
0.07873380532375236
0.021003725430399498
0.06255535105225316
0.09730408252079409
0.03247656289221688
0.044512278696468545
0.04215765253986413
0.022618773770009745
0.05147322187468406
0.02456556977942055
0.008479880210985093
0.009307695263405837
0.024365020543234604
0.025595652710895315
0.012210741679452892
0.005461763937224799
0.012800386845974558
0.027245128940415243
0.05376308789053709
0.014342316260466753
0.08201492994716003
0.06745741443737434
0.0658020872113031
0.03438631449819025
0.08539072042037389
0.09371330093033929
0.045296283041189
0.021617628764442717
0.0074622695102960455
0.008190744308541551
0.02144114602963181
0.022524098698140937
0.10701193100690348
0.011182071853585789
0.003962101842677752
0.0022564180390522806
0.003306884164087206
0.11246813125668535
0.07217289583182228
0.05936232523041093
0.0579056421663421
0.03025985507659514
0.07514358146589273
0.08246742770443344
0.039546949066651356
0.024998712821201315
0.028354063514305854
0.025647250445533707
0.0677942629287884
0.06962726790366036
0.13014361892580825
0.01359918734687811
0.0048185493664760735
0.002744165128585477
0.004021699902368751
0.13677923085626395
0.04105093869097382
0.02412089725392345
0.02326652474991929
0.030700759389566002
0.029374732783328784
0.05721190291507652
0.04809541347942405
0.030402431994505905
0.03448307494578274
0.03119115744451875
0.08244866377928554
0.08467789091960747
0.026005811480558323
0.012656265624232443
0.02491853256439901
0.05876946620865148
0.04465477777365315
0.023864236754825734
0.04735744714610426
0.027826504173714742
0.026840877486684605
0.03541720692628931
0.03388746760919509
0.06600116233211793
0.002447889349203041
0.0004549945380811461
0.0158698037308766
0.1604270731363899
0.05751054456353841
0.08378691703807369
0.030000991011513364
0.014600602312132553
0.028746677335699425
0.06779800848726826
0.051514931099536414
0.027530413842820907
0.013661868132073483
0.048167216864284976
0.05491230502319102
0.060145541784891045
0.02951793279755139
0.015575542846334969
0.00231762144028224
0.0004307813574218514
0.015025269582436484
0.1518897185543432
0.05445003924142171
0.07932807722939361
0.018702288268271097
0.06145385496174359
0.1641701260578203
0.03818325800715136
0.004144464595788094
0.01182673978661656
0.012934832412874672
0.04560392999778998
0.05199006870898785
0.056944811342652196
0.027947094073793862
0.014746668208860454
0.014562579203006304
0.038573875114683825
0.08583634824076948
0.027869142771899325
0.012399639370320752
0.008668695319563937
0.017607612786705956
0.0578568604491304
0.15456098041622293
0.0359483295456103
0.0039018823132274676
0.011134501388536465
0.060169566379248404
0.1396116639432163
0.0376216202774029
0.008290501822913254
0.004790506915115439
0.009463496040627618
0.013710207655032345
0.036316083195786
0.08081220656898977
0.02623791632265281
0.011673868223804531
0.008161302422643181
0.04390203637968705
0.10939486863890116
0.08949354749611159
0.016585124857901087
0.011470054543871447
0.011285189721861533
0.05885895120329213
0.13657063877858105
0.036802145093406326
0.008109917880577404
0.004686159959647947
0.009257361905469112
0.037945476577516415
0.04259170292176208
0.03165866834150097
0.03053726483454486
0.02566946124730835
0.010426550812082559
0.042945760996681355
0.10701202655381453
0.08754419654418218
0.016223867204872837
0.011220213495333847
0.01103937540404191
0.07492875070838098
0.10328568838217325
0.04951630194059291
0.03190775504614632
0.01107857120337593
0.02018312283157285
0.02987614462192699
0.03353432321729452
0.02492626366086376
0.024043333299324742
0.020210697183493633
0.008209282582952797
0.09436254749702382
0.04490798353853198
0.017685160151454583
0.006695377072437661
0.03481357918941322
0.14088820410673758
0.05899470488744149
0.08132137060335376
0.038986364946506195
0.02512238059185503
0.008722646948450541
0.01589106136027489
0.03204898951306295
0.04753346429475106
0.07177356225360948
0.023199090236458643
0.05618452144100886
0.0600688915828609
0.08703352378390829
0.041420035353660394
0.016311575381243237
0.006175355319806477
0.03210965105070244
0.12994558951879306
0.05841529143575864
0.13554347562409527
0.01941743580599008
0.008037285982432415
0.0025305401624827247
0.0072427929306763585
0.029559783675015418
0.043841598228992834
0.06619899741104768
0.021397245256901738
0.05182073834195477
0.05540341420323379
0.021179820710940097
0.054407903198646586
0.029913318041291884
0.028058808989679794
0.022406827208548568
0.031628941454071864
0.09491241751796001
0.22022930356202014
0.031549201057621705
0.01305887934693937
0.0041115892524761395
0.011767997209916788
0.06486892781431064
0.09379761825652261
0.009618237181670037
0.005270877063462926
0.003128821320720968
0.009691634064986134
0.03441270148387433
0.08840126442484181
0.04860277611393807
0.045589593553837106
0.03640632592939025
0.051390299066492964
0.05360394054425566
0.03954719247138603
0.006558124573092113
0.01347873725888112
0.009209071555334748
0.010794386625452398
0.09527466839046872
0.13776298262223613
0.014126553172077082
0.007741473171652645
0.004595380621027557
0.014234353068798857
0.0901602671401391
0.06564383752355371
0.024866783627467515
0.018452252221196456
0.018494003600474877
0.03853706639102325
0.07872949086495754
0.05808398219978173
0.00963208680977912
0.0197965692656146
0.013525601057106668
0.01585399421372288
0.08101906655432776
0.07473074697273317
0.04067894387772143
0.043409643745298376
0.022886162639144877
0.011763968711730731
0.06941800522235134
0.17322736459943866
0.06421145244807022
0.09362840544083899
0.010044462824591687
0.01504960621166568
0.012742627923304778
0.006248862414348059
0.005946910006388223
0.017401259214351664
0.009114307496417595
0.006172421900244152
0.02529702412193354
0.02847840233799903
0.04729455237304973
0.0878224990739082
0.007504575976930005
0.09316283851760004
0.03260314428911513
0.04328026107303103
0.07624059952797725
0.0510627616918359
0.014689073633983394
0.009358403816996796
0.00904382685205961
0.004435005874600654
0.004220701155700646
0.012350197799826256
0.0064686985581112405
0.0043807537393112115
0.15023671938222424
0.05486134590856018
0.017103710700984206
0.024160798904366523
0.04671982145013055
0.053808511305057614
0.023139433526440333
0.030717304908555666
0.05411024989336905
0.03624078001087695
0.010425278000932686
0.006641941069140363
0.09564379489220405
0.13199218906047472
0.07737178618201608
0.0480656725861182
0.036900411817454286
0.06096094018630988
0.10938921060384764
0.03994522341994164
0.012453422969235928
0.01759177603567712
0.03401727892486963
0.039178641544038495
0.01722767616039341
0.007705797309049293
0.01805958434787639
0.038439127667686986
0.0758523185466684
0.02023503456313692
0.06963942813338887
0.09610514278114278
0.05633535295674081
0.03499720975643569
0.026867645514800878
0.04438641333536608
0.10876506005071476
0.035918073970456835
0.009217704616907164
0.021925252756318403
0.008712119001901006
0.05703541312001527
0.011143036565486417
0.004984188255080496
0.01168112326191284
0.024862819637344248
0.049062052900996016
0.01308822663844217
0.07484355883597388
0.06155894993288506
0.060048364229561633
0.03137958118059358
0.077924170781417
0.08551902630913662
0.070350349629788
0.023232176405474442
0.0059621053147137825
0.014181476996466168
0.005635087384811569
0.03689108664493496
0.10638755399830656
0.04546469833947423
0.026032197711369016
0.008340079801850354
0.026646463859289964
0.12478156593417358
0.059121332980497134
0.04862739337246125
0.04743413316743159
0.024787739875281066
0.06155480738287548
0.06755422790184282
0.03239537941750926
0.02047800919932617
0.023226586810173665
0.021009266929761173
0.05553452091100711
0.0570360499299734
0.0840389487450628
0.03591402668700923
0.020563669780601455
0.006588097128434703
0.021048898356509662
0.09856897005111716
0.07969864243904666
0.05843686344156936
0.022119950092595243
0.0064397888636600125
0.008083426599149603
0.03973922297522927
0.04293503493455315
0.027140414965720734
0.03078322693038891
0.027844514427607266
0.07360236670353795
0.07559240979127901
0.02321552812716448
0.011298316562968683
0.022244908376304568
0.052463819358429774
0.03986356088874744
0.021303732822532746
0.10562815002893462
0.0774489701445947
0.029316552145792672
0.008534938154882312
0.010713324235301344
0.052668156922134564
0.030836989820243844
0.04671593279357851
0.02146453772996416
0.04773101711058839
0.06570948774283433
0.0549440470412578
0.027379436096962622
0.013324768432775604
0.026234727206535816
0.061873664112166056
0.04701343910732504
0.02512474358740949
0.012468062983109015
0.04395825576555532
0.0501139427608374
0.0548898873768754
0.02693858860978431
0.014214516442909324
0.03636787358794301
0.055094843831493996
0.025314390261091866
0.05629199239681486
0.07749505894349948
0.06479874231740616
0.046312598358157014
0.0737469977587414
0.03681347081740081
0.04591310898061347
0.036078678336389745
0.042238138524138505
0.013449034558900515
0.04741683625923757
0.05405684499559698
0.05920855495082477
0.029058083013521238
0.01533289678899881
0.015141489639480444
0.04010731356455201
0.08924862549830033
0.02897703289090446
0.012892565832036575
0.009013304479874914
0.049956415577555716
0.07954931915375614
0.039709908582194246
0.049525494876258694
0.038917303549309355
0.045561382348191744
0.021969646266106854
0.09697474438852022
0.11168508301704325
0.032536714104187604
0.005395617796448875
0.014315708688794577
0.014490066257966462
0.03838180025986777
0.08540893450343381
0.027730371089359118
0.012337896573551048
0.00862553039537627
0.046399254628927696
0.11561742423918638
0.09458408402757822
0.017528513362773456
0.012122489644581132
0.011927109414967496
0.021024459127846895
0.09280265713586919
0.10688012153862106
0.031136906236549633
0.005163485313185468
0.013699812394251151
0.03259272470417505
0.06888889024187017
0.09463884468888241
0.019155536579358878
0.01233992715494805
0.016523084713957904
0.04099983901050261
0.10216318814872251
0.08357746798089413
0.01548874506098427
0.0107118126747761
0.01053916856607096
0.07153364255296576
0.09860569465948642
0.047272661162451594
0.030461977846419897
0.010576588358508845
0.01926860224662527
0.028799955440484422
0.06087238754408704
0.08362585622151429
0.016926433887665623
0.010903947289678518
0.014600316721614253
0.05694670155938518
0.059076531233522606
0.055780428746929275
0.03418891318747659
0.009810492298217895
0.027268580645687605
0.05897134382514154
0.0812891684996462
0.038970926901649425
0.025112432487203108
0.008719192904580467
0.015884768726467196
0.03203629857000131
0.04751464172037187
0.0717451409459261
0.023189903727375324
0.05616227317130092
0.06004510515793965
0.04694607177147022
0.0487018738461311
0.04598461262354094
0.028184866345842306
0.008087633926704385
0.022479840079299495
0.0859809983901739
0.0935671862692776
0.03989884647092998
0.009512406045222856
0.01909887789229491
0.03191553450446421
0.033318683070600257
0.04941661051244618
0.07461703504259606
0.024118174920921227
0.058410398948875036
0.06244865724193351
0.023873102101095823
0.06132655445458561
0.03371717379144025
0.03162684051899317
0.025256137953754598
0.0356509603640136
0.08942274118204656
0.09731259740577931
0.04149596176170859
0.00989317918757396
0.019863388965082992
0.0331930849270708
0.0383752545293589
0.018210711146351862
0.030636218455007018
0.02944796196509659
0.050525344049025867
0.02784317009810865
0.036601146569319294
0.0940230640608954
0.051693626350597675
0.04848882313065717
0.03872155378491377
0.054658419341337236
0.05701283537628536
0.04206216093579753
0.006975182661322838
0.014335905543853595
0.009794714254622021
0.011480846023937395
0.058835182361974075
0.027919828138655095
0.04697004676027946
0.04514826634125465
0.07746314304577931
0.04268787296262536
0.06256071910110576
0.08822163965558195
0.015039156415427083
0.024720602452761486
0.021805860380790403
0.022779316337158458
0.06687769128281855
0.04934012131104394
0.008182089341573998
0.01681642842166526
0.01148948077745494
0.013467361708760646
0.06882259826037025
0.06348091128836962
0.03455520695582518
0.036874832050862213
0.019440919823226807
0.009993041478108242
0.0733855180304748
0.10348651391234293
0.017641361866442287
0.028997975775973177
0.025578899717542184
0.026720791477489333
0.049069344007620294
0.10351768606450333
0.0379739580992147
0.04490212645142933
0.04179862658850342
0.047586412066531664
0.017357397424040102
0.019540280508875133
0.032450866061330144
0.06025886728220052
0.005149218623606304
0.06392310832718047
0.02237044681507939
0.02969648478966595
0.052312018183466785
0.035036399695953714
0.010078817477782874
0.0064212111876601075
0.0776490158522432
0.20986284922077114
0.059561776481116296
0.08013558318187516
0.06604420475731004
0.026964967635386992
0.017801391349232924
0.03396665986128852
0.03631231521066476
0.015983721658887742
0.012159708937436522
0.008962567436910809
0.021254708309880042
0.0282153560566197
0.04970292711548513
0.03328893973024665
0.00957613083769045
0.006100949700202474
0.08785353192682592
0.12124132055597943
0.0710697928207296
0.04415068542489517
0.03389484400291176
0.055995623249614906
0.016913537032390513
0.03227255376615668
0.034501218247408566
0.015186524631102469
0.011553236675811004
0.00851555438985506
0.05148744333492151
0.013479835746995138
0.017874977760274715
0.02218572250847213
0.09170217548923701
0.1219822947330743
0.05378509296482342
0.07422553828243007
0.043509866137624115
0.027029632935150854
0.020750871316627572
0.03428126036654127
0.08400325825403385
0.027740850253940977
0.007119172472137702
0.01693367951725669
0.006728690096942179
0.044050548362793526
0.03152129306077726
0.008252533539648183
0.010943297548712013
0.013582392437037455
0.05614128340193825
0.07467917246338453
0.06200488109236535
0.10412942546986967
0.040355718370325144
0.022691589792825262
0.041298992722524706
0.09424088815219693
0.06019816464104017
0.01987956545470055
0.00510172016530236
0.012134962961504856
0.004821893849037827
0.03156737271847678
0.09103487793663875
0.03890373552366868
0.022275518629882658
0.007136531654401589
0.022801140675836294
0.10677446934949691
0.04443375314393938
0.07462091862503592
0.02891959465807537
0.01626117946740294
0.029595561113848562
0.06753462447549026
0.08240369849272854
0.08042590260860202
0.0437120737789058
0.016414061192323925
0.04265130626530809
0.05039732174707604
0.08292485252209184
0.035437917905531566
0.02029105919735286
0.006500759361399793
0.02076985514491707
0.09726225073970335
0.07864208523737805
0.05766217158958035
0.021826708051631297
0.006354417204960442
0.007976265393812599
0.03921240393618096
0.07506259907922869
0.07326099912405389
0.03981789566492826
0.014951781498618758
0.03885162876130764
0.04590757485601786
0.03348572280802966
0.034441133798068485
0.08263689350357394
0.04567839200303539
0.02663789958007191
0.014406686699219674
0.0876643854013384
0.06427752796799581
0.024330801261247127
0.007083434743306918
0.00889135125850153
0.04371109032521548
0.025592664071826417
0.03877113757722219
0.017814148098832572
0.03961359049111714
0.054534533232234166
0.04559992875019277
0.03732740937406215
0.03839243094609479
0.09211750246194504
0.050918896020883474
0.029693962056332558
0.016059509756697756
0.07259824592206399
0.07199432522842926
0.05860201240668906
0.04299484093430639
0.011218988743893737
0.020197231313937532
0.02890628147528763
0.04379104155702323
0.02012063995143768
0.04474257129970178
0.0615954073132133
0.051503992394335577
0.036810648298025765
0.058616335376790396
0.02926045557645327
0.036493122106516736
0.028676420377621293
0.033572144882721894
0.08199792430149973
0.08131581080561814
0.06618952450170469
0.04856161009827944
0.01267157047773231
0.022812273538372087
0.05230777594874008
0.06960626812621527
0.03180778158563026
0.020934725427155364
0.007961574062263601
0.029744042173898946
0.042832144805128834
0.06820481249006785
0.034046889372005514
0.04246267758727315
0.033367317526241384
0.03906388606344188
0.018836561016401666
0.08314520259447092
0.09575770385151582
0.027896662198073352
0.004626150217119641
0.012274149385168756
0.0608642970841356
0.08099248162077534
0.03701090770734115
0.02435923387417282
0.009263930652640029
0.0346095812050837
0.02403744318727705
0.02536660938593769
0.0630242368698926
0.08589640517081915
0.015436277173126308
0.03662437107423889
0.01966867475114887
0.08681818010862306
0.09998784440176382
0.029129010063928876
0.0048305125278045435
0.012816365571915617
0.030490948545310044
0.06444651764383809
0.08853595917455348
0.017920271640382922
0.011544173963651394
0.015457576204377698
0.02509930828074727
0.026487191006734963
0.06580836148137208
0.08969091832244025
0.01611818180730761
0.03824226948843541
0.04385191847482573
0.08336807386539666
0.0409174589521016
0.052122134450493886
0.024028433430799655
0.01261964495542739
0.029012756998352873
0.06132217084070786
0.08424376386094784
0.017051502536049336
0.010984516059132142
0.014708197796296918
0.05736747814122224
0.059513045029730975
0.05619258779212108
0.03444153350847532
0.009882981578586103
0.0274700669450069
0.04172599132923312
0.07932641599795436
0.03893379347655618
0.04959526984870582
0.02286354257372284
0.012007848557194879
0.08192767036850876
0.06753611268714284
0.06387112223817444
0.024149538949470063
0.013416278660437705
0.0424557467762112
0.04645375129938053
0.048191140389234055
0.04550237491245217
0.027889293443114315
0.008002819423538575
0.022244095424577028
0.08507932112260072
0.09258595313138193
0.039480429802842755
0.009412650047368762
0.018898589173228276
0.03158083832177355
0.0663415535622366
0.05468788038359166
0.05172012652117034
0.019555272651026183
0.010863933581339068
0.034378863528156695
0.051062218976035655
0.07486954735682692
0.05713993728142622
0.020218740587148155
0.028887413575916135
0.05495320088543657
0.08533030005143764
0.09285907617744826
0.03959689471877292
0.009440416804263791
0.018954338885433793
0.031673999913441046
0.03661900698027275
0.01737729604044219
0.02923414870368561
0.0281002728966836
0.04821304637853225
0.026568924497830437
0.051212849480058775
0.07509040806128699
0.057308496692379154
0.020278384667378673
0.02897262972504014
0.05511530955429293
0.10276931304538463
0.08888785567218839
0.01626167476437101
0.016136899553557616
0.0032301083603478976
0.020768293596151947
0.051590378894232555
0.024481856850094803
0.04118628364461031
0.0395888322846171
0.06792454343870248
0.03743140501853992
0.05485716322700977
0.07735826819572407
0.013187275819900745
0.021676575066688863
0.019120746362924424
0.019974333614798633
0.14478567923940736
0.12522890518834875
0.02291012323192254
0.022734334729357777
0.004550710899111746
0.02925923513407523
0.0796748705644303
0.05842596220577729
0.015082544775795275
0.0076121746583342744
0.0040196911426332825
0.017338028637583332
0.05971621239386258
0.08421038388151175
0.01435535702965235
0.023596607708226497
0.020814392939213784
0.021743587863469666
0.03992934093031438
0.08423574968813331
0.030900660077737025
0.036538338790442694
0.03401291876272216
0.03872263038119872
0.08673218251169819
0.06360112268215379
0.016418502056771922
0.008286433565570395
0.004375740849702368
0.01887376852368884
0.05241356812306138
0.046414506785412896
0.053262729761216675
0.051726431976791075
0.04757697138788687
0.06154177731826551
0.05880156291126331
0.1589236308503148
0.0451045709777632
0.0606845751254126
0.0500135438722258
0.020419862678357197
0.013480526724534122
0.02572206054123917
0.027498363808970843
0.01210405314691516
0.009208228619766447
0.0067871172249084726
0.023509052414120747
0.031724444836608155
0.02974048779679179
0.1001207855543891
0.09814471451922342
0.040967862466090396
0.02948716614753739
0.02376586867175067
0.03713308723669901
0.05930282548237423
0.020768693340628967
0.016586822634398174
0.017499462064271522
0.03339055156035575
0.035696422264334955
0.015712621857933252
0.011953468191823278
0.008810553387865063
0.05327109047033217
0.013946809223606409
0.018494209378948207
0.022954288547804146
0.09487895631244338
0.12620805069372998
0.03827814416498884
0.030851162253834913
0.04820353571535658
0.07698271484779738
0.026960442174516402
0.02153183472639733
0.16619211259296823
0.032696451473336136
0.01709337378365339
0.017018918473411478
0.02275366208487285
0.04862104378530418
0.028271024457170633
0.007401586511161411
0.009814896617509004
0.012181865383313907
0.05035236318043379
0.06697874694045142
0.05561134520865983
0.09339228338424077
0.03619450188272257
0.02035178216731531
0.03704051198229042
0.08452338705392388
0.08819833118154985
0.01735204162528222
0.009071471674910715
0.009031958162455255
0.012075392705728206
0.025803239728179113
0.10657330683860335
0.0659426232692293
0.023986483398004733
0.05409604705174632
0.03244111514855243
0.05331363077829817
0.040909067664950415
0.06870165118313278
0.02662556212340823
0.01497126945340255
0.02724790787459612
0.062177473810169935
0.07586706588932395
0.074046157684944
0.04024463515840704
0.015112023911151521
0.03926801250287813
0.046399579139864325
0.07839793488863553
0.048509008857875194
0.017645044706100406
0.039794377225415845
0.02386447890729888
0.039218812650371825
0.04896719058009437
0.048253754752457335
0.031841858678207116
0.016993065144521858
0.019900096384290456
0.05504392399256524
0.0794274479542869
0.0775210859520459
0.04213328441021807
0.01582121937387109
0.04111082961730225
0.048577075098814405
0.035432899182443064
0.03644386679636974
0.08744218343586983
0.04833456538891125
0.028186878797981315
0.015244427611521847
0.0512651825357517
0.050518265722716775
0.03333617220179004
0.017790536401121708
0.020833992343322557
0.05762709229452921
0.05475921155856537
0.04559878838038212
0.022172516410191502
0.04036363690621711
0.031406429008852633
0.018652363583012737
0.034708480507291625
0.03569877908660923
0.08565444514353306
0.04734637467827346
0.027610603588596093
0.014932758278540688
0.06750467942199194
0.06694313041619523
0.054490435832897484
0.03997827932627513
0.010431853125053459
0.018780173098435764
0.05363967021690601
0.04466653009417915
0.02171920366036709
0.03953841026525447
0.03076433072678194
0.018271019667413974
0.09056930900539732
0.09059966028209081
0.03830495334425297
0.03393097983169769
0.006211168217827105
0.027704724152716166
0.07314412097598318
0.07253565932909242
0.05904264807599456
0.04331812438027912
0.011303345686788284
0.020349096756311302
0.046659794434690226
0.062090465580449984
0.028373306325687537
0.018674278675793708
0.007101915582987601
0.026532401126190687
0.09813560409922918
0.09816849096682492
0.04150500625114672
0.036765624470691045
0.006730058470271329
0.030019218110268267
0.02390422620675684
0.05519840355146417
0.05266214410154522
0.05323046252701815
0.01933889020694505
0.015216662063551725
0.0584518072721085
0.07778216709942613
0.03554389926305716
0.023393702251109927
0.008896734457341406
0.03323775459973624
0.023084666443362243
0.02436114822658756
0.060526133110487976
0.08249171289156884
0.014824426495473442
0.035172683856585445
0.02994537888892678
0.06914832105902897
0.06597108998986448
0.06668303566981017
0.024226276539109724
0.01906226568375655
0.06205208096090048
0.07104435581262152
0.042128855867092745
0.022313668642134455
0.025249048709712216
0.024408721013421945
0.02082977484720813
0.021981570919565565
0.05461398925372509
0.07443398892107407
0.01337638847402483
0.031737044470719206
0.03639246063005652
0.06918669584984785
0.033957169168121075
0.04325586637750059
0.019941061829126402
0.010472972407565978
0.055990883749067175
0.06410480044719731
0.03801374321067356
0.020134087489252602
0.022782741999753813
0.02202449683495818
0.07716889359465821
0.1343213760373107
0.08478236466900967
0.013382395717796324
0.01897224053927048
0.01814293373410998
0.03308630364306236
0.0629012709587896
0.030872251848433042
0.03932618747213009
0.018129470094106464
0.009521531084269626
0.06496391558903732
0.05355224070310788
0.05064611473747895
0.019149191021432657
0.010638334893392649
0.033664957607527426
0.0701583075469021
0.12211864095976957
0.077080115289015
0.012166641126347464
0.0172486636078981
0.01649469709137911
0.09551242776536141
0.04772167750247495
0.01899521058813749
0.02493079070385776
0.02125726570697467
0.04986373897510986
0.05995750156909867
0.049425262114698845
0.04674309539854114
0.017673467498136263
0.009818496549657238
0.03107058326572887
0.04614849833905671
0.0676648459688757
0.05164135741854958
0.018273089871823387
0.026107575897817148
0.04966505080747881
0.08815180682514864
0.04404402856248866
0.0175313534955058
0.02300951088295651
0.019619084385913445
0.046021013061376945
0.13641000032603334
0.05193063662956179
0.010964089300808446
0.018399208781870992
0.020971377607641166
0.04875901607894744
0.0513127639307984
0.07523690678091358
0.0574203035343703
0.02031794707576833
0.02902915429679995
0.055222837566058926
0.10296981232574232
0.08906127272214903
0.01629340071437544
0.016168382071556582
0.0032364101870560424
0.020808811799464706
0.15167501427897936
0.0577419546476026
0.012191029963209761
0.0204581793713229
0.02331818774639935
0.0542154126700924
0.0528126003023565
0.023739948515711793
0.00853437631548974
0.007855579273643234
0.01921804421327566
0.031161614810673047
0.15631393416389924
0.13519999314753262
0.02473429356669997
0.02454450827466675
0.0049130516748584745
0.03158894013869465
0.08601881441141714
0.06307800645528622
0.01628346065365584
0.008218278041293364
0.004339750588107679
0.018718532669972466
0.08017248104300036
0.03603856961106274
0.012955660570587403
0.011925208696263474
0.02917406597197292
0.0473050741371371
0.06784981223874353
0.08395649825351804
0.01231413673993323
0.013152742317163237
0.012880073830770744
0.018324029483456572
0.09426805381957877
0.0691272130178235
0.01784505117596788
0.00900641425950737
0.004755934440651674
0.020513647592453922
0.05696760899605508
0.05044730914117566
0.05789055146895259
0.0562207698719589
0.0517107764325077
0.0668889379741863
0.07435663692338976
0.09200796070046209
0.013495067478953803
0.01441409567329293
0.014115278167773592
0.020081311389346018
0.10113124273455813
0.053451903266940416
0.02051606190553582
0.024056037032519705
0.0106058585784461
0.006126186647204678
0.023370117607434054
0.03153695835127584
0.029564726185901283
0.09952908743992304
0.09756469467415053
0.0407257488346335
0.02931290162779921
0.02362541612132513
0.03691363652443585
0.058952355099764535
0.020645953625578507
0.016488797118283695
0.007216107098000427
0.002841574542652779
0.007189262247016158
0.1483422579206697
0.0574331850336036
0.03784523931916678
0.020328888352990054
0.08689026677858767
0.05855551807693671
0.05867636617831803
0.005192736485389514
0.001258112884620732
0.027198497491837278
0.021921262837728755
0.034250974644977186
0.054699991924314635
0.019156715532021716
0.015299423876882283
0.11808764129315782
0.023232431268256377
0.01214567984220531
0.012092775695124928
0.01616759209845845
0.0345476345912992
0.018862520875663733
0.08062268051966721
0.054331779629704584
0.054443910691448265
0.0048181729692599665
0.0011673624321228366
0.07132302957640277
0.12206541205499331
0.08669956947121574
0.05763782492904273
0.03776030779539649
0.021466722714172416
0.09019489160519405
0.017744842703424527
0.009276824101512239
0.009236416115044506
0.012348745396796607
0.026387351995984278
0.10898582466972706
0.06743537749810029
0.024529469447891274
0.05532062834679132
0.0331754901161599
0.054520500384862745
0.05447625891372964
0.09323309779481034
0.06622080164392603
0.04402355161729678
0.028841179578898802
0.016396201220726082
0.041627343505453086
0.02464514770007963
0.03828532104340565
0.0324729014032551
0.030205586548643838
0.020416181538749575
0.09525153751741432
0.05893723710607935
0.021438289671877702
0.048349176807440344
0.028994747262170956
0.04764988018959732
0.05949391648246531
0.05862710972793832
0.03868706491848049
0.02064615074936013
0.024178121273742567
0.06687699617000437
0.036381506344295544
0.02153939026373594
0.0334606422879613
0.028380698092479693
0.02639910804081691
0.01784335428661226
0.06584531129409427
0.0713371224694755
0.05277295958841688
0.033878674153184185
0.03149525676761475
0.01153569163024517
0.05525009586054755
0.05444512017375945
0.03592743883215774
0.019173419325817335
0.022453447294832826
0.062106525636906613
0.059015720576998394
0.04914324507445145
0.023896016683024997
0.043501158057782985
0.033847694040033446
0.02010223752287531
0.06114843291647342
0.066248502164348
0.04900855832821469
0.03146204024311222
0.029248636809381
0.010712827564085611
0.049782620319907704
0.05447749539014205
0.055686339805954464
0.05593742412341981
0.03162350810701042
0.025801442303378174
0.05335658670921967
0.04443080235826827
0.0216045805030757
0.03932974619590115
0.030601971886421005
0.018174594310666956
0.09009132922702995
0.09012152032477688
0.038102798847206215
0.03375190899194141
0.0061783887604064626
0.02755851239449843
0.045008866650127675
0.04925354088819073
0.050346466828256095
0.050573474175199966
0.028591067530217586
0.02332729110181688
0.05246953981542619
0.075969117469078
0.034243824312309525
0.029001711568520626
0.04608467852995497
0.021827632843553477
0.08744204924217289
0.08747135252228334
0.03698232495455715
0.032759379991534124
0.0059967033327182695
0.02674811015129038
0.021299451348500836
0.049183592089126114
0.04692370154535882
0.047430091944659664
0.017231586897399516
0.013558546112552491
0.050926588869532455
0.07373512376396904
0.03323682975318891
0.02814886973963098
0.04472948466739898
0.021185756302210527
0.05349271328460195
0.07693493492827891
0.026370272083147198
0.04698338718803474
0.03833810139867145
0.03289100151623188
0.023073194681281092
0.05327942850870654
0.0508313422354233
0.05137990304464914
0.01866657279785264
0.014687654105797882
0.047811709102097956
0.05474034103061464
0.03246067771346537
0.01719289051386643
0.019454628327035945
0.018807147972738355
0.05794739814894081
0.08334180549288256
0.028566295517073622
0.050895998288323745
0.04153076353041848
0.03563004834393281
0.07885609540188838
0.07888533818100103
0.06317819547195881
0.04127003138585316
0.013185860858977756
0.024326629110494154
0.04714060561072839
0.05397198460340643
0.03200504718791336
0.01695156450675902
0.019181555700293174
0.0185431636286469
0.06497108341181798
0.11308967797763506
0.07138112042522143
0.011267088433299594
0.015973366536271596
0.015275145282833786
0.07774924099459306
0.07777807331083943
0.06229140208272605
0.040690749392548256
0.013000779057357218
0.023985171211667676
0.027285585763407345
0.13319671371369307
0.02779203361718536
0.014200227503116405
0.006082029856689416
0.01619654066173853
0.061477558640380355
0.10700879444203884
0.06754292504162523
0.010661251952257464
0.01511447133632535
0.014453793757961696
0.08369459133410036
0.04181703250344825
0.016644916527353726
0.021846082111129008
0.01862708558300145
0.04369405483194693
0.025818427379062005
0.12603466570098854
0.026297643300883453
0.013436674797249672
0.005754996338865965
0.015325645287334353
0.10409382292480174
0.06824750566093865
0.019461140561938473
0.02431101924474537
0.019331712014960988
0.04930414186028043
0.08185552425441531
0.04089816395266918
0.01627916866310566
0.021366046187776523
0.018217782432820268
0.04273394144184012
0.12666685451360393
0.04822146748063726
0.010180974276228487
0.01708503699412349
0.019473487501121097
0.04527638135867532
0.10180651236042636
0.06674786585230846
0.019033510265044937
0.023776819908158317
0.018906925722394656
0.04822075495627605
0.13722960415101676
0.05673643084655514
0.010659240954089627
0.0046343190973240555
0.002188280338791722
0.021804860654036223
0.16857655588747372
0.06417629094004694
0.013549508161831217
0.02273788754555431
0.025916594097662653
0.060256777211386225
0.058697645810387604
0.026385352767224198
0.009485384080905126
0.008730946917967946
0.02135956089912297
0.034634034653942235
0.18263415573404984
0.07550856253743064
0.014186016818015743
0.006167655740014695
0.0029123069665408312
0.029019338364235907
0.07906041351005572
0.036912437809372985
0.012143331052903729
0.009686149860723251
0.014077852480669738
0.02318517915018071
0.08974507369001199
0.040341574108112614
0.014502566185852894
0.013349078378164722
0.03265744887061309
0.0529532990512273
0.07595107847483967
0.09398090248044247
0.01378444442253765
0.014723179489062486
0.014417954390800732
0.02051191824048382
0.12087848734756464
0.056436836700083114
0.01856640287935015
0.014809524658470578
0.02152416661404228
0.03544870637692372
0.10613057808786418
0.08483012683890002
0.03337141009073404
0.006882881558309125
0.0049372561240123795
0.01926501167284719
0.08580528467784741
0.1061743724190403
0.015572895099753301
0.016633425525887077
0.016288599264389688
0.02317321912020632
0.11670236083436433
0.06168186144725786
0.023674907918261313
0.027759930938281784
0.01223883640022851
0.007069432010415102
0.11990039705453866
0.09583633740080458
0.037701154485715406
0.0077758950020737965
0.005577836098649579
0.02176453375126608
0.09563296878998762
0.03372411891178604
0.018524198156343378
0.02682143373725727
0.009426220652195394
0.014539674933627818
0.00636503078730863
0.002506435838989859
0.006341352050189701
0.1308465944173109
0.05065944642830721
0.03338172648328748
0.017931274921681305
0.07664232468451344
0.051649410168785596
0.05175600530040345
0.004580298927248975
0.0011097295447208113
0.012523784190757475
0.007854064618473223
0.010363025406941678
0.08980767740597155
0.02399183954850521
0.019754132432088928
0.09769927211999463
0.04420114007070484
0.05759138355777445
0.0565490457719851
0.0821194581348293
0.06377546615312335
0.014657098476275571
0.06264775400846231
0.04221844204563996
0.0423055733482405
0.0037439553361759987
0.0009070975315502151
0.055421471765017494
0.09485077720155137
0.06736979303916019
0.04478740044938895
0.029341600388401296
0.01668069028835231
0.07985979015868756
0.0361301951818619
0.04707543573327299
0.04622342450492554
0.06712478560268068
0.05213033049013459
0.03372074271523055
0.05741240907945283
0.03591908196738654
0.030554695155982182
0.014125056157786108
0.024792333135135798
0.05064430619993596
0.08667492311038513
0.061562717817522136
0.0409268601143452
0.02681244194969794
0.015242864537618542
0.038699205356936786
0.02291156609050686
0.03559226643950799
0.030188702283524497
0.028080874212392824
0.018980072602256533
0.030814115269261953
0.052463630656071854
0.03282296423468767
0.02792097156651129
0.012907518446627539
0.022655307964938868
0.10048996793991623
0.03404141194798135
0.04247188432582852
0.035977942350651736
0.10033821902726361
0.0507792050260079
0.035890017363946404
0.021248408003191752
0.033008612160228115
0.02799729449629361
0.026042474355275673
0.0176023029150351
0.06495578669325869
0.07037340729914247
0.05206003341508419
0.03342099670416509
0.031069777638519355
0.011379852417230826
0.09319536825113475
0.03157033470423201
0.039388836330725235
0.03336629173065174
0.09305463484175776
0.047093125900171555
0.019887977461723324
0.002782913432003002
0.04017190682891425
0.10114175215533998
0.04647126603636209
0.026826572729856973
0.055947301216359505
0.06061357141865379
0.04484001378601942
0.02878595833791876
0.026760821425752302
0.009801621431991763
0.045548236014192285
0.04984377683510539
0.05094979998941179
0.05117952770719527
0.028933692151974378
0.023606836602589925
0.017129785078111925
0.0023969611325711715
0.03460060890966084
0.08711476469535935
0.04002633254400654
0.02310609141272473
0.05964310887483527
0.03209195604063329
0.1363950928145708
0.030023516645624165
0.02080147342425361
0.039859103159994705
0.04187889818935181
0.04582839288879905
0.04684531549936582
0.04705653649377115
0.026602811742194095
0.021705084393267886
0.04882074754410954
0.07068613748383289
0.03186246930270556
0.02698489912079527
0.04287989687115387
0.02030971409868048
0.05483829677810949
0.029506647838218557
0.12540718818899563
0.02760484064622454
0.019125719543812553
0.036648078372039906
0.02525732031393171
0.03038090162854424
0.08488458816231016
0.03635843753994533
0.03330484401641285
0.025222188888024164
0.052240360235223035
0.0756372950343623
0.03409425209749589
0.02887503616588078
0.04588338712704872
0.021732292809135197
0.0548726838765151
0.07891965286784054
0.027050555391677118
0.04819543437440583
0.039327123065949265
0.03373950240624069
0.027026450395584066
0.032508909125409685
0.09083026555484736
0.03890513706207618
0.035637656867571706
0.026988858215265053
0.018153807809246657
0.012557854628304641
0.00990580943920689
0.022434191190242772
0.0845440854200488
0.059939351271172836
0.05558753865222407
0.07994777992058008
0.027402956939063368
0.048823301174350305
0.03983945779704887
0.034179044318923914
0.07564474663468669
0.07567279852599067
0.06060531611356689
0.03958934375177889
0.01264887766448703
0.023335947413587722
0.018390306833769438
0.012721452282356051
0.010034857531711633
0.022726452978414153
0.08564548485872898
0.06072021213822136
0.03999659250665991
0.05464971208691915
0.01768123025251245
0.04118861865644996
0.024597126714491248
0.038370796064519104
0.08029691411520867
0.080326691203599
0.06433255552295908
0.04202409653727871
0.013426786243122477
0.024771112980457144
0.028179674921583426
0.13756127963024403
0.028702717967385927
0.014665537999444365
0.006281324715217318
0.01672726598796697
0.04245639117436872
0.0580106806234186
0.01876862955062368
0.04372172717760789
0.02610985506783024
0.0407306079165591
0.05213428638159707
0.07437677135951354
0.053675387297945173
0.02832984823236453
0.014048842742199292
0.01034096349891616
0.029574057992204732
0.1443680692764405
0.03012298218710859
0.015391216275183311
0.00659213642146826
0.017554962424363267
0.11923564168377399
0.07817500503058324
0.022292020002735193
0.027847377473376754
0.022143764367410824
0.056476079244637434
0.05471398847297013
0.07805707324801205
0.05633134594777232
0.029731662159544512
0.014744005782087297
0.010852653732282109
0.040879725151787345
0.05404396085497835
0.02362423189203333
0.02270187070479532
0.021966380324144674
0.022579735666591775
0.13494397388258114
0.08847393017849002
0.02522881348696962
0.03151604440920378
0.025061026369806984
0.06391634627832966
0.18189708781017122
0.07520382797559125
0.014128765435205463
0.006142764551434883
0.0029005535897373633
0.028902223231009647
0.04626529857439923
0.06116381594579769
0.026736533526521992
0.02569265870685143
0.024860273412355076
0.025554433364388836
0.02623175550433355
0.016695123799315835
0.021275337505787074
0.012556121897904374
0.02062176125826973
0.014031468549433856
0.23761277667204322
0.09823901304178939
0.01845645373669053
0.00802431396280674
0.0037890028952130292
0.037755071269103734
0.10286008278933274
0.04802424172174717
0.01579885535611427
0.012601985397624508
0.01831572853427493
0.03016464676812969
0.03426663030950579
0.02180889628633804
0.027792044832848885
0.016402104202499906
0.026938275985809616
0.01832935448805461
0.09930178066968122
0.058946769183814675
0.018691077106639663
0.007879860119657515
0.01853298879467229
0.019467966509696906
0.12569668383493843
0.058686399664624196
0.01930645662339838
0.015399829858799147
0.022382116330729535
0.03686168594256088
0.11036092535450046
0.08821144164625228
0.034701588970418085
0.0071572320773713
0.005134054335472299
0.02003291184770984
0.1213483811270836
0.07203390477882689
0.022840798353424913
0.009629316439037994
0.02264761188080599
0.023790169761873047
0.07381312754213917
0.04551642187966343
0.008837794953548191
0.003059191824232335
0.007599720228853594
0.04495213775730997
0.14467468751057982
0.11563841743837706
0.04549111494207936
0.00938258093531077
0.006730350477407472
0.026261607105818135
0.11539302800729768
0.04069232867438275
0.02235174065715565
0.03236338360713154
0.011373903346140088
0.017543919613303642
0.0967633347313364
0.05966852933579076
0.011585669647839929
0.0040103652609296036
0.009962648879079822
0.05892879623907711
0.044299397502662353
0.04715552350357148
0.011399088106748416
0.016426462850368785
0.016213167260103134
0.035689827225760924
0.01476991270782484
0.009262683470869428
0.012221623937152978
0.10591459702392599
0.02829475264298124
0.023297016875784903
0.11522154157648962
0.05212857156325392
0.06792034219967978
0.06669106214552988
0.09684750310217105
0.07521353399539035
0.005445883491655378
0.0025070803934409665
0.0016395834144790177
0.004383835133738361
0.001081249307895163
0.0009099636212742784
0.05867387981712855
0.10437893686337882
0.05798220386155942
0.019148752092702736
0.026799623556883326
0.04926577163496083
0.07249178280715643
0.032796758627830915
0.0427321716717213
0.041958768526134615
0.0609317325930529
0.047320692779769594
0.03060960656359266
0.05211543733277083
0.032605123096845184
0.027735664225826663
0.012821853164082317
0.022504948051374495
0.036914747832399786
0.06567014394369014
0.03647957900495649
0.012047462295154097
0.01686101803202699
0.030995624327918792
0.07236579575614467
0.044832329536746984
0.05392849599081772
0.03997071511003159
0.06169327445717685
0.051616214144883
0.02869008105438977
0.04884728322645498
0.0305604589360998
0.025996363366615895
0.012017795974631755
0.02109366490475345
0.09356313819677226
0.03169491836644413
0.03954427356401176
0.0334979626444126
0.09342184942161595
0.04727896599799203
0.06782774360382121
0.04202089842592922
0.0505466451489175
0.03746415537639411
0.057824495097965556
0.04837936627708234
0.02818863704402258
0.02752537041166842
0.04006876675698157
0.03891770503561253
0.0397413485093497
0.015288056300780476
0.08252400665315286
0.02795536473608583
0.03487860665626095
0.029545675202992894
0.08239938796201306
0.04170071440279118
0.017610699063352067
0.0024642551543860433
0.035572011448957296
0.08956048765521334
0.04115006077588504
0.023754788547799426
0.024862775189005808
0.02427776467058887
0.03534121704514236
0.034325964382788565
0.03505242953580175
0.013484281140998618
0.06042885862239439
0.09795770540329991
0.05521030871542757
0.04233923823887898
0.01986244428137579
0.04774090480749174
0.015059240277352066
0.002107230970281492
0.030418296606597194
0.07658485890337868
0.03518819158867281
0.020313166853406648
0.05243381066012842
0.02821287452132966
0.11990847906030787
0.026394455568228784
0.018287117146557685
0.035041175881016
0.051673854536218575
0.08376547787113084
0.047211374275460086
0.03620507962265805
0.016984750000709033
0.04082414638782461
0.055650798265135366
0.0343993974096641
0.01620016660743745
0.11609313221478455
0.02348712438322742
0.0175557578823182
0.051261707736227145
0.027582205258466868
0.11722805058986648
0.025804435156650568
0.01787832779466142
0.034257867092469196
0.02361002161266751
0.028399439653406237
0.07934836064097683
0.033987116822026146
0.03113268063517792
0.023577181480988797
0.05440678295244313
0.03363043490671619
0.015838028849200776
0.11349799182730021
0.022962094315471016
0.01716331730082876
0.04458833458575157
0.026592104912439126
0.03801146263679373
0.04812388100861797
0.04406631262414512
0.04705181805071389
0.029652847664847933
0.03566808500326281
0.09965703924980293
0.042685890518211464
0.03910088060986701
0.029611602322597165
0.01991797256484982
0.013778211523895374
0.01086844383921793
0.024614318347815207
0.09275997584700284
0.06576418384059446
0.0560004185845885
0.03339817510514857
0.04774024054608037
0.0604408643075609
0.05534478861697695
0.059094414054385355
0.02682841898991223
0.028272874527456027
0.014267857173555146
0.05257063182483045
0.03940713343562894
0.02255467930994155
0.025097914854341777
0.017361424640281613
0.013694931910754129
0.031015609850840592
0.11688348139445441
0.08286706295646333
0.05458479199230418
0.07458243264615806
0.02413021247599337
0.05621159306104128
0.03356858575128092
0.052366008964692325
0.03380551777010142
0.03562562380620139
0.017978409365205218
0.06624234655825238
0.04965549964490361
0.028420333397128836
0.04681661477842703
0.02217350848600873
0.022215997195051258
0.0340044674105971
0.027312381274971778
0.03338518404933663
0.0592510776880144
0.08095825503011267
0.026193029997163948
0.06101694896806393
0.03643826072482499
0.05684261773527862
0.07275730619492837
0.10379836194524951
0.0749080280908284
0.039536427663189086
0.019606213569260685
0.014431590031446263
0.050818822937303054
0.02406905341153597
0.024115174349409966
0.036911404564276926
0.029647232602740024
0.03623918057642859
0.03471829252597931
0.03439076885047392
0.03719034279832718
0.01495004976029576
0.011645735096794473
0.019565753500800257
0.07990949514192293
0.11400194885419837
0.0822716373085337
0.04342293770217706
0.021533543638447
0.015850244241017063
0.05970462562848445
0.07893092329623634
0.03450306761205522
0.03315596390297163
0.03208178403343848
0.03297758631591625
0.0381311702292517
0.03777145032034602
0.040846227995402766
0.016419669599795253
0.012790534185641527
0.02148910626420697
0.05230621032835514
0.05647958487539848
0.019942290467302334
0.01460615665413581
0.01754284423539063
0.04333091876458916
0.07598995969464564
0.10046051904361333
0.04391429792218369
0.04219975142800165
0.040832572852952
0.04197271867286618
0.04308520867510666
0.027421454604188808
0.034944377089772966
0.02062321494388412
0.03387088930872355
0.023046446524354076
0.0665735154151114
0.07188524060025656
0.02538184994675241
0.018590205428102188
0.022327918688778817
0.05515007816885423
0.05673900767563642
0.03209904216821896
0.006682922823340479
0.01127494425344331
0.028221265419375568
0.07671249886096745
0.047001598856139776
0.029914029640120778
0.03812077612612664
0.022497838718289302
0.036949709683294155
0.025141338939899786
0.13620663656099213
0.08085394957188244
0.025637493398694377
0.010808358482914329
0.02542065260180769
0.02670310865611153
0.06189651066507448
0.03501680391137639
0.0072903919323633794
0.012299822217917318
0.030786542232079748
0.0836855665688927
0.0969488646733431
0.04920842491175547
0.02224405405930407
0.012775077985014743
0.023965255461417694
0.058627085283456455
0.11858736440307824
0.07039493099159964
0.022321105996116943
0.009410222426559324
0.02213231505870663
0.023248876536785285
0.07213367143648618
0.04448079535659492
0.008636710279459938
0.0029895866122781655
0.0074268052343993045
0.04392935028396291
0.08440785730975921
0.04284297420484922
0.019366631546996988
0.011122533134487163
0.020865183622263434
0.05104326559951694
0.11911970124591179
0.06902226138527626
0.030089577610143026
0.02906267973780856
0.03540139658690569
0.041964108620341965
0.08178253685544899
0.05043071027950456
0.009791988438598945
0.003389484722352932
0.008420242040990586
0.04980550188406067
0.037441011298284685
0.0398549548708341
0.009634293255777578
0.013883335120631132
0.013703061729677439
0.0301643656510957
0.13505359097008704
0.07825493314253468
0.03411447027250173
0.032950210760701856
0.040136817708665
0.04757738226136185
0.09119316423652635
0.04505141039945869
0.016220336904677515
0.05160415453796744
0.030401414098792916
0.04914052110167215
0.0074455805995110565
0.003427665899834468
0.0022416290177398428
0.0059935541906526715
0.0014782778372755593
0.0012440970313085313
0.08021859114941579
0.142706282368764
0.07927293575964756
0.026180063768300767
0.03664029124660477
0.06735587973324544
0.007887078346724885
0.004390053232422358
0.0007053615621837051
0.0055707213913822225
0.0022357143491611897
0.0005843407024684357
0.14841464431676515
0.057034884698132865
0.05009663305336956
0.038732294998077565
0.04819763698190679
0.18194565710255645
0.03946806511145671
0.07021241290380506
0.03900279655012216
0.012880760514788826
0.01802726001420515
0.033139527992951286
0.07737118919823924
0.04793328967837579
0.05765861928116434
0.042735407368260425
0.06596047152400483
0.05518640164972514
0.07302096386207146
0.02806153175512018
0.02464786712013383
0.01905653937567822
0.023713548784184857
0.08951843878553047
0.02096283337593987
0.022724581417229012
0.01977056027153135
0.03399690239381189
0.05024721441046664
0.03470275237438532
0.07962528689578371
0.049329756748604285
0.059338419763903
0.04398044165493278
0.06788213446510631
0.05679417764726973
0.03309159633765208
0.03231296515985443
0.04703808322476994
0.045686812860623524
0.04665371584768482
0.017947167403044192
0.02157355520839931
0.02338662923090542
0.02034654695144446
0.03498735297630442
0.0517110943312012
0.03571376687521114
0.04142750507112797
0.05150671125784283
0.08316558811907167
0.01802102305288201
0.017142426008430398
0.021337176748228968
0.028618525511782286
0.02794514378674544
0.04067983215610957
0.03951121626357136
0.040347420643689076
0.015521205533497999
0.06955719218736306
0.11275511562360277
0.06355033243370693
0.04873496866208998
0.022862848739599508
0.05495260652933593
0.03582764937267714
0.04454442496880661
0.07192389514856816
0.015585077937159224
0.01482524297257622
0.018452979145759902
0.04857368204405415
0.08238632637269151
0.028375255985813596
0.024520686974366022
0.027326306382497757
0.022622007407183353
0.0555825633505616
0.09010165822057734
0.05078253258025417
0.038943700828975955
0.01826950885280225
0.04391216260523832
0.05986033068063762
0.037001433372918995
0.017425578076750884
0.12487463793455943
0.025263735222969323
0.018883708858551118
0.038814818058083955
0.06583421585643177
0.02267442681083987
0.01959427334963072
0.021836220064069527
0.018077054583222254
0.04045319199234249
0.03662708556422454
0.04331895652063271
0.02962113098399567
0.03836512802737709
0.043881901882929966
0.05776759413544751
0.03570785128001266
0.0168163742242557
0.12050898015416288
0.02438050685840875
0.018223528281737116
0.047342641408824
0.028234750162158633
0.040359503483534384
0.051096585305519845
0.04678837315087111
0.04995829896548787
0.03903893530031673
0.03534659079193536
0.04180451177267623
0.028585566652572388
0.03702387072774511
0.042347776382808754
0.0943823395590707
0.06139599966538508
0.023095421757502857
0.030388397578828157
0.010267111394892002
0.01913844688285948
0.05377793836987833
0.032072706738041655
0.045845580778512716
0.05804215678931917
0.053148328290475055
0.05674914290543173
0.025763683548569585
0.027150813195801145
0.013701610865473734
0.05048426904293417
0.03784318844034578
0.0216595551344006
0.10721175432908138
0.06974157309158399
0.02623478815167757
0.03451909998095256
0.011662722387269793
0.021739940703219274
0.042626491860682736
0.01805155158556533
0.03429672340827912
0.061966334812401436
0.06100901163748592
0.03470098383198204
0.03570770046309091
0.037630220969657506
0.0189900258526243
0.06996969799309898
0.05244953559721844
0.03001950033445119
0.049450911196588725
0.023421176525639967
0.023466056006731534
0.03591784468328511
0.02884920550937325
0.03526371523270109
0.059079052119398866
0.02501891453899604
0.04753424035889863
0.08588350024193966
0.08455667874485773
0.04809453330347904
0.04875728820013012
0.06066448462886128
0.03729863484118518
0.015808682109185995
0.015950306368803024
0.03021802471409117
0.06524030426356843
0.030899424212205505
0.030958633454881843
0.047386207026873996
0.03806059180004676
0.04652321778458867
0.044570728658963873
0.044150259568803016
0.047744302988337574
0.019192608933908242
0.014950588328760492
0.025118167595361673
0.06432521141212894
0.08003430754684454
0.049207875583544704
0.020856303874952086
0.021043147950519998
0.039866467146662685
0.03609331238127575
0.09433777302661765
0.06022982752853371
0.043019983137864974
0.018168018969093605
0.018022645179944456
0.039992251432035206
0.039614974549223234
0.04283982396085093
0.017221070088276783
0.013414806207804546
0.022537932499868966
0.05485913761187881
0.05923620349267827
0.0209156207298148
0.015319044389563092
0.018399063896459376
0.0454457858910707
0.03238566806505794
0.0846470329728387
0.054042787244062765
0.03860080447451689
0.016301729958095486
0.016171289525502036
0.1128055644578407
0.041397661441609744
0.023949133980346912
0.04223207241537101
0.04528453048084545
0.10238592800287247
0.056826516418106855
0.06136055426423819
0.021665704503170208
0.015868421659707546
0.01905889797224134
0.0470755795751608
0.048431874614432185
0.027399435577406133
0.005704479043558154
0.009624184643644354
0.024089402410164332
0.06548105577442977
0.11685103958559576
0.04288227978037837
0.02480800673466903
0.043746614710966594
0.04690854116341061
0.10605773025091264
0.11707840678834232
0.01615399235621161
0.005541525711020552
0.0019462778827951733
0.00927006625702717
0.06616932714187793
0.05639681176058288
0.031905451170472054
0.006642617767181606
0.011206944476499002
0.02805106149548321
0.07624984177866806
0.088334654290454
0.044836102180295836
0.02026760016187241
0.011639972279635707
0.021835867426602505
0.053417885067766506
0.13633271314473364
0.018810621586464103
0.006452865698032001
0.002266355953875812
0.010794589015348641
0.0770513038541956
0.12255231217389137
0.08805674650107378
0.013001006499186557
0.01496543945749411
0.01339711070664703
0.04553402636451798
0.06319015221031195
0.032073484002938656
0.014498417970317031
0.008326648538811094
0.01562027719941296
0.03821245823961855
0.08917643798672473
0.05167205212696786
0.022525924122813824
0.02175715880966142
0.026502504744016823
0.03141553992252427
0.08766773722270328
0.06299135100763077
0.009300263709297539
0.010705519875628879
0.009583616662468908
0.03257274373046578
0.15396857101071806
0.05103657375310923
0.010750711809735082
0.019764196883950452
0.04888995519136971
0.08779763231398167
0.0880536767598469
0.051021483681410455
0.02224231519229731
0.0214832288919611
0.02616882933139093
0.031020007751215817
0.05945708920964019
0.029373097748787567
0.010575507785325268
0.033645425571525944
0.01982143733364544
0.03203915963889817
0.15203005512478018
0.0503940061931534
0.010615356746740696
0.019515359024503964
0.04827441427818774
0.08669223071240068
0.11353945954700294
0.03028323626792977
0.006054792112047223
0.02328416942884775
0.00867245929599888
0.02574313231098519
0.00637079948107529
0.0035460721480753453
0.0005697568702606363
0.004499758641825855
0.0018059016519574986
0.00047200208751608776
0.11988215374960094
0.04607001450530011
0.04046563122991616
0.03128606995226224
0.03893171427679462
0.1469668801165393
0.004803828853757876
0.005331513454606821
0.004344085068178816
0.006542981176555343
0.0024680964790592644
0.00265692846947731
0.3252409724584031
0.059770871762930326
0.009063012043968378
0.022431986947818797
0.006946669755532165
0.10953219327571635
0.06773088475264129
0.026028585118086273
0.022862226941643148
0.01767596870778442
0.02199559626207594
0.08303318307427143
0.019444159271254077
0.02107827565696952
0.01833826162272533
0.03153396170353901
0.04660700309030443
0.03218867565359282
0.18375427979404657
0.03376928008313673
0.005120410378545317
0.012673598823632462
0.003924721686343361
0.06188337569374265
0.05629176865691829
0.07147280354035485
0.04049219015257022
0.03492537433497325
0.05372202329809491
0.03345333207326064
0.01948687834274866
0.021124584903474398
0.018378551022663836
0.03160324222864315
0.046709399283906196
0.03225939459378349
0.03742047815328869
0.04652478492399296
0.0751214939922616
0.016277960700082344
0.015484344925948775
0.01927336331234735
0.0564154424067711
0.07162983022182584
0.04058115202240314
0.03500210583785682
0.053840051283881765
0.03352682948009799
0.039279806864070496
0.16575374017860578
0.04347903553139042
0.037857325095360425
0.02800739128463365
0.014962753649461272
0.032976199611722774
0.04099922476301197
0.06619961858509661
0.014344693275131725
0.013645332030317155
0.016984344058184206
0.04470780146080777
0.07582936618259668
0.026116927060682627
0.022569135358902943
0.025151461223340818
0.02082156783766155
0.034614703386564555
0.14606784018442495
0.03831520668268934
0.03336116401283271
0.024681066923366815
0.013185688035958586
0.017709720992364786
0.07817389709486135
0.09942144798980553
0.0663921798874098
0.03529133480393738
0.01244002589533991
0.04466001692196736
0.07574831833020403
0.026089012797964578
0.02254501304266475
0.025124578868663337
0.020799313354449508
0.046545116770149116
0.04214282954135692
0.049842442346589876
0.03408183464916544
0.04414260719584278
0.05049016274473051
0.017690792509572933
0.07809034336374553
0.0993151844767763
0.06632121867717648
0.0352536147617173
0.012426729761753635
0.02651506608372278
0.04492295108727457
0.05774505664261308
0.03699649616934407
0.03259192872955506
0.009919318566299781
0.046802416620502926
0.042375793694997874
0.050117969702560994
0.03427023789237392
0.04438662605354176
0.05076927067742111
0.11315169186044793
0.07360552056726552
0.02768829484732661
0.036431588950179665
0.012308881410219961
0.02294441581437514
0.02666164048312011
0.04517128365993277
0.05806426938637281
0.0372010115640523
0.03277209582262022
0.00997415222791297
0.036323685350023435
0.045665250546493834
0.03551857148712183
0.07815442196417884
0.014865217305512907
0.024775639213936235
0.10664217931351193
0.06937106280725873
0.02609541276356399
0.03433571321490128
0.011600762807120385
0.021624444719201445
0.04240003362466977
0.017955650601202723
0.03411451804384407
0.061637131393089586
0.06068489410978801
0.03451663078664608
0.034234017209413124
0.043038170769746066
0.03347522080501433
0.07365827009928405
0.014010035054393683
0.023350319524325373
0.0699571431223909
0.04925259331863143
0.019137563863892215
0.019128832256604573
0.02430092126561391
0.0754784286715289
0.0517997409596054
0.021936257365662126
0.041677400854812884
0.07530153084118148
0.07413819108905448
0.042168658387721575
0.04274975322141751
0.05318982746832451
0.032702955677345824
0.013860845913939403
0.013985020214280776
0.02649476923457457
0.08546601458130595
0.060171451703978925
0.023380190202744032
0.02336952287640027
0.029688217650520096
0.09221131963792636
0.026688172246611082
0.08215810369167126
0.02184412860816776
0.015091366878422491
0.024747744053843203
0.02517875573385916
0.04947454978898396
0.061556911304711165
0.03784732979686971
0.01604124140167121
0.016184949075793497
0.030662557813009417
0.027760505426338532
0.0725581579310163
0.04632466082001076
0.033088026466621595
0.013973596655511991
0.013861785087211156
0.030886384296843858
0.09508207382178935
0.02528034308933327
0.01746533080888694
0.028640714930337527
0.029139527372882806
0.09274576536724728
0.12798319897315885
0.06038062318812926
0.02081498238544614
0.016571253359724026
0.03567546035085882
0.024816926282750708
0.06486446946595505
0.041412635504571506
0.029579544790447894
0.012491909379132353
0.01239195372611143
0.08644216854846307
0.0317227580487419
0.01835206522008568
0.0323621617375512
0.034701240451008385
0.0784576690693554
0.08291148834676845
0.11441252835886918
0.05397817696592245
0.018607870263999852
0.014814124120768848
0.03189262068659795
0.06214132487417412
0.05370788468100455
0.019079271234517824
0.010957720622637748
0.013234140478836542
0.05666728412825398
0.10682705786721622
0.039203654497407946
0.02267986986177797
0.03999384308258496
0.04288452596658009
0.09695964474907831
0.10703492053930756
0.014768233832951805
0.005066149945291826
0.0017793178455955537
0.008474840343606524
0.06049303938320725
0.0767955619317571
0.06637333839591024
0.023578566415666212
0.013541782612626556
0.016355030357237337
0.07003062674617044
0.10489620532363218
0.011853572364422938
0.006461456631222812
0.004282204332665703
0.0133019930539969
0.04636448604670341
0.13038049168611793
0.01798935878845914
0.006171136648624645
0.002167407930101063
0.010323302389475623
0.07368728054947067
0.11720173647200535
0.08421223080113942
0.012433388734652617
0.014312055483671598
0.012812199220678886
0.04354603241521303
0.12777529760561282
0.014438975479435994
0.007870776082633483
0.0052162033061756005
0.016203313704040434
0.05647712407394525
0.0950155526455461
0.06352142300332281
0.014005032780956895
0.01032029785069012
0.007123363418404101
0.05679592407114659
0.08468854589845973
0.060850731295414504
0.008984215116808702
0.01034171680570396
0.009257938955706911
0.03146583212760212
0.14873629462840351
0.04930221031952212
0.010385372993339682
0.01909255500345193
0.047228539772618996
0.08481402679654393
0.06865707995044833
0.04589980583468
0.010119865943819042
0.007457321406007586
0.005147255560970467
0.041040042300854764
0.11693554172073042
0.07228396555224761
0.028123108857570835
0.0019899037865189722
0.01146107786411533
0.025736982964879467
0.14394321792080284
0.04771343014649095
0.010050700884433886
0.018477291049860373
0.04570658432466539
0.08208086649204685
0.10750002790415716
0.028672399506032065
0.005732723439021588
0.022045629539834535
0.00821115073153575
0.024373794386661474
0.11316725488319301
0.06995459065093604
0.02721683229375492
0.001925778473236433
0.011091740806931451
0.024907600103883265
0.1171280976700387
0.05160576363302846
0.01200978251173045
0.014347110821459313
0.0015471787112230385
0.010590386780300715
0.0036801240519560743
0.004084373422728708
0.003327922877735784
0.005012456341049907
0.0018907628667971482
0.0020354235470319516
0.24916106752833964
0.045789354591405006
0.006943005178064297
0.01718472851822242
0.005321714662738537
0.08391057866729361
0.026211693375163533
0.139425981884854
0.0048346420109415065
0.006166276706393614
0.0027232891912063193
0.004834344178215713
0.12307726693635442
0.15138620390828114
0.03528539387355539
0.02971355273344769
0.011092928306616337
0.03690683378717403
0.16005714499950427
0.029414360116420016
0.004460077160294512
0.011039198906568319
0.003418585671788585
0.053902833977927694
0.049032326149340826
0.062255599666039954
0.03527027701265769
0.030421363302994428
0.04679397770940249
0.029139157076329077
0.07906289756899584
0.09724811275789022
0.022666781209475705
0.019087518228612984
0.007125922408561082
0.023708368669091654
0.030965812982670367
0.040051884634940776
0.04749718465678366
0.03016859397424768
0.04820606318718295
0.03900590603266494
0.04873924857101247
0.061883483516952296
0.035059458391849124
0.03023952776333161
0.046514279258514146
0.02896498558047858
0.03393518137756401
0.1432003791779263
0.03756304001150539
0.03270625026304753
0.02419655235183497
0.012926839502022374
0.03078072314107712
0.03981248523707123
0.047213282974978336
0.029988269295450794
0.04791792437409437
0.03877275869134284
0.031948301989494665
0.006497663749380825
0.02415998373257276
0.039890172011639594
0.02907493762528059
0.09801421978241891
0.029977295206936802
0.12649880938017052
0.03318203391243247
0.02889169526866133
0.02137448993629413
0.011419172319527281
0.015337110599846014
0.0677007676338763
0.08610173725909577
0.05749747307352169
0.030563276820540525
0.010773408180966483
0.028222147082220685
0.005739836254400565
0.021342186343078086
0.03523775072671343
0.025683905402449216
0.08658274633055965
0.07759216093268216
0.027865461392565176
0.05120269581827295
0.06380964825160121
0.02738310398208191
0.030021042283894787
0.017265173792654208
0.07621158571463316
0.09692578324646521
0.06472561169786274
0.03440545613493392
0.01212775792237271
0.025877146194070437
0.0438421601169649
0.056355781577444086
0.03610640595876905
0.03180780699615768
0.009680671957414847
0.08734644865009984
0.0313684921695723
0.0576395036209602
0.07183130483019987
0.030825496507648084
0.03379505605659961
0.04710256263538406
0.036863667023411616
0.009016173671739305
0.04529283496553324
0.01732331692597567
0.02626375029208553
0.03510886769063899
0.0594829347592834
0.07646081465731387
0.04898743548009155
0.04315530309958883
0.013134270230588161
0.04783214535496329
0.060133405538634326
0.04677194667340024
0.10291614508551856
0.019574975062103667
0.03262532324910038
0.06390649212449372
0.050014850880785944
0.01223271090803099
0.0614511406402006
0.02350344343830511
0.035633393541522076
0.050089943526568974
0.010391675591918054
0.013000431739102654
0.018998406168030058
0.03423836363457642
0.040355511268175215
0.03791121279855599
0.04766105130261476
0.03707091141698072
0.08157016265504598
0.015514901947186736
0.025858459058014583
0.07747148467760748
0.05454298672461826
0.02119319656971134
0.021183527069928997
0.026911168258930633
0.08358583082911339
0.03970071787520947
0.008236323538807912
0.010303993903611945
0.015057920018526818
0.027136936467978837
0.031985317905536145
0.04783155356858353
0.03286557145936758
0.030854694597471106
0.015291613637075362
0.028200023335146453
0.18206038517498088
0.07688605473381718
0.05413082090921887
0.021033045619614357
0.02102344918948774
0.026707808225407092
0.08295419651298293
0.024008938314848068
0.07391022604962026
0.019651189727378355
0.01357633985282735
0.022263310313272507
0.02265105259636558
0.04747010414195144
0.03261721569682913
0.030621534458627333
0.01517605926827412
0.0279869237909118
0.18068460669980424
0.046288758250219705
0.07415449216598227
0.023778195509767123
0.016058484069013102
0.022583420363787958
0.023783718747798072
0.029502713033483223
0.09082251621402533
0.024147815438170732
0.01668290590239462
0.027357646836955633
0.02783411310793472
0.08859087144688117
0.12224971223964626
0.05767564702885254
0.019882497291130886
0.01582888200115547
0.034077244489130736
0.056880647258273104
0.09112267580627081
0.02921917118446135
0.01973301947083009
0.027751005128590318
0.029225958261195263
0.0858616511232681
0.03977471287993138
0.034865601657173534
0.007705059362282754
0.006904986139475893
0.01630287936863012
0.09643041348015928
0.1330677766971508
0.06277945345715152
0.021641929958342174
0.017229604036746487
0.037092792097904594
0.07227362300818078
0.06246508934049114
0.022190194033784603
0.012744404322132889
0.015392000118141177
0.06590702625468163
0.09345968026593343
0.0432944382014139
0.037950912200380355
0.008386891877901892
0.007516018949014078
0.017745546157955823
0.058226216535600527
0.01938831498591561
0.013269152944009042
0.016129969148126394
0.021701272493192657
0.04371720614771106
0.08411994958912021
0.07270370499908703
0.025827375545895474
0.014833332058084814
0.01791489370703348
0.07670980774666707
0.11490069584691753
0.012984108517004135
0.007077718977741883
0.0046906201808153
0.014570672536147224
0.05078650550717991
0.06777004107273689
0.022566242168994288
0.015444091914612082
0.01877382280200443
0.025258315166246676
0.05088286741770741
0.1313042824745343
0.06866969142334273
0.012035512530910878
0.0033994812651755293
0.015048362780824427
0.07172781847064924
0.12941596102710276
0.014624375156500492
0.00797183860926811
0.00528318052418148
0.01641136787882467
0.05720230298845713
0.09623557360906097
0.06433705229282925
0.014184860536642547
0.010452812785108592
0.007214828999134956
0.05752519644898026
0.14789179280563855
0.07734465003437929
0.013555944193033838
0.0038289335994315028
0.01694940415121188
0.08078910655270564
0.033100931923190934
0.03943945640112486
0.015347216979708601
0.017944808306260607
0.03178540025768775
0.04116290786305133
0.09372753575209429
0.0626603359113012
0.013815182611032484
0.010180397406951909
0.007026800148858868
0.056026006856059254
0.15963510500636582
0.09867879569727024
0.03839239438686319
0.0027165265174224303
0.015646144374938442
0.035134963396823427
0.032238273892996334
0.03841160728044487
0.01494724636862714
0.017477140718483334
0.030957026880198853
0.04009014311139359
0.06902360075428574
0.105703147384598
0.023475791155694377
0.017235125633876525
0.012632798785952746
0.004167816394874704
0.13488596091664887
0.08338005715718473
0.03244020172478033
0.002295367861871424
0.013220433053055798
0.02968778890684994
0.13960695627785033
0.06150978057798846
0.014314662453964965
0.01710056351130595
0.0018441084162420186
0.012622860727816322
0.0583224768342633
0.08931538339463048
0.01983620487603982
0.014563065452000019
0.010674263679295106
0.003521655962355018
0.10966387444811052
0.0719530366700721
0.013799604283501769
0.02228186806006479
0.008475747095243433
0.03468399859336689
0.02423153290191
0.1288930562046478
0.004469409331183836
0.005700445780234749
0.0025175585069470963
0.004469133998209692
0.113779403740138
0.13994974412353794
0.03261976135483375
0.02746884454918142
0.010254913842956763
0.03411870970788249
0.1159029355890575
0.12426357015349163
0.013552498462299445
0.029877459189083348
0.024009623435202198
0.02461189515866983
0.03075091874431399
0.027100160331124282
0.03259159006903913
0.00940216574290736
0.02164622221204465
0.01781837212481216
0.09939409208398219
0.12225567455349194
0.028495592851451312
0.023995914680635493
0.008958368714500278
0.02980502677125223
0.03892873853211601
0.050351313093076354
0.05971118806247187
0.03792651293742267
0.06060235623481691
0.04903635883881628
0.02686303099566315
0.02367384379684728
0.028470983306293305
0.008213434918096042
0.018909455781014245
0.015565566891219967
0.061945774616333375
0.020453173878412837
0.040429313643370636
0.032228204514355346
0.03561140983019754
0.07817460517816467
0.033571942357210345
0.04342271145971107
0.05149461912463592
0.032707628198501926
0.052263157937879653
0.042288701725746336
0.03484539813720993
0.007086876804386697
0.02635082929999965
0.0435074429296565
0.031711474922848384
0.10690222324020314
0.05342171498767152
0.01763871115170072
0.03486603055624469
0.02779343654661991
0.030711095277132287
0.06741737435632147
0.030782159514791546
0.006403074831317178
0.05281669427104131
0.08451430863336687
0.041304819422891964
0.04617751800198064
0.03020998767599641
0.006144124399979361
0.022845433571189348
0.03771973875986485
0.027492963714594715
0.09268124398826975
0.08305740235500941
0.029828178657097013
0.05480918248853889
0.06830411172029284
0.029311846168868113
0.03213558893215383
0.026687273192306463
0.005551287173729025
0.045790599858612696
0.07327154685407199
0.03581012565307242
0.040034619327774364
0.05356417403035752
0.018914873455820037
0.0398975560985501
0.09621815412350712
0.02752415783245886
0.022195781147879883
0.08101609995647463
0.029095091287275315
0.05346213680081835
0.06662540105596862
0.02859144870646921
0.031345792322754126
0.04368885033850795
0.034192008701975994
0.008362735276630293
0.04201028091684819
0.016067826423884372
0.024360310599680673
0.052247726924820166
0.018450002469507298
0.038916993564081015
0.09385339983038109
0.026847696399666898
0.021650275268694535
0.018772349616164887
0.0822987400050069
0.09482501674285307
0.05078089175063492
0.018137691843170548
0.02440118557757558
0.054931639841645834
0.04299090255125972
0.010514782576047302
0.052821111178030684
0.020202684376359806
0.030629137592865906
0.04305544939205446
0.00893229720471043
0.011174686801571115
0.016330322170625595
0.029430021855651273
0.03468809407173267
0.023603183423385205
0.10347731080924301
0.11922707114829366
0.06384873108058871
0.022805204260768114
0.030680531244721268
0.08556210217505177
0.047555667237651165
0.04376654670257386
0.023780583026454975
0.04113842420869869
0.03885345519539681
0.04162170496726561
0.008634852131005684
0.010802570260535296
0.01578652321607419
0.028450003522252094
0.033532982182665365
0.05014596504313312
0.03445582830925485
0.03234765173334415
0.016031524499792386
0.029564529664547742
0.19086968809477253
0.08271288822655369
0.0459720657718242
0.042309122771036496
0.022988690738397703
0.03976851663168696
0.03755963697826624
0.1410138181285414
0.053385685745167326
0.002908575880083945
0.004467272849271496
0.009542739212452944
0.025127105561278555
0.045667579017202156
0.03137868142656316
0.02945877978981521
0.014599797037124447
0.02692421002170017
0.1738236876199151
0.04453109095102939
0.07133871289483294
0.02287529471352308
0.015448714583080978
0.021725887326009604
0.022880608224284605
0.12842029615669717
0.04861796996144968
0.0026488196750627893
0.004068314083895459
0.008690505739602372
0.02288307898165385
0.14854106839953637
0.01184123287991998
0.0027974594204344103
0.011554422689412999
0.02787392843595391
0.061409807259664766
0.06121651345937432
0.0980687242291788
0.031446473841332395
0.021237217054601434
0.029866393243590018
0.03145377827955977
0.0924066650958715
0.04280663747199052
0.03752331726156848
0.008292396322685244
0.007431335565235482
0.017545606149042985
0.2041981482768919
0.0162780425201429
0.003845643764968616
0.015883766981132093
0.0383180532707287
0.08441954177100504
0.07293529943800767
0.016604479039315848
0.002258758231293677
0.006253341141609394
0.013792047456937915
0.04591774767169672
0.11639689898838403
0.053919918576114306
0.04726496475630313
0.010445233751719544
0.009360627983252968
0.022100723411036385
0.0725163089076012
0.024146666611197316
0.01652571729852379
0.020088645545094697
0.02702727866307787
0.054446443787849
0.09187045839783918
0.02091526479706641
0.002845167644718058
0.00787680754894307
0.017372681429663715
0.0578387222606887
0.13777405935054732
0.08154533102873297
0.02566158430974016
0.0031512871879293895
0.026605872649997638
0.05230324383939565
0.056012537581950926
0.01865119848780331
0.012764678390232207
0.015516730381283402
0.0208762206000094
0.042055139386042314
0.10852414931964176
0.05675610654363769
0.009947457420486727
0.0028097012944173
0.01243760476554953
0.05928367556169081
0.10641847045777533
0.06298667138035703
0.01982134056758447
0.002434095098115416
0.020550721129607614
0.04039970394721794
0.18573343657776084
0.09003658219429009
0.007116750663452863
0.002873494463950981
0.013593841675775268
0.032399621609694604
0.13089710052022113
0.06845674285358636
0.01199818973060962
0.003388939282849297
0.01500169696268938
0.0715053864771675
0.029297203929072434
0.034907349428007564
0.013583621954861916
0.015882716221904767
0.028132843977853164
0.036432753880639976
0.22402357880804935
0.10859820255554939
0.00858391457395867
0.003465883824477161
0.016396299546647307
0.039079011936504926
0.04055339440519429
0.04488255885458811
0.014066546675090951
0.017717230854219206
0.01006740521489885
0.013081342495313468
0.03750777391759788
0.044690168166834694
0.017390445262235318
0.02033386294100965
0.03601710095389911
0.0466430687057649
0.08030583835422787
0.1229808322753082
0.02731302147649474
0.02005228933355753
0.014697690154960757
0.004849065914257261
0.051918522758132836
0.05746093976874845
0.01800871010653315
0.02268250208909895
0.012888805349870368
0.016747401494037986
0.1836475078495364
0.06653301345500166
0.026157869132695296
0.010596352570703866
0.014030233442884855
0.046546875659128385
0.06006763695955748
0.09198793185512558
0.020429755693252262
0.014998830229293377
0.01099366539799986
0.0036270330638449176
0.11294530266001522
0.0741060585804288
0.014212524317896777
0.022948599477627746
0.008729363482365167
0.035721833997766995
0.1373657514335964
0.04976575775738715
0.019565717996338362
0.007925922602350914
0.010494417170363564
0.034816407947343066
0.15557937610590925
0.07382368276243872
0.010554446591338954
0.009063068974071126
0.005390269046337461
0.014886564466008011
