0
0.41900524414929163
0.0
0.07645972579577345
0.048733705795561
0.0
0.31087486181090246
0.03022336249193037
0.11468958365844677
0.0
0.0
0.3262093684049307
0.05685930336408884
0.14782457226971496
0.030392762547287032
0.0
0.06796028508436057
0.08104736904318124
0.1409618481873857
0.14873996041355866
0.0
0.514098235685921
0.060503087380097686
0.11479652377406317
0.0
0.0
0.13528901310464855
0.0
0.11479652377406317
0.060503087380097686
0.0
0.8319132860949285
0.0
0.08403592915537013
0.0
0.0
0.0
0.0
0.08403592915537013
0.0
0.0
0.2990811447238524
0.0
0.35618069444061534
0.0
0.0
0.1888933527106368
0.0
0.15582906701181778
0.0
0.0
0.24649637272561284
0.0
0.2681526682936083
0.0
0.0
0.1042869301825069
0.05117971539529092
0.18147950991565215
0.1483953228572609
0.0
0.45920350506698027
0.0
0.04189753537949691
0.0
0.0
0.14813016399288625
0.033122912385935094
0.25138524538665274
0.06624582477187019
0.0
0.4061491965190065
0.0
0.057438163511491176
0.0
0.0
0.2572278110129388
0.0
0.24889871695548177
0.030272573695069187
0.0
0.3285499089099525
0.01079231485331021
0.046150598881814615
0.11731182494757936
0.09613890669602879
0.2197182003643537
0.050992645493612404
0.05661866689353109
0.0737245197249445
0.0
0.45869363879253794
0.0
0.10519308758282539
0.0
0.0
0.1487654992308734
0.09448137259069604
0.19285400467785427
0.0
0.0
0.4894569872232895
0.0
0.19777048108450931
0.31270260926575266
0.0
0.0
0.0
0.0
0.0
0.0
0.1234877651468464
0.03451588174054267
0.41476542010440726
0.05565518484143182
0.0
0.26241150956256953
0.0
0.109148802633214
0.0
0.0
0.3246870464668747
0.11685151620565472
0.4285649810021728
0.0
0.0
0.12987481052306016
0.0
0.0
0.0
0.0
0.40983068263680544
0.07517057905171827
0.10511261304319842
0.010697903411718775
0.0
0.12439043478549294
0.04538735611261886
0.12903383569538682
0.03652492730991498
0.06384688370547824
0.3043087723313665
0.000606070701354255
0.000574969085789689
0.0
0.0
0.0039468077779288135
0.00109470045271462
0.0
0.005502926542184187
0.6839656175871383
0.37987804156183846
0.058349442763284846
0.11216886401571204
0.037106810631092384
0.0
0.14479775266687023
0.01937473688963593
0.1272013639458029
0.12111938972751746
0.0
0.12428171032798613
0.06926469456432822
0.07600469650814166
0.0196217961039457
0.04813052522542793
0.3437644396557087
0.007510874584699093
0.1858469419462697
0.027132668811676777
0.09843829330671537
0.2263951806020625
0.0
0.38420530580835216
0.0
0.0
0.09055806661824009
0.0
0.2988263539599049
0.0
0.0
0.44606602640410997
0.10686792465637705
0.1577081412984546
0.050378025516933364
0.0
0.23896395119467848
0.0
0.0
0.0
0.0
0.0
0.19899555391051169
0.8009415181740528
0.0
0.0
0.0
0.0
0.0
0.0
0.0
0.36118044802555593
0.0349271439587191
0.08835945539237057
0.1406399082293911
0.0
0.3748774245009267
0.0
0.0
0.0
0.0
0.36284163402030134
0.024958358228100132
0.06840188719281456
0.14010421242602916
0.0
0.10789659462649251
0.14842366609274332
0.052616840993313735
0.03327781189481431
0.06147527395305534
0.31036987340769695
0.0
0.12249188185242992
0.016139724417214067
0.0
0.2093192074445033
0.0228250177561981
0.29602205946184684
0.0228250177561981
0.0
0.48560480560901337
0.0
0.03052217322805022
0.0
0.0
0.1618682792564499
0.0
0.2441773697442336
0.07781658094406464
0.0
0.3759978994047641
0.0
0.29541185119387586
0.0
0.0
0.04177754178441588
0.1981682743817655
0.08862354446381954
0.0
0.0
0.040298230771330275
0.0
0.0
0.0
0.0
0.48357876925596327
0.12743420591163426
0.284951541989419
0.06371710295581713
0.0
0.830413127655331
0.0
0.023027088054966838
0.0
0.0
0.14654350167905156
0.0
0.0
0.0
0.0
0.6401455540592512
0.0
0.13716705003179114
0.0
0.0
0.09699174820622197
0.04337602945133647
0.08230021990204713
0.0
0.0
0.4103945223515026
0.10107655403047185
0.02953794821608542
0.09855485196859591
0.026625147042570924
0.03132972555997656
0.028188113763140336
0.08861384075784541
0.07489170812547123
0.11078236656329637
0.35185592338186156
0.004705540237116855
0.0005103048034434537
0.0
0.0
0.01533570038194062
0.0016137255942602234
0.0023105033768492794
0.004290429026764407
0.6193776927777641
0.22180206112957204
0.036738110027937816
0.29044022105389966
0.036738110027937816
0.0
0.27109140804725473
0.036738110027937816
0.0697056547666957
0.036738110027937816
0.0
0.28883659835387465
0.09785730831993764
0.22280540461891876
0.039142925284338936
0.0
0.22756821161618188
0.0
0.12378079918290336
0.0
0.0
0.04446276727536688
0.0
0.37727905941572126
0.13256236812849098
0.0
0.3408812295808727
0.0
0.10479975467679184
0.0
0.0
0.3954761568674772
0.07369263530094065
0.279643857086228
0.0
0.0
0.18125990830022606
0.0
0.069910964271557
0.0
0.0
0.0783929845403639
0.024790039588777638
0.3658525442161282
0.10517522494451902
0.0
0.33708983410763804
0.0
0.08869153330423596
0.0
0.0
0.5447919663137543
0.0329241054289933
0.22905332333030895
0.09877231354440125
0.0
0.07362053613659265
0.0
0.020823031138941774
0.0
0.0
0.3070872189546771
0.0
0.09650819518304275
0.07629643282399282
0.0
0.3753288062188425
0.0
0.14476228641906974
0.0
0.0
0.37677560666152365
0.06017827883497339
0.1903004135612153
0.0
0.0
0.25118374668608595
0.02005942683530802
0.10149355657283589
0.0
0.0
0.18107485721139951
0.042620601074745315
0.09434471733282812
0.0
0.0
0.5336943249606645
0.0
0.14825596916460018
0.0
0.0
0.21091597764282347
0.050309787153865686
0.11666856358946366
0.04743252475686009
0.0
0.3524877880600291
0.02704069778830038
0.13788103985616956
0.05725612141229748
0.0
0.1262346215543837
0.04259113122148984
0.022315338994586032
0.0
0.0
0.5680558322642733
0.0
0.22315336055457147
0.017641825746672106
0.0
0.14855443727396503
0.0
0.0247161989197407
0.0
0.0
0.35827834182589413
0.07815948923167852
0.37074292194458364
0.01953987230791963
0.0
0.28927836331491386
0.05624748675148334
0.07114806327171726
0.0
0.0
0.37731961247235163
0.0
0.17787015349387636
0.02812374337574167
0.0
0.4650135031938292
0.05903087872783732
0.09337166559220218
0.0308974822630667
0.0
0.09729966654106906
0.05147283528779473
0.024282793415020622
0.1314281827375419
0.047197268731901894
0.687164816123566
0.006126326604811909
0.005116800878699818
0.0
0.0
0.031406564182023915
0.003203323411089953
0.004599101292662125
0.01402032698614617
0.24836252371728834
0.034217412942063784
0.0
0.2903443608967011
0.038256232985385726
0.0
0.5645873485982473
0.0
0.07258609022417528
0.0
0.0
0.1957191543503865
0.027352585002585885
0.5026375673418184
0.17641888368259573
0.0
0.09785957717519325
0.0
0.0
0.0
0.0
0.99990001000049
0.0
0.0
0.0
0.0
0.0
0.0
0.0
0.0
0.0
0.9687348644273402
0.0
0.0
0.0
0.0
0.03124951081690209
0.0
0.0
0.0
0.0
0.20967696873077973
0.0
0.444791986357732
0.04688519662309696
0.0
0.20967696873077973
0.0
0.08895839570933127
0.0
0.0
0.5974213408017433
0.07421526260724516
0.1408135440224407
0.03710763130362258
0.0
0.06638014485654956
0.03710763130362258
0.04693785006819119
0.0
0.0
0.3746606692150745
0.0
0.0
0.0
0.0
0.0
0.0
0.48569592401896666
0.1396277959043927
0.0
0.2295057532749724
0.0
0.4327601939922568
0.0
0.0
0.2295057532749724
0.0
0.1081900484980642
0.0
0.0
0.0
0.0
0.2654879146616139
0.0
0.0
0.2920218396601765
0.0
0.4424798163268376
0.0
0.0
0.5473506773276179
0.0
0.154814156051759
0.0
0.0
0.19461357496647755
0.0
0.10320942830543835
0.0
0.0
0.1062186025365197
0.0
0.0
0.0
0.0
0.7435302111607189
0.0
0.1502157801011244
0.0
0.0
0.09183669628542915
0.0
0.1587381809801148
0.0
0.0
0.5306119824351206
0.022817010596435167
0.17316891502950552
0.022817010596435167
0.0
0.23073566405857673
0.10178530168664371
0.10583741256520521
0.04361075139057304
0.04119263453269294
0.2917631785623357
0.02180537569528652
0.12868697173400698
0.03457867050445533
0.0
0.3151109412713469
0.10582110733432797
0.035689497788361356
0.07006549682343531
0.038087386836659444
0.11459887880752137
0.03973525044128326
0.19380844486739787
0.022705699588325485
0.0643730901933673
0.655614048582189
0.0568750807558019
0.008296953019807735
0.0041781080584796315
0.0
0.01679537909309831
0.004376353569892759
0.0
0.008246350085014488
0.24561757152474398
0.0
0.0
0.0
0.0
0.0
0.0
0.0
0.0
0.0
0.0
0.46355400720860745
0.0
0.0
0.0
0.0
0.46355400720860745
0.0
0.07284047958403077
0.0
0.0
0.3972332271100029
0.0
0.07327468224217433
0.0
0.0
0.4317752390260611
0.0
0.09769958061220073
0.0
0.0
0.5857786659725813
0.0
0.41420802087584724
0.0
0.0
0.0
0.0
0.0
0.0
0.0
0.18008258818590112
0.0
0.6912612642282935
0.0
0.0
0.1286304215018884
0.0
0.0
0.0
0.0
0.32507034479520724
0.04038218817631773
0.051079872992605795
0.0
0.0
0.4153676538236437
0.04038218817631773
0.12769969257302577
0.0
0.0
0.38555422887232615
0.0
0.037603863258043484
0.0
0.0
0.1728346529557976
0.02972846628774215
0.22562316964273352
0.14864232400956523
0.0
0.3645384737318934
0.07088111511927765
0.268974865739834
0.035440557559638826
0.0
0.23774248800288555
0.0
0.02241457509718533
0.0
0.0
0.2782850012310261
0.0
0.0
0.0
0.0
0.536692521415411
0.04444744291941555
0.1405551569341441
0.0
0.0
0.38322504516138944
0.02197223886310289
0.13896464132693173
0.0
0.0
0.1866993854813857
0.05740140626274918
0.18065401761847735
0.031073439002393944
0.0
0.40867973929012286
0.05483014124621169
0.10403287853747305
0.08421326862327685
0.0
0.1471247119906548
0.0
0.13871048035742004
0.062400606360054844
0.0
0.18825812903303304
0.05261974990536892
0.19135799922411878
0.02630987495268446
0.0
0.4118146594513729
0.0
0.11647876689041584
0.01315493747634223
0.0
0.2327911060289373
0.0837791159046065
0.08779101744706425
0.0837791159046065
0.0
0.3259075253147945
0.024538337730461216
0.08779101744706425
0.07361500451923951
0.0
0.347254902788674
0.16116013533717558
0.091301025445293
0.11596753710268486
0.029179318532470275
0.05069523744657413
0.029407133277065702
0.018154243739797654
0.0949823431079858
0.06189695622315591
0.5686122145207128
0.03676003313017675
0.009884690259473302
0.0008782956016459493
0.005121299119599518
0.02250716449493001
0.0
0.0
0.013268225307313138
0.3429679144707531
0.0
0.0
0.0
0.0
0.0
0.99990001000049
0.0
0.0
0.0
0.0
0.0
0.0
0.0
0.0
0.0
0.9998333611027581
0.0
0.0
0.0
0.0
0.22653726074456482
0.0
0.0
0.0
0.0
0.45307452148912963
0.0
0.3203720365334642
0.0
0.0
0.18529206536026643
0.0
0.22460788335964982
0.0
0.0
0.1191163319577227
0.05918938111712252
0.4117811030577692
0.0
0.0
0.0999999088388334
0.0
0.0
0.0
0.0
0.15999984818167448
0.0
0.6505376033684803
0.08944263962954212
0.0
0.5684410288961397
0.03259161222418021
0.10306372808019017
0.03259161222418021
0.0
0.1894803429653799
0.03259161222418021
0.04122548797421772
0.0
0.0
0.9999500025006199
0.0
0.0
0.0
0.0
0.0
0.0
0.0
0.0
0.0
0.5086766546263017
0.0
0.2877509557736411
0.0
0.0
0.20347065427064798
0.0
0.0
0.0
0.0
0.22811118577790432
0.0
0.15054569380077765
0.0
0.0
0.2737334229334852
0.06800961559265889
0.27958487448339314
0.0
0.0
0.2288091542691197
0.06821770959130026
0.021572332376812674
0.0
0.0
0.2288091542691197
0.03410885479565013
0.30201263622776764
0.1164549045272181
0.0
0.23083910041810748
0.0
0.1741097287039101
0.0
0.0
0.2923961785750672
0.06882292260089319
0.130582299394408
0.10323438103486436
0.0
0.20836947305275583
0.09997210657440603
0.30137618823661505
0.03176783955527347
0.0
0.1468057670299047
0.051129562972290904
0.03348624431351801
0.0787935374619597
0.04829454513340853
0.2548927288734429
0.05427216102415866
0.11071427244815954
0.0974503713609119
0.04652022577974787
0.15459902552955745
0.07043527630549473
0.09651990530914094
0.06807328645235697
0.04652022577974787
0.14301679694217842
0.18603079155766905
0.2560135027332503
0.13571290075509718
0.07384141963258692
0.040925629443360804
0.0411028326577496
0.020970450185787946
0.03791131663056508
0.06447400439468152
0.4571933141930831
0.16238948865936342
0.024852093051647657
0.0
0.0
0.03170141757522749
0.0069888109996441685
0.021737499690803817
0.0398044604406994
0.2553327198191867
0.1909925079698437
0.0
0.04155449170743318
0.0
0.0
0.7345865960592592
0.0
0.0
0.03285171253154277
0.0
0.21997854066568648
0.040990583350747394
0.0
0.0
0.0
0.5316148031942259
0.0
0.20739774124387508
0.0
0.0
0.10869568985534395
0.0
0.07685945857024368
0.0
0.0
0.35326098696833025
0.0
0.4611566906830109
0.0
0.0
0.2798134549918523
0.0
0.3957159459356415
0.06320342075453311
0.0
0.11992004894838666
0.0
0.14132714269431504
0.0
0.0
0.27120302521338474
0.0
0.027395641582473096
0.0
0.0
0.3293179612495386
0.043316315753350765
0.32874768455667724
0.0
0.0
0.24137586824417445
0.0
0.0
0.041517914602499435
0.0
0.33421276618505236
0.041517914602499435
0.341356968990613
0.0
0.0
0.5822477972503896
0.0
0.10292784035397011
0.08137160831151027
0.0
0.18195244341900338
0.0
0.051463920176985055
0.0
0.0
0.31646541867544375
0.0
0.14918322746112242
0.0
0.0
0.0
0.0
0.29836645492224484
0.23587941046593935
0.0
0.0
0.05544160757058903
0.01753217446295039
0.039203137690541075
0.0
0.6570473171011058
0.0
0.17532175848436501
0.05544160757058903
0.0
0.46371746559158095
0.03187833585349714
0.08553853913121928
0.0
0.0
0.2822628012240274
0.0
0.114051390515487
0.02254138686990176
0.0
0.25640637581301867
0.12360615813818311
0.13115038762849807
0.06050576158107455
0.02551150748136882
0.2301480483753848
0.06742353816573637
0.04245371223362655
0.06278950736475687
0.0
0.21622249966564078
0.15210804598964206
0.10311678658367965
0.11101034502669226
0.022097586426116943
0.19704690138337383
0.07345568129229099
0.01541275165265453
0.09454726629063907
0.01497850286858735
0.07218863635735877
0.33585247761731796
0.2226943716887717
0.16132495760858417
0.07825470153606802
0.01209043004704255
0.028446387430322927
0.04713337313857
0.023113124645428015
0.018900746918419427
0.03074911371048071
0.4208450674187213
0.43009939362322197
0.019852565217376147
0.028343016554398238
0.021238929670407265
0.008092757468542584
0.017687461866361446
0.00511033837919007
0.017981078573995047
0.25297181519230333
0.06452868032506794
0.045518224002255726
0.03826370299759043
0.030453412512062395
0.1298307518264267
0.006912735984408255
0.033378853085132505
0.10845637064653424
0.2896851458154937
0.04446395515149186
0.01988488571288884
0.05030522032397018
0.05194830090804922
0.0
0.5446497418059278
0.13578248118282946
0.11318675069816705
0.03976977142577768
0.0
0.11503004457241638
0.019145103580536477
0.13699119646383143
0.08194776207215275
0.0
0.4056322776336456
0.019145103580536477
0.12842925232326713
0.06280265623624619
0.030870549324419315
0.1398547154471123
0.041284260694105714
0.1062640928546078
0.08018807140108283
0.05965197701381019
0.23902991040705085
0.032350827198034504
0.21824492201639045
0.04335841691309821
0.039767983478173626
0.2020044132501567
0.0
0.07791201072642713
0.03871479143943392
0.055431145763485276
0.33055267622752915
0.08556986983293774
0.19045157569470025
0.01935739571971696
0.0
0.20271669518838312
0.023742462669119176
0.244212870359677
0.033576911839336435
0.0
0.3453691769364699
0.016788455919668217
0.1167974631422285
0.016788455919668217
0.0
0.11212605264177229
0.0269517477155403
0.16914150653628132
0.13792303232701242
0.0
0.36627843120397474
0.03342953004292268
0.1374274594411558
0.01671476502146134
0.0
0.3203669963836608
0.02310846462509769
0.13153568304609378
0.08347820354987906
0.0
0.3307014056866921
0.02310846462509769
0.08769044766432023
0.0
0.0
0.14957268956293981
0.0
0.12087298187234474
0.0
0.0
0.42735054615698465
0.0
0.3021824148807413
0.0
0.0
0.19313592307989536
0.09929661408968514
0.28614186694186605
0.1028250145752897
0.0
0.2299237251308155
0.020565003942897085
0.039019347049404685
0.029083308241141217
0.0
0.1096572014777476
0.055112439558417665
0.12340335306748304
0.17944207509394042
0.0
0.2523605850268021
0.09840538083503994
0.10034503901676402
0.08126747550025668
0.0
0.061056086397810204
0.018433830136014916
0.14217795113702425
0.34557367047652
0.2437209583907164
0.11637178352238438
0.01021413229558335
0.02053313314310951
0.035638955699199615
0.006277976168710099
0.013680381496768635
0.04513429714773173
0.20236950620518657
0.49840995715968994
0.07157637810366252
0.048823552467337064
0.05642821952062701
0.02438237216716281
0.020036270220556558
0.01915850133198277
0.016376727444866023
0.03607215132409232
0.22102752807991136
0.4759586664465299
0.16803642422404033
0.06122530391487911
0.018416399104045595
0.0028865279199264617
0.0
0.0
0.05940461646015478
0.1507743867112341
0.3669499933309689
0.23996746818008982
0.0358981673190193
0.02662353301142514
0.0517593782092075
0.02869291777099997
0.03352594039718099
0.006403345692781314
0.10823280405054526
0.13637652528900238
0.059610837073046874
0.10307423483135794
0.02744968535378476
0.12589672829962845
0.15342932101841047
0.1350980871383393
0.03916755965939767
0.1116639813154675
0.006732625116084231
0.0008370629570325041
0.007259915956324061
0.023251910977600883
0.10349610863506248
0.7798267531154242
0.04580640870488219
0.02142948172554006
0.011359500652555943
0.0
0.002299021185143215
0.010435889364897083
0.007791083067906513
0.004126838413257028
0.3004355880628773
0.5966016626898064
0.0576151846108525
0.007795213070244142
0.007434691653281676
0.005464572434945892
0.013424722885874435
0.005913183042218493
0.008236304974926915
0.010130650556383503
0.13319508489109674
0.7469288378446038
0.05748490967337371
0.011351943500629205
0.01333410444981855
0.0
0.006596754165400542
0.0009796057503347229
0.0030981575440841495
0.003912999155713126
0.0765616429202947
0.7455343527190457
0.15638066687701732
0.006935549174358513
0.0
0.0
0.0024117080675001546
0.0024098938353677743
0.001136889953333309
0.003260139803592517
0.356563419761874
0.6066239871201141
0.021171077550964743
0.003410670159477004
0.00301194578022386
0.0
0.005328080850951756
0.0034127316830609624
0.004616317819374401
0.004819893926672906
0.13940615395816747
0.8260208323191116
0.006211513085881628
0.008304530630920614
0.0018796850604403978
0.0
0.0024100067852165334
0.005765910223706498
0.007776725536275465
0.015318365402872734
0.34726344569397294
0.6123556673812112
0.003605062582035099
0.005504548616188444
0.0
0.0
0.005394967835987134
0.002194982094907041
0.004359792191029651
0.013816812364582978
0.8843320477955264
0.06507978249296836
0.012243495141732435
0.005468041985397977
0.0023103897222865317
0.004799431472343056
0.0076843565802409445
0.005930951314535313
0.0036490332345709467
0.023496534972119062
0.791118219830698
0.12748680733385456
0.012654553612542094
0.015863823513140588
0.00803013828104066
0.004085357496164217
0.006366017932217759
0.0023328747397389172
0.013059494838794632
0.19223763797636842
0.7336598855437021
0.024838112801381994
0.01642301181836259
0.005459871493015013
0.005622866267595528
0.0
0.0
0.008811868706898505
0.018848289543594084
0.34704772841544695
0.5548988122364492
0.05956788084716239
0.004432387537880319
0.0013424519362050659
0.0
0.005050390924998656
0.04523760230204928
0.036127633363030945
0.050974242249145686
0.3136857492813373
0.3140493341740139
0.10800366852503292
0.035789948539583304
0.047286112663156694
0.03225752141059181
0.01658799554442316
0.05324404176447248
0.052640504046870755
0.0981359909252756
0.26201214516812166
0.22378147491100908
0.13296171137673637
0.013647938542047114
0.03764439667061319
0.04999005444759309
0.07594137836422053
0.08417310628370046
0.17351838561668403
0.21629685350360114
0.14534105754368976
0.15093879830532428
0.0446412022890215
0.09889746998309878
0.037584378399535004
0.044617099191897616
0.003991370114064503
0.02724073360012514
0.11483093756341335
0.019100298331012625
0.029192246756252604
0.12736830219585235
0.24502152311233416
0.14250178188875195
0.14613279752558883
0.0861241929681513
0.062486978483337244
0.06502233647008807
0.08842656602380052
0.08207441680390501
0.07215648890276045
0.052208949091860614
0.3075831285964077
0.14281417913817324
0.12985680839577285
0.05039960261360455
0.009456968631320289
0.030455421893872996
0.019408445784421594
0.03158044687951491
0.11619665871238022
0.18374530262579314
0.24296034568036973
0.17572003760503382
0.06839124082408053
0.11452523201333814
0.017016312220885954
0.00966413532273061
0.0026640971880394705
0.0023365679485591348
0.040500922422193136
0.4193471872565503
0.46017990896639865
0.0577941921013001
0.0
0.0023828410011719533
0.0051298173524636625
0.02170093193400611
0.02571869741457447
0.026987903562907582
0.1051537060187325
0.25840028760706324
0.37282741006545245
0.09755628652634521
0.0403649980386612
0.02823456845570045
0.02305454298131615
0.052085389072620954
0.04183531188706794
0.03647162845823894
0.07572579883002088
0.13561144324247512
0.3567965781956376
0.15727481997385218
0.06841631254314003
0.06247037131325796
0.013311568813523278
0.026899553109389882
0.03354853053486717
0.011652680013337243
0.14620274597096666
0.29734670544859
0.31481771231095823
0.09662328631149007
0.0441328312361297
0.011165721974727632
0.017609736250345318
0.011567474616892528
0.028871908842734106
0.016089383593122043
0.043212162831188235
0.20283383532480304
0.3164998159621198
0.2737864909831272
0.06377872250569763
0.0433597769153467
0.0
0.044776519305766434
0.04116163316849042
0.006836143775631223
0.12166392891073201
0.20244483971981952
0.3553043738836181
0.09759189412578317
0.044250758724083565
0.05587094896845596
0.030098452483897614
0.03393203583418764
0.02830506307243413
0.04360619040560695
0.12589205471652
0.43625633668132136
0.14091570402276057
0.06854099138518788
0.060790531075448594
0.04742994924542828
0.014330564816134194
0.04149449109137856
0.03712898802854819
0.11531596396017876
0.1649304344043298
0.25717178503568955
0.2292891588116183
0.06383814618519651
0.06697854202508709
0.01958490955225982
0.004266977464001257
0.0
0.052755931334828476
0.05244527874961066
0.124330078372869
0.17994063755510847
0.3024392936766531
0.1913456991635524
0.048743138261997464
0.044057866507081565
0.00394164109688616
0.046448060470465326
0.09945336973061178
0.0677147716371674
0.2726878420135761
0.15123777217290862
0.18873353189533684
0.08871483138230826
0.046111204514749524
0.02554810243268762
0.013350142146000745
0.0134713494252383
0.00964057485676009
0.08225689316787349
0.1531479191446661
0.28129936571336855
0.20214927237587585
0.20565717329681238
0.023884758678932683
0.015188057664867223
0.013304304029754282
0.05874042596300979
0.031038047826940494
0.03303578950391473
0.08013933117852852
0.036003616562614596
0.30173017447884065
0.28643613722678085
0.11522330641005989
0.0198294703244776
0.03782336737097959
0.04422705264835397
0.02471095590357244
0.0034892815551844317
0.05374058157678094
0.16013420486315041
0.37298095281251253
0.23805222816189042
0.04607177547489922
0.018520763054987847
0.03807189553682638
0.029275889477529928
0.026141254046865296
0.026272194862431982
0.027870145737538824
0.22502371993021814
0.526334730485858
0.07793800516971616
0.040141156845997034
0.01437290101086318
0.006629769343436171
0.061152794432650336
0.009835310963457036
0.06872681088369992
0.07382606071510363
0.13418750665532947
0.5458838109809908
0.030112566179340477
0.04855729043187587
0.012083170198790516
0.01563447035024029
0.08471096190879425
0.03742072653735107
0.07608010830772223
0.10396430638645317
0.05843337925246453
0.42496066681273215
0.10957813827564715
0.05125071377003241
0.030297121750934655
0.023303639092933353
0.0
0.0
0.0008447329140229778
0.023964719705341687
0.15707406658729028
0.41110552311554865
0.292305967046287
0.0887722278121903
0.007223966679268174
0.018708497481855154
0.06564283500450488
0.04554155466266314
0.01933035587731237
0.04272563251011975
0.052762102503970926
0.15935993911023177
0.21335078110867584
0.1374004238335278
0.11278625728885544
0.15109981505855555
0.0583802996702349
0.010067139390208894
0.10164411289904424
0.04698654716151596
0.14301970373180053
0.30976910052808954
0.18532801536259458
0.03856059158598688
0.04331914651480435
0.06292472027696874
0.09052070790787665
0.10375287259279292
0.08186345566695793
0.11511008868393385
0.16885938946272733
0.12252090565756672
0.08383609881190135
0.13555493821767703
0.03182786077391104
0.06615327279155493
0.09818760849991034
0.09576413118769347
0.1381345569990366
0.06692457997660764
0.1281124513171179
0.14691549381873156
0.060256697479076624
0.11770387133085854
0.09950626125159327
0.04849384949574153
0.16325123586523477
0.013080788432788901
0.06879342197869368
0.05485230370470699
0.10993126952454112
0.14236930737330017
0.17229539358327833
0.08493376073208124
0.10106640113060529
0.0894256540819397
0.11303622314882068
0.05340140257313126
0.03478578366951636
0.0952782421787361
0.16822072250431638
0.1251779922126359
0.11890006823238423
0.09027245169609967
0.1089219902756717
0.09200450487869515
0.04538901628143806
0.0487362054954518
0.1057413794775118
0.1436019325833533
0.18866191358404874
0.1685221215658969
0.15304685770151724
0.05320139198119507
0.048616798134404476
0.04448196452787056
0.0321305279303727
0.021949144898700732
0.015055689059081527
0.07136464674538101
0.3173257329045088
0.34893211256433615
0.1420878192588604
0.023801952504292914
0.022809823076702623
0.0045420991019860385
0.031642168924086646
0.02179310242516965
0.03580872436070814
0.08328669118201247
0.1332255104358884
0.316652989305753
0.25343125043632153
0.05784863554102988
0.040365375523325205
0.025945143848382778
0.05177440246140121
0.07046133311750755
0.04796298929619163
0.12119905752028817
0.07990071934788925
0.31922204878057037
0.19064671259933375
0.08160578708222357
0.024824482514689217
0.012401930296456644
0.0633227812802314
0.07507147619098473
0.07646629068844384
0.05856744953711332
0.2030896523646818
0.3228388520431593
0.10798519852760317
0.07129330887992245
0.005181160246425259
0.01618328409916198
0.1891555183106275
0.025004318943294548
0.06792411671705653
0.08136759653010092
0.022473284400262892
0.3120463127039404
0.09511166903912463
0.14380411831401851
0.06310937045652755
0.0
0.12901614615046145
0.04735404404633326
0.11548869759126026
0.16411877614793832
0.12386190653482895
0.2110620781939296
0.051876998340515144
0.14545860821757509
0.0117601151355712
0.0
0.0583887991259572
0.029687100938444854
0.032061725701595704
0.023854042699529267
0.074979033492851
0.3362846128083934
0.3993739664326033
0.01987963398606932
0.02549036716961247
0.0
0.008811309052005362
0.007548314058917818
0.006426774116461187
0.00708549153342191
0.2287449489429273
0.398674386427688
0.31140110154883727
0.015492851688359607
0.01205258605638153
0.003761900516214585
0.012580575204179845
0.014148865542288091
0.011246950217504919
0.1233815120757928
0.3949145552062366
0.33936820345776075
0.05975254213416165
0.032952720630562496
0.008204706284572805
0.0034490310416141487
0.011402594378306482
0.0043833407384508685
0.008076827565896722
0.03481500433114919
0.28473009074716477
0.6156883653006325
0.029600084924029043
0.006317825413219442
0.004985588489090382
0.0
0.014652244593307844
0.016888868828398268
0.006972875138984982
0.009107195680590223
0.0748841646827746
0.6926821272513635
0.15566531137910283
0.024712059984395567
0.003278029744529291
0.0011568421411112207
0.006414792816995967
0.004677165031098633
0.01324765561384008
0.07429893414494104
0.23102236862331324
0.5142483016935127
0.10113357884194579
0.05102830232297652
0.003928664570609803
0.0
0.0032125585840669002
0.0007814617895986937
0.003512233819126936
0.010328818955139029
0.24265639216142762
0.7168634444834288
0.014656765516245986
0.0063303468681307025
0.001657730702935148
0.0
0.0017159615391108337
0.00857803004518201
0.00468334254926299
0.010164051424052264
0.04877992726296528
0.8250606316221523
0.0893141693040918
0.0024513736533928435
0.003837006366777593
0.005415261095650349
0.012336087335898223
0.007824905315935998
0.012852968513558298
0.015049077192275296
0.024135938762658866
0.6128338452710012
0.25522166247554695
0.035915000637147684
0.016792796884923265
0.0070374936826971615
0.01562220666710951
0.007015435561633472
0.018031753660551635
0.010877804842358486
0.11294936762790848
0.16995421738307678
0.3926037045020344
0.23902109319401918
0.015713611427637088
0.01821053537142997
0.014555732468334685
0.0924956767144022
0.15441811674894942
0.24541823165464446
0.19796558852201238
0.037596910711237594
0.12765517089622264
0.08800001893971034
0.020573195943114252
0.021320974565588742
0.016473234050634965
0.01499771529521469
0.04224309704651675
0.6476494718471019
0.10731694008959132
0.06294093996122112
0.04009553485729005
0.04590631743232607
0.005372297647918406
0.017004203549525435
0.010059822537631493
0.010886124220904727
0.002470820419919697
0.17011495498434845
0.6107736268995362
0.15542861760980972
0.014904373698595473
0.0036349794170811764
0.009834168470878306
0.011892279306058507
0.24867789847306185
0.017937442011119308
0.011344633625841247
0.035874884022238616
0.0
0.595400050993378
0.0
0.09075706900672997
0.0
0.0
0.20153945571751147
0.015021864078431054
0.009500660364022076
0.03617743876988914
0.11086171650361747
0.5661921833725961
0.03617743876988914
0.009500660364022076
0.015021864078431054
0.0
0.34123599154013423
0.02062234844917683
0.013042717435146022
0.04124469689835366
0.0
0.20403242850020428
0.06241693861063474
0.2217261740655358
0.0956694819065673
0.0
0.4108076101671976
0.17231604208224774
0.040769802244884246
0.07113805199009955
0.0
0.22342168724440237
0.0
0.08153959912002244
0.0
0.0
0.2844738674775678
0.0
0.10728180594602507
0.0
0.0
0.474123093622654
0.0
0.1341022680300083
0.0
0.0
0.18580214319900495
0.11334982809079294
0.17394532388431538
0.0
0.0
0.3322611232239131
0.1610280158575241
0.01876885007580684
0.014838079877842353
0.0
0.2333437222445601
0.1914294434363736
0.05555177417132974
0.06765233603124071
0.0
0.20366124673231684
0.07204590479509289
0.051155654330727225
0.05442103257117299
0.0707356122672491
0.27929070772316605
0.02892358799820967
0.15191411453376102
0.09664861985012409
0.0
0.2692099742656395
0.04830241268575642
0.10633988497565888
0.019365326992338807
0.0
0.2307472664651196
0.07344011858092647
0.1277745743838713
0.03777499232463698
0.025519651874773844
0.15229989662506568
0.12467699916897028
0.1902374628544328
0.037524842317449146
0.0
0.24766010138553868
0.09381688200912315
0.03281056232767959
0.10404513055868812
0.0
0.20722893575552526
0.11003824625506553
0.06591748182085937
0.09814320472172136
0.04033614079844982
0.07399098384401509
0.03591153901178572
0.029853573432807146
0.029855982052283337
0.012433910495475244
0.3411634413744823
0.3715287273631144
0.06409006139707892
0.030508282042105303
0.010661991153672988
0.14564148131270366
0.03312448254732281
0.0006206861219974678
0.003731037514177138
0.006461770293650845
0.0340541475290287
0.1955589216354003
0.2876440696633062
0.12742723956879579
0.16573594436792685
0.15749965711066566
0.30845962895215917
0.27974868587625007
0.10627231670624775
0.05711975401014545
0.006351023491957792
0.023402010384129156
0.007465596557734002
0.021576913821781438
0.03210419093865065
0.04713430619680889
0.03336077247116181
0.027963847494743895
0.3418028754348117
0.08851475139642805
0.17303959531319948
0.09178777086626583
0.1202664337645352
0.06782803376699625
0.00830069663651265
0.09562577247979416
0.08309998275710546
0.15006800107285367
0.09204685473289469
0.0
0.4379872513725807
0.07374584907859671
0.0
0.06741945809388361
0.0
0.0
0.0
0.0
0.0
0.0
0.0
0.0
0.0
0.0
0.0
0.0
0.0
0.0
0.0
0.0
0.0
0.0
0.0
0.0
0.0
0.8641620371899834
0.0
0.0
0.0
0.0
0.0
0.0
0.1357899538098581
0.0
0.0
0.8641827814656297
0.0
0.0
0.0
0.0
0.0
0.0
0.1357932134580613
0.0
0.0
0.0
0.0
0.0
0.0
0.0
0.0
0.0
0.0
0.0
0.0
0.5676733333512123
0.0
0.4322829994676974
0.0
0.0
0.0
0.0
0.0
0.0
0.0
0.7325587903147337
0.16380512905060168
0.10359945269569464
0.0
0.0
0.0
0.0
0.0
0.0
0.0
0.4374951740595553
0.0
0.1687395175771367
0.0
0.0
0.0
0.0
0.3937255360745416
0.0
0.0
0.3521772732799423
0.023863403691573894
0.07546270900067577
0.0
0.0
0.01067203792163334
0.0
0.4225912085699669
0.11522269549804766
0.0
0.3250586966444103
0.0
0.08897465390533774
0.0
0.0
0.24246344380920784
0.12694641957543107
0.08897465390533774
0.12757164639594812
0.0
0.14677135823885365
0.11663952939944239
0.15186610285387775
0.11543959367280858
0.12350256475842109
0.1724240646021686
0.09768104724650953
0.02995917778056761
0.02918531269885519
0.01652800733950764
0.301712474926516
0.26677873900969473
0.11377384561034419
0.0351434647411219
0.014826410786315837
0.030661706934032352
0.03811483203487989
0.059046764127966424
0.07257471190106211
0.06736673410906839
0.28467963092648246
0.13108119682928907
0.06363098681096212
0.05026934382805434
0.037905759257927045
0.03684310026388325
0.01834827533087967
0.021454855491194327
0.12073143075285821
0.23505504543305925
0.24555585583348233
0.1328737757908054
0.12426817793518147
0.1352817315329505
0.0
0.1882947485314464
0.04247821881022449
0.08876299626431657
0.04247821881022449
0.0
0.2049815073641076
0.02864703826635896
0.018117976542911602
0.04619195945387173
0.0
0.4483970497452843
0.0
0.25365165728296923
0.0
0.0
0.0
0.0
0.0
0.0
0.0
0.0
0.0
0.0
0.0
0.0
0.0
0.0
0.0
0.0
0.0
0.0
0.0
0.0
0.0
0.0
0.9999500025006199
0.0
0.0
0.0
0.0
0.0
0.0
0.0
0.0
0.0
0.8254762508515481
0.0
0.0
0.0
0.0
0.03752164713062022
0.08390095867591678
0.053063621693945635
0.0
0.0
0.0
0.0
0.0
0.0
0.0
0.9999500025006199
0.0
0.0
0.0
0.0
0.48274413742452393
0.0
0.08533790863932844
0.08995406434783774
0.0
0.3419437752488009
0.0
0.0
0.0
0.0
0.17659433990370754
0.0
0.06243552697274332
0.09871924307508977
0.0
0.662228815755478
0.0
0.0
0.0
0.0
0.4051259426569536
0.0
0.0
0.03623556726636182
0.0
0.4861511505062547
0.07247113453272364
0.0
0.0
0.0
0.5500372416077519
0.0
0.07778700896938315
0.0
0.0
0.30252047673711846
0.030748017270219714
0.038893504484691574
0.0
0.0
0.353134033245024
0.0
0.143676909042905
0.08206980779509114
0.0
0.176567016622512
0.029245618597715184
0.13872413603071201
0.07657593914716626
0.0
0.2635880901444545
0.34297028222019765
0.21070200036334027
0.04733268327571004
0.023990212530107392
0.04377130648746241
0.008398468997023914
0.023651534679670617
0.0355947265193853
0.0
0.050173625302965055
0.22609042951695937
0.33586432221862117
0.1436675523625432
0.09519126327612341
0.07682694880085035
0.03662844651317309
0.012364309820055036
0.003925092839571554
0.019267465036695262
0.3702146906404226
0.3670636751966542
0.03439516275157336
0.03789452416311591
0.007230831298004092
0.0784447920537495
0.0460371840046738
0.0043843356898123406
0.024886519150488312
0.029447408184380963
0.24212212609302153
0.08457421176343399
0.044285829652138155
0.12696445556205152
0.049411914777677354
0.2646298699686026
0.024149739575905525
0.10122475253830134
0.06263262652411712
0.0
0.30894364543775865
0.0
0.1872481105552758
0.0
0.0
0.44134806960865425
0.0
0.062416039592008025
0.0
0.0
