0
0.016531095174999216
0.007815984293901259
0.005379929159150427
0.04631693724157038
0.1345745773411185
0.025803012837568452
0.015907662415931164
0.0028378401626904977
0.00535953150517083
0.00803975008623021
0.10132736627721789
0.04208835272137825
0.0498576225261228
0.06341361055040365
0.07404571938138887
0.07416574763390711
0.045197949002834574
0.03146893420001923
0.032979558876810644
0.020324960656066725
0.04804746431520326
0.04170452826902073
0.05780978688080999
0.049002000809492297
0.019751690952543338
0.003523593875743998
0.006654642723278906
0.009982526337739571
0.1258127543452535
0.05225884947255074
0.042964053768660374
0.020549165518444722
0.01889313434395457
0.022056564182316083
0.07813920655724009
0.027062624143734323
0.04094894885584237
0.02523641318281855
0.05965795862356422
0.05178227524280076
0.07177931079041665
0.06084315537624611
0.0025051921819980584
0.0020091936407618484
0.005147375711653002
0.06920305686560499
0.17723147162477196
0.006006745229739927
0.045402356233552876
0.021715374861839047
0.01996536035615672
0.0233083216422239
0.08257377460287084
0.028598486274236078
0.07396934828307974
0.04880725616154817
0.028052277755315123
0.01814749961130337
0.0160164535888382
0.06917951412459614
0.002647367226868964
0.002123219701549657
0.005439500355035847
0.07313047919502644
0.18728973885546862
0.006347640941734861
0.020566924349201994
0.037617360552474874
0.05750678726360931
0.0698112260614487
0.027281011895439723
0.034502618180382714
0.060812680950074374
0.040126081490428976
0.023062717958907235
0.01491966780186213
0.013167663426236938
0.056874797715401326
0.09753052781337032
0.06621152214931736
0.046662688436998494
0.05960054630967463
0.03447965964516676
0.057828239529917426
0.016908757986967927
0.03092649318345897
0.04727825764994112
0.057394149276011955
0.022428634439815093
0.02836575906165995
0.03169680379644458
0.03894516564229127
0.04104311403384669
0.042774999809825215
0.037581104607499194
0.03337988348793768
0.08761943184554136
0.0594830775801088
0.041920805115081373
0.053543912069567094
0.030975821171788997
0.05195170789944838
0.04140450936089994
0.029556972579613275
0.04019917431841124
0.059721516210407645
0.07266043480865088
0.011007339721219655
0.028475760382210738
0.03498754044721026
0.036872294382522736
0.038428185149391024
0.033762095906401175
0.02998780476078302
0.024340160566440297
0.057019757368058026
0.05412611112251034
0.043619565934279333
0.018677477324754985
0.019658468693238118
0.04700555901275172
0.03355533105631513
0.04563717068151974
0.06780042313966714
0.08248967102881766
0.012496372130128547
0.0054044871580679835
0.010013464317433284
0.06145223274937222
0.04211657911593336
0.021450313155611717
0.010913926566419787
0.027632807912611232
0.06473318030398174
0.061448092243366635
0.049520260287654244
0.021204097721471468
0.02231779399209506
0.19455249867241553
0.06471344769563624
0.01010997763778495
0.00507783139145602
0.010266483466904563
0.028087913097323655
0.007043221396420426
0.013049720365706417
0.08008561550785757
0.05488705634734419
0.02795442012513383
0.014223218385636546
0.041722813492190744
0.010740201419827025
0.018430524738665587
0.07843019705884446
0.043970201667300604
0.0037471052714745435
0.25354419046606913
0.08433568738628978
0.013175498198655038
0.006617517936059541
0.013379459309502385
0.03660465548753164
0.041291947736733225
0.02288100201131223
0.03735252971214867
0.029531663262752996
0.02503287179412478
0.041968569542609045
0.04256271920092949
0.01095640823165205
0.018801542454092504
0.08000904480983705
0.044855348672108226
0.0038225367883195326
0.03488912029169341
0.0001606857017659265
0.015977883982629296
0.09312705696429308
0.21480959181536027
0.10070010204440583
0.04212317985475699
0.023341610551399317
0.038104458940194125
0.030126153674277595
0.025536798786726704
0.042813422470684814
0.023453111281664583
0.02368070442678694
0.019812170878274523
0.023390401602244985
0.029619805994533618
0.01732602695941602
0.02232895450789741
0.0001028384692650213
0.010225807976750101
0.05960109630236658
0.13747763094637735
0.06444782725076352
0.08986446634663177
0.05130440116974781
0.06335251400438002
0.07124538250665248
0.03388865217130905
0.05687990426728383
0.015009935776501232
0.015155594851343435
0.012679742525609257
0.01496980172992
0.018956605814510977
0.0110886162948486
0.01746679685655522
0.014168167102546607
0.07035944800395218
0.10114067537154138
0.01969432919620865
0.028590737839256104
0.07633644197150087
0.04358113503584887
0.053815548076476344
0.060520239295454366
0.028787119482677172
0.04831731259267397
0.026418057226381547
0.02981513569096987
0.08402666982833357
0.05273726447468099
0.002636398649455355
0.0016871509401604552
0.014837378764653367
0.012035318405989894
0.059767671673285803
0.08591515212116384
0.01672958265901243
0.024286743011083058
0.026880216219557117
0.014116081726284223
0.0513714970957471
0.10033811207275947
0.0645761811404733
0.020467530074390936
0.02426729016685343
0.027387803083958093
0.07718582638401879
0.04844377800556632
0.0024217621482757546
0.001549795318758994
0.01918765749534846
0.031245917165585314
0.1267817712132263
0.038447442775666245
0.005294435576176796
0.004903543187918272
0.02469182351896581
0.012966852495446596
0.04718920152399545
0.09216930902974745
0.05931885574228488
0.01880121187783782
0.059905602204618054
0.08016265462782478
0.08408582928103923
0.0470770298040893
0.02658559590062326
0.0399289547301352
0.01997236242803674
0.032523760765417555
0.13196668142282816
0.040019802403339896
0.005510958604766055
0.0051040801491467214
0.019964043008927092
0.02593385989284823
0.0282911450486127
0.0022892635545548696
0.026978163848005277
0.06188924585747586
0.06235552198023535
0.08344101367290835
0.087524631804068
0.049002307942524775
0.02767284942527752
0.04156190277193862
0.0461834133117546
0.03813462879226965
0.07620229668110294
0.036629957360694354
0.024392139727898728
0.02645591048278696
0.025693609526326225
0.03337672981867139
0.03641054237394059
0.0029462691423416
0.03472074305479821
0.07965110655340378
0.10027283165214618
0.1168133385773681
0.00994215182769157
0.0014762398271541174
0.009865170022967811
0.02424407897829471
0.05943778961478658
0.049079049828826785
0.0980719213567125
0.047142546275361866
0.03139254475658938
0.03404860595142045
0.04277552539291205
0.05926855378667254
0.0407293018130429
0.010047111858566242
0.011587618761285067
0.04100654323551435
0.12711251131326443
0.1480803581269771
0.01260333298514751
0.0018713798008735396
0.012505745728832555
0.030733407171534718
0.0512236616886425
0.07061417313030623
0.014005054946182545
0.03836911288106768
0.02791449953756409
0.009141928338714295
0.054225101314579124
0.07513276118365195
0.051631172194796265
0.012736387301976626
0.014689236322729475
0.05198262186336313
0.021376682912165747
0.0754402480545767
0.04016879166441479
0.04487540246465777
0.008867309034912606
0.004699023679673739
0.04750422835917756
0.06042034264846819
0.0705505915503712
0.07066495419400091
0.04306450211644468
0.02998352830952563
0.031422848035886616
0.019365575883431064
0.04577951376869126
0.03973597885589754
0.05508103231241148
0.04668899395054544
0.06027666584245147
0.08985201579285494
0.040365711014442585
0.05919897333123426
0.017442217785495782
0.009533896631132622
0.03581747366687576
0.0452782684143674
0.027285354830737806
0.014104933098494782
0.01801889434529729
0.022563431247491765
0.03922243568692887
0.024172380993624468
0.05714262540813334
0.04959900112658999
0.06875291014283304
0.058277851212636254
0.0023995668261896468
0.0019244808611521788
0.004930349091927048
0.06628527771996301
0.1697589362299487
0.0057534853773817205
0.044707868483559746
0.056516963989700277
0.034057959158298526
0.017605973548047812
0.022491434379240477
0.028163988508313337
0.007295888901720607
0.003472050277219349
0.03172997224948319
0.08178069849727194
0.10986999530095912
0.014087813643234297
0.0022057163006366396
0.0017690104561276809
0.004532047718446436
0.06093037958493339
0.15604485306863478
0.005288686417838662
0.01713581698472875
0.03134178912369925
0.04791313300897975
0.05816486573088052
0.022729817014015597
0.028746668222949592
0.0067064858967537805
0.0031915584969365684
0.029166646348653076
0.07517399298244282
0.10099407815660613
0.012949720697112713
0.029511935195337548
0.08875685256578711
0.08605035071331432
0.09665254742346405
0.011904824992815607
0.02213813797669486
0.016215080131071063
0.02965774100790324
0.04533867814786134
0.05503956767744075
0.021508504938825328
0.027202060406682167
0.03039644980750893
0.03734744929783153
0.03935932984554187
0.04102016541116994
0.036039348549102825
0.032010481546893524
0.027926208271355998
0.08398779456027668
0.0814267176970113
0.09145924018331383
0.011265158315878114
0.020948617831570336
0.017661103588204354
0.020279144361653154
0.13396503096280674
0.066139989131646
0.026022053735279046
0.007784004233977651
0.03019537957587403
0.03710039872683252
0.03909897083588271
0.040748820099031274
0.03580095096627231
0.03179873461657311
0.025810035531150462
0.060463116487254415
0.05739472619425281
0.046253702540046945
0.01980538920720376
0.020845621542861046
0.017544276714938023
0.02014499934537734
0.13307886234847027
0.06570247807297806
0.025849919804991045
0.007732513630822203
0.0028825335451575502
0.02750684531027262
0.1666617406663703
0.05120803887849928
0.012581790707627825
0.023790074823635855
0.025605476599829587
0.05998391255597602
0.056939840967939165
0.0458871161419071
0.019648420448066254
0.020680408362105034
0.18027880003904256
0.05996562766640408
0.009368240703144683
0.004705287037169602
0.009513264196882004
0.026027192163244943
0.0028596878586112317
0.02728883821478114
0.16534085338895282
0.050802186600791985
0.012482072996733973
0.023601525207882973
0.09951976739586668
0.02124011215505438
0.012918158361067057
0.01761247616383267
0.0085173428687745
0.039213312710993764
0.22133534546176906
0.07362215031662606
0.011501756124128164
0.005776865231203969
0.011679807148871346
0.03195460346754071
0.036046448156824354
0.019974326666194985
0.032607471906621416
0.025780124870172522
0.021852834869802582
0.03663711568848895
0.12218431724677924
0.02607731780146948
0.015860129105349036
0.021623526977741364
0.010457075517854944
0.04814372024724222
0.05029493696115211
0.019311958401585387
0.014225045237813923
0.029661160595584442
0.04072980882485497
0.07266205594359124
0.04724448227581732
0.026179464840664923
0.04273716849575186
0.03378886727475355
0.028641542300951797
0.0480186440353677
0.0263045217402846
0.02655978547744561
0.022220918722934448
0.026234187868338636
0.03322095825023189
0.01943251142047917
0.06591934515952144
0.025311328107712288
0.018644136439927305
0.03887556882002976
0.05338275557002377
0.0952349368574758
0.040832970593863115
0.06208994247032192
0.12241807750524383
0.04800280531773608
0.024484804088491217
0.024220148930612896
0.01909984115312247
0.01928518939400917
0.016134717143878437
0.019048771386672596
0.024121899337261145
0.014110041041688016
0.022226147425384098
0.01802870745877461
0.08953098137839699
0.1286994736340075
0.025060637491452927
0.036381138421342975
0.02964901851678632
0.045083809167816125
0.08888836138921166
0.034855070376318575
0.01777853531696433
0.017586367919824812
0.011325026811175287
0.07379826353352627
0.05850142015565488
0.06109780452285255
0.09666094643404027
0.03304773805792481
0.01509655561526473
0.012245549334919227
0.0608116833655369
0.08741590362853965
0.01702181221076686
0.02471097977588247
0.02734975534058663
0.01436265908087105
0.05226884581479341
0.10209080143223444
0.06570418707184225
0.0208250534664008
0.007692241656959914
0.05012562764122803
0.0397356287641267
0.04149915800956119
0.06565453408263786
0.02244685081951583
0.027813028398902845
0.04546438435047955
0.04426294564362663
0.06983959657578336
0.051708919053264316
0.03385323601628403
0.02112844571594712
0.011095553102681975
0.040379135304154594
0.07886797996168968
0.05075830962910827
0.016087932276439443
0.05126038031533799
0.068594054847722
0.07195106015885074
0.040283151542846674
0.022748920077975333
0.03416664434938041
0.021486337022191066
0.03512249981017413
0.03419435503583645
0.053953028343376556
0.0399465763273539
0.026152565190144812
0.09688588549531396
0.022105084770384077
0.015838401816455704
0.025553705051330814
0.0878552716722329
0.03358467362970726
0.054027745332029906
0.07229720309927397
0.07583544114807877
0.04245789514903909
0.023977053096186123
0.03601117955822158
0.04001547278783504
0.03304162882917243
0.06602523959477691
0.031737911013462405
0.02113449252722024
0.02292264018805026
0.10211640872751722
0.023298459417787267
0.016693460613084535
0.02693325840171352
0.09259826428879281
0.03539779031608615
0.04457981504880281
0.045572261658728526
0.023850629061218428
0.011474614273463142
0.015564428998444449
0.0424366556964274
0.06020941931548276
0.049716200920334554
0.09934510476096806
0.04775455740680313
0.031800087164737624
0.03449062971760843
0.04333084324826923
0.06003798644417043
0.041258055307599906
0.01017754487040149
0.011738050849263108
0.041538895917006616
0.06707717266047218
0.0685704608793087
0.03588693138024106
0.017265317991804356
0.023419071841087765
0.06385246053995719
0.04014269338884371
0.044904551551926235
0.03711520378835488
0.039827085953743464
0.011010153251650192
0.01953144384994586
0.060176185143068564
0.08337841401288099
0.05729757809253489
0.014134177378318869
0.016301347219967243
0.057687598577724174
0.02372272614493575
0.08371964688152028
0.04457722688516723
0.049800377714682396
0.009840476407966436
0.0052147310393993495
0.05574860696035453
0.06236168985848466
0.05154414747928946
0.05531030366359421
0.015290471425370301
0.027124507466693166
0.03261510040471982
0.05195400323082274
0.03447809082803873
0.05108877259596881
0.03321083656738529
0.02342287708648871
0.08039071657608549
0.11983522702256329
0.05383556618801611
0.07895340294875448
0.02326260696165807
0.012715314810914691
0.04776960261125333
0.06038742177062817
0.03639035431403945
0.01881168547061801
0.02403171788090247
0.03009274619041089
0.15070088266409676
0.03680153479914975
0.004231522737851553
0.02440132632939809
0.023774780383544275
0.043026342435425385
0.03125610659208183
0.014219853509229724
0.018253853177788465
0.013891687655432246
0.028062685078380025
0.02490296317927773
0.06411076101774657
0.08104491881836554
0.04883886784163671
0.025246839111525195
0.03225255471448064
0.04038695643087992
0.010462252074536754
0.004978895060637137
0.045500551401469476
0.1172729319258641
0.1575527809909107
0.02020182317741376
0.041948282391574956
0.019084220512708028
0.024498181997824362
0.018643794771715183
0.03766244637238151
0.03342183802559642
0.013749826755480435
0.012587540483354984
0.05173998976567834
0.05516250440847073
0.03622060940164444
0.007430500067758174
0.007045903517005529
0.0033530843998612
0.03064278062326268
0.07897857532194687
0.10610542412753063
0.01360511063598761
0.031005544660448612
0.09324886822684991
0.09040538935957151
0.10154416699037028
0.01250733239099427
0.023258556959830538
0.009259952064283058
0.008477199280829541
0.03484478994222329
0.03714971509474803
0.024393115110680423
0.005004141191354853
0.08811706892901064
0.0554723642306891
0.03170759724012496
0.03367238510764537
0.05039690101490094
0.029803944359696716
0.028687819383763656
0.08627833243144654
0.08364740918660872
0.09395354134225131
0.011572384763272497
0.021519934208468875
0.01814276198663275
0.02083220267683431
0.13761856155542793
0.06794377682124979
0.026731734229669176
0.00799629170480148
0.0815301451964732
0.05132569620266543
0.02933739215612498
0.03115530827687408
0.04662963381711402
0.027576041062274636
0.01897151442092294
0.04297611959225958
0.016511730888992358
0.014788253170667856
0.011550297045305509
0.022723035329126378
0.024618419117370297
0.028267796105916676
0.18673845962358582
0.09219480338412571
0.03627303480501041
0.010850390955830989
0.004044818722800138
0.03859806006527384
0.23386250965032587
0.07185596669346317
0.017654976715209145
0.033382626275108636
0.025742976380863525
0.058315493800778134
0.022405227587615345
0.020066592663097082
0.0156729198013488
0.03083351960210936
0.00609105184020281
0.009235059878718106
0.00551982984833583
0.009057919255577054
0.00900158376495548
0.009715851446935774
0.004949640332445802
0.04723240469995347
0.28617730220822174
0.08793006936702251
0.021604376068921932
0.04085028396522459
0.17225203551321316
0.03676307379903514
0.022359166736439253
0.03048424397517359
0.014742092799257202
0.06787167123107007
0.007453613603334713
0.011300932867669035
0.006754609864604112
0.011084166077139903
0.011015228397694128
0.011889276993979497
0.013380193511742383
0.012985108065330276
0.018885309672558876
0.029600205677825328
0.0281831469327282
0.004251710566238891
0.16621476013956868
0.03547456188424058
0.021575498512659334
0.02941579926921034
0.014225396009301937
0.06549283159605164
0.06841926256663669
0.02627123190500503
0.01935119445323152
0.04034988126912213
0.05540723684431939
0.09884661527811826
0.01291123003887333
0.012529991973881141
0.018223396942935174
0.028562745700872902
0.02719535356110379
0.00410269202244671
0.10230444860354271
0.046404831259103406
0.0008872866800615817
0.003771703977175539
0.012778103515761672
0.08928381372788903
0.052145611626390725
0.020022569733647737
0.014748476271315957
0.030752585732437117
0.042228520819869365
0.07533576097602468
0.0323009917799808
0.04911635602761585
0.09683903124628958
0.03797270189833423
0.019368746483403265
0.01915939056452623
0.07797114210835947
0.03536735442111261
0.0006762438658951957
0.002874597056230404
0.009738807438998107
0.06804748985189742
0.04396703586646404
0.0723199022717441
0.0683921270057056
0.07334590634477858
0.03406081591638288
0.023247733884113497
0.023846974870291755
0.03626131717221081
0.07149371636399451
0.02803424966312891
0.01429943742300299
0.01414487544018791
0.009108821919975998
0.05935661360792737
0.04705322355066935
0.049141519077994356
0.07774527710744013
0.026580595864956782
0.03245970918077511
0.053391886659192304
0.05049211321869303
0.05414935855086451
0.025146206864243188
0.017163192062395992
0.03448919712613725
0.004273790270951298
0.016036117126473685
0.026562835769372135
0.1388589424497511
0.08990995423511138
0.007022057667578486
0.045758449047397586
0.03627367535791423
0.03788355770588981
0.05993440469321995
0.020491176426777332
0.025389827573914416
0.041503315024062036
0.04040655126392344
0.06375484501216098
0.0472037967231094
0.03090378411674103
0.026587975180094
0.003294696285141008
0.012362360381553923
0.020477485038750128
0.10704737781762276
0.06931224356727334
0.04001291667662599
0.12424367363369843
0.031941552754206314
0.016870761145008233
0.03971997377408051
0.051603485759049876
0.022693260055779204
0.03709538862664916
0.03611510842757642
0.05698365904474747
0.04219044148839444
0.02762159796584789
0.10232812568325797
0.023346763886803068
0.01672807100240219
0.02698909886406473
0.09279024736836244
0.03547118021002247
0.03576328043542148
0.11104817422831312
0.028549148714240014
0.015078974793667016
0.035501450005513815
0.04612285446624928
0.05525421913535318
0.042634851675952344
0.025117347634870706
0.02167435218408534
0.01191017175284477
0.05099218106889469
0.11583229293503872
0.02642781909239848
0.018935662191117402
0.030550830329403266
0.10503570785568855
0.04015228569276044
0.050567604756857204
0.0516933529874873
0.02705415404370312
0.01301584043546764
0.0176549833820058
0.04813658446340733
0.06254607766973104
0.04826134159690596
0.028432065471414733
0.024534700451128565
0.01348194833209824
0.057721581584046576
0.03650672957169709
0.026091155856014375
0.033303544774706706
0.06738564802212284
0.043821087074897666
0.012856943381739778
0.07069758067596521
0.07227146729247542
0.03782388442801071
0.01819719232651971
0.024683087482266462
0.06729881867908073
0.04230934596443879
0.04732821957373771
0.03911845133088586
0.041976704005633005
0.011604412751612251
0.020585629544778605
0.051039345674380836
0.036477535468191706
0.04656103556469457
0.0942105585256182
0.061265406057540515
0.017975041458802857
0.024485167490385047
0.006174674583699258
0.028669497074633555
0.08946086570243078
0.01188924018608622
0.037896757002131465
0.05781568881488215
0.06467397575319454
0.053455333745114984
0.05736113383326526
0.015857421126069245
0.028130246986557285
0.03382442357719186
0.053880386385560135
0.035756491129235075
0.05298307418593168
0.03444224881937114
0.02429136523078877
0.033458962598812376
0.008437688083488047
0.03917684576687533
0.12224820437803494
0.016246637596853956
0.05178588938174577
0.034617779552779324
0.010674502551430362
0.06137972921397571
0.056954150649673276
0.03775526284538304
0.014792446894173231
0.16557608408878527
0.04043409642186583
0.004649202793508502
0.02680990309260392
0.026121512803295454
0.047273334881522425
0.034341296758784945
0.015623449702165292
0.02005563255688817
0.01526289164807246
0.030832662836167604
0.027361054909165197
0.013877929614736223
0.017895153171651985
0.005249810844470273
0.036148475123009755
0.09353783744003395
0.04856584440789474
0.016826744136652246
0.005029769727695502
0.004488052183429854
0.007312042633391151
0.17271123314696035
0.12401587662115449
0.04533828043836377
0.020626487956668042
0.02647797197700075
0.02015046975952207
0.040706089934419334
0.036122782120738196
0.014861001830770883
0.013604786845294677
0.055921292413763646
0.059620393302587955
0.03914773270979058
0.008030986649812447
0.022215108820460436
0.006640433879256915
0.005925244173032009
0.0096535504124536
0.22801789863306174
0.16372901211486932
0.017081542159786557
0.030804595312746843
0.020790295664486237
0.02884133005496292
0.06692218840567582
0.01877038124389562
0.012677376858496039
0.01160574582261278
0.04770440825029243
0.050859975858670206
0.03339549825571508
0.0068509408359275934
0.12063704895276148
0.07594467678690402
0.04340942120434131
0.04609932241232186
0.0689960922293054
0.040803217111121864
0.014571638557739786
0.026278273039745323
0.017735440459506115
0.024603483289394552
0.057088870069133005
0.016012325381307542
0.004223361434419798
0.002946073824777769
0.0027461018984794605
0.025236142033376728
0.20577133112327065
0.04380311216314769
0.10746642181263306
0.06765336802296412
0.03867016982166667
0.04106639934120957
0.06146339963804411
0.03634849973073628
0.025006710907606103
0.05664763364326398
0.021764423849571342
0.01949267536910687
0.015224664341523895
0.029951661359838868
0.0037622732429097245
0.0026244343267108547
0.002446294463635508
0.022480970052113514
0.183306114161492
0.039020879317714384
0.006455439772883178
0.019330792684854232
0.013161836620464738
0.05941635158728891
0.0821444521602663
0.04509402495977253
0.03529173704001947
0.07994627513646158
0.03071592766296072
0.027509830296144285
0.021486426281682427
0.042270499328307565
0.008350386399039747
0.012660591377104029
0.007567282843716929
0.012417744543913195
0.012340512708261314
0.013319721438273256
0.009110501728277294
0.027281366779087393
0.01857517682710745
0.08385374085554544
0.11592969645819373
0.06364077534372216
0.06810947047951461
0.03384606823290437
0.061270118533197276
0.1253498916507283
0.06425368730861626
0.024902417182246263
0.012266070460094265
0.01859742752932704
0.011115752028333476
0.018240704352149025
0.0181272567710913
0.019565638506198448
0.022019171521220335
0.021368997500758557
0.03107868900001315
0.048711702510987186
0.046379713849047745
0.006996845309781158
0.10004753360844565
0.04971725114297756
0.09000105565329874
0.18412927614102093
0.09438368695596935
0.036579720888032255
0.06880950411480093
0.01920623567663829
0.009642858172217283
0.017084069308802033
0.0238153923951097
0.03211522102863879
0.020026751525428245
0.01943540895182014
0.028266512286327327
0.0443039903489545
0.042183013297307975
0.00636373091266421
0.15868556024177852
0.07197904633465783
0.0013762801700469168
0.005850331699686407
0.019820257504968984
0.1384891096655795
0.06258322844558495
0.017468346130287696
0.008770317467386619
0.015538205457042154
0.021660440108647757
0.029209252995959775
0.055589471876586194
0.01676946060014016
0.011026311110007308
0.015306761196742609
0.08699555172943356
0.10230245477922824
0.08267338434532383
0.03750027005209724
0.0007170264218859913
0.0030479567291370143
0.010326130266893555
0.07215126173786406
0.04661857651977516
0.07668133253735093
0.07251668308614782
0.07776921231923183
0.03611493751697326
0.02464974587505836
0.028961486899024173
0.008736699541828543
0.0057445835331194055
0.007974649675574081
0.04532369973362834
0.053298423313040154
0.009488292015043765
0.022456624006245655
0.023073721051317317
0.05178232940488429
0.1501427207360168
0.05225014579455142
0.033900272438690024
0.05576142083350166
0.05273295532581853
0.056552509359567266
0.02626219658192098
0.017924895247594837
0.03601982914437862
0.004463461262828609
0.01674780067863872
0.02774169553740878
0.1450215081527275
0.09390016178350875
0.006899732001713684
0.016330092608941506
0.016778835567452174
0.03765526975262593
0.10918135038889583
0.037995458240669376
0.024075396072835653
0.05090002333996031
0.019839460832731817
0.061506042316297686
0.030210441534566333
0.021599113269515545
0.033191136509454044
0.004112938778398533
0.015432570108250419
0.025563097478754886
0.1336327458581319
0.08652603752016004
0.049950181258993046
0.15509976611906712
0.03987428266378581
0.021060638592802456
0.04958448557129952
0.06441928460481725
0.02218471815537111
0.04690276614692599
0.018281437430858426
0.056675878125176785
0.02783796905214247
0.019902901652811764
0.022882134534249334
0.039761377616581835
0.017965397901361528
0.010404207442653262
0.021396087039183116
0.01735788821559697
0.05335578590828733
0.16567447218190953
0.04259291228642837
0.022496553476411444
0.05296515707915477
0.06881139309421094
0.08243461591950446
0.0636075883016767
0.03747295568733234
0.03233629803404382
0.017768967679662677
0.07607601604168958
0.02444223905822615
0.04247230937018778
0.019190279194625768
0.011113566575009622
0.022854872806536627
0.018541349482783555
0.02101061749126644
0.029160879685713237
0.01737890248374828
0.021828182978681995
0.031550797622168864
0.024863211054297545
0.09347760486272559
0.07212849770951907
0.042492854557597055
0.03666808726689885
0.020149308892273836
0.08626720325863539
0.054560761743577366
0.03899427187742928
0.049773474452175184
0.10071053555895654
0.06549236043021706
0.019215214094269743
0.0238252119921114
0.03306728803555478
0.019706990336559423
0.024752299026236234
0.035777360764425
0.02819390122253569
0.08825596031524632
0.021462046327744698
0.004107812912995482
0.004993778976104484
0.007212070808768635
0.028715017822153382
0.05740612398631711
0.04102783639041423
0.05236917803787268
0.1059626241693082
0.06890780925462754
0.02021729403089071
0.02753950980771143
0.006944919258730302
0.0322458033492753
0.10062044253468587
0.013372334366899172
0.04262409524257839
0.09285853859958085
0.0225812993279117
0.00432203675059159
0.005254206244586817
0.007588182749208164
0.030212515747397653
0.059933167133167715
0.023950337615376585
0.029784905917728786
0.029433224161404807
0.07916111329765278
0.04568241074647432
0.032033617075964235
0.008078244155796884
0.03750791949493198
0.11704045383072294
0.015554533886476695
0.04957982021988836
0.033143068645327296
0.010219770747496536
0.0587649642770653
0.05452791452844303
0.0361468957389106
0.014162291434621502
0.06971351848666779
0.027858736388844698
0.03464543404999094
0.03423636218221462
0.09207922756758609
0.053137214975035894
0.044404526204179756
0.06330557138466643
0.02121885709626258
0.06163408203362885
0.017337606817729664
0.013669262602237513
0.013644047553894817
0.017593569619994944
0.005161336798743129
0.03553927187059763
0.09196146237585336
0.047747373635095874
0.016543166275603552
0.004945003992306412
0.004412415908930396
0.007188814194601417
0.16980056417397615
0.12192586106361698
0.022335065972308735
0.014117357494886698
0.04074906999662565
0.0989042058641443
0.022265058403531022
0.0345324878836428
0.06384950087093727
0.026455882612606053
0.028886902937951937
0.04201853617061888
0.040388822609697964
0.02903411509152921
0.01649426590413227
0.0049303869275848095
0.004399373135047946
0.007167564593485311
0.1692986463109861
0.12156545726916568
0.012682697200054759
0.022871784705806454
0.01543637115113879
0.021414100232417427
0.04968836206793681
0.01393662582798613
0.06366076648606628
0.0263776809874876
0.0288015153972123
0.0418943324968365
0.04026943624822408
0.028948292402591516
0.019276575654312643
0.012373818379264332
0.01808136720693142
0.11983501601728956
0.10877801603177016
0.031817441053151665
0.014720385426532496
0.026546520897833034
0.0179164833274415
0.024854634941708035
0.05767163161870403
0.01617577873990697
0.004266473386906168
0.0029761472619503574
0.0027741340279593377
0.025493751848017582
0.20787183897423137
0.04425025307676741
0.02237368115466557
0.014361880037622928
0.020986442404660317
0.13908852317010148
0.12625503050835862
0.036929447119998134
0.013105544590852747
0.005077550642087374
0.01206462275260088
0.040383996339374235
0.0942787445606628
0.02957637979694967
0.004156502388521694
0.002899435219929809
0.0027026290023699825
0.024836634578307967
0.20251381336503155
0.043109675351718835
0.007131871903645969
0.02135636642501627
0.014540997375295286
0.06564228362605853
0.09075194425375915
0.04981919450071396
0.012767741048598983
0.004946673624274078
0.011753649616495688
0.039343073780282324
0.09184865143091539
0.028814030259073493
0.0057624865517217315
0.0025572347850804614
0.0046069588270621
0.11154160249414113
0.14007350679088032
0.01652292258755801
0.005471647291280294
0.016384829408011534
0.011156006442063809
0.0503614518388026
0.06962584811718894
0.03822181109341603
0.04090565050913388
0.0203275025998022
0.036798025850545944
0.07528349322235153
0.038589917943349115
0.014956063626951803
0.004421040416562775
0.001961937479247221
0.003534507367448295
0.08557589303309324
0.10746587072331386
0.01267656035353459
0.024574892374448282
0.00810727113927884
0.05757053568949451
0.15089101828029924
0.09493652540344734
0.03020160756783363
0.04235996190392643
0.0210502027229054
0.038106299588629385
0.07796003401000155
0.039961898505706646
0.015487793925411709
0.02913383136798269
0.008131888735651465
0.004082770360124181
0.0072333669705157266
0.010083398142847822
0.013597531995476161
0.025448599198838722
0.008395507523538105
0.05961733081475105
0.15625562010243355
0.0983117869860841
0.03127536000741763
0.018848170645588948
0.012644657214382399
0.003588874799979146
0.21154995802198961
0.05909759852985515
0.007777462417856955
0.04514208421059935
0.012600141789089418
0.006326142314800754
0.011207906601259315
0.015623952865796929
0.021069008282607035
0.04009739802505555
0.012096026705238783
0.007953419422793167
0.011040962892089914
0.0627510056553289
0.07379207086784205
0.029204730944999566
0.019592554565724365
0.0055608644944653745
0.32779094171157996
0.09157013150047759
0.012050967789890826
0.030552522022093766
0.033818424102259464
0.05497418069817641
0.040209287172013594
0.020279228690232465
0.014695898688357637
0.03288389392554879
0.009919956872192244
0.006522602800338878
0.009054698570529056
0.05146212760244283
0.06051691008599642
0.010773341480883832
0.025498043119194833
0.02619871687405615
0.05879548357806916
0.17047734184334393
0.05932665881047636
0.02505613687712927
0.027734504623292997
0.04508435000179242
0.03297565426465332
0.016631004453826433
0.012052113040018003
0.03463648110110397
0.05777721928021355
0.016516952185721485
0.08990060078375035
0.0740877815949878
0.04611730486604668
0.008846309430283148
0.02093719759086246
0.021512541541128954
0.04827871109048527
0.13998398913413584
0.048714874789177486
0.030867634172462136
0.06526012261955798
0.025436641511980215
0.07885835015431328
0.03873352092137417
0.027692733479273198
0.028441039387844876
0.04744258414912503
0.013562558110624076
0.07382004310478488
0.06083566943045886
0.03786828345315593
0.05915373579860196
0.030241677061639886
0.024579933817792356
0.02871729239529288
0.008310396083058768
0.031904061116694006
0.039926564427110206
0.08441244559699466
0.03290170216684201
0.10200143556387961
0.05010090536629913
0.035819904474875396
0.04118172754384611
0.07155985458101284
0.0323329154665739
0.01872479315999523
0.03850723915783332
0.03123956037236462
0.07651397675219851
0.03911690351256727
0.031793570757869045
0.03714514752205147
0.010749303389148722
0.04126715849180804
0.021478704237862828
0.022850639579174648
0.007580822639890246
0.0646707666156583
0.05474491854388463
0.013378911177688245
0.04613354638992185
0.08016443378812409
0.03622072566068218
0.020976320455925537
0.04313746921239058
0.034995902153565885
0.039656526327444756
0.055039752804439415
0.0328018395544698
0.04119964172086821
0.059550607547613
0.0469281107120919
0.02406137035649751
0.025598271465004797
0.008492364303046522
0.07244698048567204
0.06132761760826612
0.014987633017710954
0.0006457863690036344
0.02083230052982413
0.06890421149074033
0.1578847290694205
0.007690821390557875
0.0003228931845018172
0.038280428943022415
0.05312985128537913
0.03166360255301291
0.03976999761278131
0.057484177557996924
0.045299686430207695
0.14180255851509807
0.03448348496093603
0.006600102462014568
0.008023601272266619
0.011587773666757938
0.04613697455042671
0.0006233773227360977
0.020109411337919506
0.06651320768911713
0.15240606558491107
0.0074239468006803006
0.00031168866136804883
0.0019025686430358944
0.0033256987691482587
0.029341132585023834
0.10694408668121642
0.05710061644207313
0.0397358202814683
0.09370768610443589
0.022787794651549793
0.004361559736608875
0.005302253480628552
0.007657573098712365
0.030488794943142095
0.06048122765723695
0.02416935214794672
0.03005727482341923
0.02970237710343279
0.07988500431351411
0.04610015482996033
0.0012572784797445502
0.0021977285854406664
0.01938956300237209
0.07067208808070977
0.03773392171449339
0.026258706563758175
0.027024247550250294
0.007773714046313653
0.02785787659484177
0.051827822510770706
0.17444190792289657
0.11886399994350444
0.04743015263399463
0.018953915220414848
0.023571299523152348
0.02329298418994169
0.062646842574531
0.03615233130563233
0.030210976310243748
0.04307045431842887
0.014436419974801926
0.041933243103634554
0.011795780151741556
0.009299992679931502
0.021192760725548137
0.006096246025944652
0.02184650328926036
0.04064404159096626
0.13679957631544884
0.09321466971467723
0.024405840789413213
0.017382919389814018
0.0478014360836839
0.10359602212645964
0.07662097350944751
0.047604546215661764
0.01678847660561366
0.010611516721277489
0.030629630070805984
0.07434278226021941
0.016735854400149942
0.025956845871283843
0.047993404316819005
0.019885948260608004
0.021713259982473577
0.03158384275099805
0.03035884489223668
0.021823914134982383
0.01075500481399184
0.009271840366746855
0.027700139395392547
0.09006419068297264
0.11817568445870374
0.03897521031824113
0.039624260832562985
0.08767120840586734
0.05663746051119352
0.11970288641905841
0.028885331416329284
0.024112381962758295
0.04216913101559379
0.01747267503749521
0.019078232061477268
0.027750963323016558
0.026674625940093566
0.01917545770156232
0.012768876172369575
0.008196463806519942
0.011977165604140796
0.07937916505914064
0.07205496670644189
0.021075992552570855
0.03481563081906331
0.07703180731163195
0.049764181697151556
0.10517625853394726
0.025379931727351368
0.021186206908211845
0.01024410224138555
0.012954635288574691
0.08816830785174969
0.12261859242888669
0.06039974361027747
0.03448681617913626
0.013633975702687848
0.008751779473581914
0.012788626236918125
0.0847571542793913
0.07693673680221015
0.022503904532614506
0.007986199288663695
0.0030941355427759115
0.007351886903812189
0.0246090225860597
0.057451167902781534
0.018023124614028538
0.010938146722506899
0.01383232011786619
0.09414176711957113
0.13092608051840682
0.06449186488416547
0.03682332004024362
0.008111124341359266
0.006656283106157328
0.03829399125263244
0.15852164253432438
0.07786704466196472
0.021508625641916593
0.008927339121083287
0.00345876633909791
0.00821827570260453
0.027509091887552118
0.06422154522220114
0.020147073674879296
0.004029191337143127
0.001788045516567623
0.0032212341720828097
0.07799106418151659
0.09794087240974926
0.01155300163506396
0.009066986063242074
0.007440697937372301
0.042806776271826504
0.17720274811372147
0.0870433467695512
0.024043326267399762
0.00643200536964495
0.007145610893419836
0.006134877234033933
0.08469996111969542
0.20171252144059887
0.01726555726537266
0.003947913188509734
0.0017519764850676444
0.00315625439626329
0.07641780325241004
0.09596517750749423
0.01131995075574723
0.021944956971626472
0.0072396539361356
0.05140949995992838
0.13474308872290272
0.08477668724932302
0.026969517035979978
0.006302256880506318
0.007001467323240423
0.006011122509586178
0.08299136615532461
0.19764351132739583
0.016917270869361407
0.006608466235444377
0.008850487821359752
0.008333477084514943
0.04554744449247477
0.0765173337861168
0.017633233694283
0.020857016468992375
0.0068807417381139815
0.048860828878053535
0.12806308183743917
0.0805738085716873
0.025632479558173143
0.015447475222265519
0.010363235386927369
0.002941349353788105
0.17338089707824178
0.048434869683174335
0.006374207887387923
0.00628084572166868
0.008411717119672956
0.007920337643879942
0.04328938995543873
0.0727239198055325
0.016759050657459258
0.015805589884140384
0.025585299021529284
0.02213908750586045
0.16163667780991245
0.038143141334815306
0.01349487359986211
0.014470913073523495
0.009708089916760825
0.0027554024334139537
0.16242006244569945
0.04537290261533503
0.005971241702851588
0.015138742116517648
0.01675699311830643
0.027239647975859677
0.019923658961637482
0.010048336213989458
0.007281802145585028
0.014806388357851896
0.02396784152577889
0.02073949342625655
0.1514182920137629
0.03573179918823538
0.012641751483136645
0.020539124870560053
0.09879525399868934
0.04043618224469664
0.16108359141687545
0.07310359603618038
0.009648819390982095
0.01722119441830666
0.019062048493561533
0.030986674458684783
0.02266431397414688
0.011430563397524152
0.00828347094491681
0.02380580765235889
0.03971054001871703
0.011352174765927996
0.06178908313007734
0.05092086210755514
0.03169662893530226
0.023364442029292956
0.1123853133650435
0.04599849515966149
0.1832418984376754
0.08315956704505945
0.010976089912908334
0.05302056214245579
0.015344711858805664
0.030132109900935716
0.044128913568083135
0.03545082111401845
0.033873629754694254
0.030278928887304303
0.050508373202958354
0.014438984699589647
0.07859037094765234
0.06476693356304222
0.040315371253711256
0.06297631163331326
0.032195925637428055
0.026168314665801565
0.03057303365096484
0.008847422507765669
0.03396573467640025
0.06743757045005107
0.019517146654039818
0.03832543832321795
0.0561281623087292
0.04509037908661533
0.043084328054529636
0.06132937149998269
0.035566273294412136
0.025192509314736065
0.021801768667319185
0.07691967862129721
0.03598156230337838
0.08044821708320286
0.04112823929663663
0.03342835114246923
0.0390550984053476
0.011302017347028
0.04338905734187342
0.022583108793176782
0.024025587106902647
0.007970617804617323
0.0679960458529446
0.05755982472959285
0.014066835844192702
0.07834435621976146
0.0454336432322252
0.032181822111513055
0.027850367432736053
0.0982599781283945
0.04596414842503665
0.03478809847407487
0.0012785927191514286
0.0
0.03252675695818607
0.0897046775341326
0.07071442248624481
0.02507028007888309
0.02667162450245283
0.008848454948942349
0.07548473194731041
0.06389912657633352
0.015616074725023455
0.0006728646333176993
0.02170581314497417
0.07179341222437799
0.16450494378762903
0.008013302793699134
0.00033643231665884965
0.038619455812936236
0.0014194094298315544
0.0
0.03610906339192167
0.09958422512874228
0.07850249465575196
0.028524661393020383
0.02197783055575423
0.019743690207739095
0.04522861743438177
0.1227297588591194
0.02494358099409858
0.0007548201026340614
0.02434959915348874
0.08053790926185837
0.18454178211349065
0.008989329707156546
0.0003774100513170307
0.002303736446653935
0.004026941941423782
0.035527883196038536
0.12949387720829153
0.06914061771464244
0.04811435201309691
0.03199898876259623
0.024654748510070112
0.022148488018308692
0.050737500476856656
0.13767834508037488
0.02798172980676893
0.027363588126779158
0.02486322293845622
0.009048884344178932
0.016923965484581437
0.024582970675645414
0.013859140082391136
0.0012615078727379364
0.0022051215839134597
0.019454788076393652
0.07090982382420015
0.03786085587162992
0.0263470389351026
0.027115155145569822
0.007799864252691756
0.027951588457391728
0.052002167520982016
0.17502871776256865
0.1192638497592979
0.01498408461542029
0.01361490439761776
0.004955097557386333
0.009267429756452398
0.013461440473217054
0.007589155586225204
0.1064418472624366
0.07440797320110432
0.06548487349065502
0.0077539976144495705
0.014922359476414489
0.09991626508195935
0.01770287395838641
0.00509235565928473
0.018248962424938966
0.03395104369658196
0.11427230687097831
0.07786468079367558
0.020386844778678696
0.0145204126527838
0.03992980475635664
0.086536499234103
0.06400352715592368
0.039765337438369255
0.06949348421089897
0.04857928947876067
0.042753598692772045
0.005062410364436252
0.00974247233897386
0.06523307861019728
0.07229040114911074
0.09621243150871461
0.01651779284409102
0.01693100259395998
0.015194135929668803
0.009715192516688374
0.007595738438889415
0.006548251301693843
0.01956326540128109
0.06360797107669618
0.08346175613210874
0.027526301317217443
0.027984694225977623
0.06191792371919589
0.040000292266375956
0.0845403448296351
0.020400309061101907
0.017029406280640084
0.013253541494416756
0.0019633559205771735
0.0
0.05662960984555925
0.14660885918509187
0.06382059883626899
0.018752924372026112
0.008611862873582241
0.00976537508216732
0.021408861722379713
0.10262293006716201
0.09638576994480509
0.02836999814816468
0.06277043326137766
0.04055103151599607
0.0857043284766555
0.02068118828142135
0.017263873628378928
0.00834754835056976
0.010556263681018108
0.07184516470433576
0.09991745541583917
0.04921756619256611
0.02810205899249348
0.019011121772886455
0.008730434279642062
0.009899828483387406
0.021703627079634746
0.10403588163068134
0.09771284591364945
0.04746374680743007
0.023600194114618167
0.01724753103639316
0.033720544978310785
0.055519816923624975
0.03802745894641332
0.00819890100321102
0.010368285064027448
0.07056579587586741
0.09813819471812951
0.048341133933568904
0.02760163703036517
0.006079851293519514
0.004989346698416027
0.02870400729331267
0.11882298592054846
0.05836676054842133
0.016122209440685164
0.046618545346794035
0.023179938237687554
0.01694039897445399
0.03312007291729242
0.05453115855772566
0.0373502923506916
0.008029937521345974
0.002032184084868238
0.019332465203986904
0.05655413264021724
0.1231416697532123
0.08287003922900353
0.006231520499055414
0.00511381195477822
0.029420063290687765
0.12178716826711052
0.05982278961471098
0.01652439735274125
0.0044205619189675045
0.004911005757595434
0.004216352928792426
0.05821223726441355
0.13863214341633068
0.011866200441507433
0.008230253974095995
0.002082879361902924
0.019814736808502043
0.05796494352245977
0.12621358686403725
0.08493733206328533
0.016977002968020405
0.012246333239446013
0.0030716903748351726
0.03037628742929565
0.12031793921907427
0.056608703699672046
0.005620563611531333
0.006244142885710061
0.005360920235787445
0.07401447791293707
0.17626509818381056
0.01508738835271227
0.005893651362555704
0.007893161249409338
0.007432073770847615
0.04062073539155388
0.06824071917155711
0.015725907961998676
0.02158556465536443
0.01557071165205929
0.0039055286325956613
0.03862220661268173
0.1529793368774072
0.07197565059435937
0.028671351526464304
0.0012994723773423408
0.001971983700674175
0.013885438699758886
0.12418101833267975
0.09695282279768627
0.006676399639745249
0.008941468655036955
0.008419143175230218
0.04601566099708263
0.07730391312040125
0.017814498991101897
0.016800991344904512
0.027196605161116768
0.023533358786139012
0.17181620204054496
0.040545312900769015
0.014344751205987317
0.03247925423930884
0.0014720580465732134
0.002233887018226238
0.015729593121466007
0.14067376148628866
0.1098293318317469
0.018338916363640483
0.006255708009520635
0.01603751992997157
0.08893487638500812
0.08936011879942132
0.01924658554513469
0.013454216144146403
0.02177901272091586
0.018845488888516573
0.1375902333299463
0.03246864379609585
0.011487261632206681
0.01866341870423686
0.08977291890424602
0.036743405806706285
0.14637286310599196
0.06642751481414123
0.008767654777423249
0.014685784876656916
0.005009564374323939
0.012842829040521687
0.07121895518384017
0.07155948886067638
0.015412645399616906
0.01638359212512649
0.027159136625278392
0.07085082423589928
0.033250702038478075
0.02948040518063259
0.029773372803392345
0.019234041808014347
0.09251767335851309
0.03786681393450115
0.15084812772808273
0.06845849720167484
0.009035720690813865
0.043647509649657065
0.01263205126209184
0.024805311458825325
0.03632773971005238
0.02918377312758377
0.02788539996265018
0.01688451086555756
0.027989511332218605
0.073017046720181
0.03426732279272764
0.0303817513150882
0.03068367625144922
0.018129945907221008
0.03490507860430617
0.053834310769814396
0.044655578561667755
0.049898386271630756
0.03291015204749024
0.05862577335486755
0.016966919309777468
0.03331760687504466
0.048794120256363496
0.039198599937328674
0.03745467155496708
0.053315708284857634
0.03091897088403939
0.021900705073887902
0.01895301891950853
0.06686889244803756
0.031279995742348236
0.024351494695209912
0.04688325275863632
0.07230832015937114
0.059979775451115235
0.06702172719165075
0.04420373878136142
0.012534280741430566
0.03105434338629215
0.06624062998668019
0.08283565699112662
0.022218444859921388
0.012773260123524291
0.06557169731323255
0.03802649285296454
0.02693514632458171
0.023309858571548783
0.08224043000323669
0.03847050857540602
0.029116515513207826
0.001070140834802761
0.0
0.02722384565724818
0.07507991955859081
0.059185689061524174
0.015415608068543543
0.03819298421222449
0.08146774523031222
0.10187756670031105
0.027325926785807926
0.015709523018018267
0.16072768213799912
0.0036858927605808245
0.0
0.00048051709564792325
0.002465559622590225
0.08642063666691747
0.03203309789834604
0.0011773361448661173
0.0
0.02995084053627599
0.08260062617483573
0.06511428096637642
0.023659920930675652
0.018229619837105873
0.01637650111805232
0.03751509956795112
0.10179880316329264
0.020689576150154817
0.17682766931933394
0.004055106236490811
0.0
0.0005286501799893092
0.0027125331232995624
0.09507733552570863
0.03076727879950013
0.048380283873362684
0.030896054175352336
0.039414932090167325
0.05119228820127172
0.09100204119020772
0.019874340232562914
0.015312885787508591
0.01375626554259259
0.0315126941825601
0.08551102327277321
0.01737924978196255
0.016995326460160425
0.015442367745525269
0.005620196547946558
0.0105113524249206
0.015268305094253044
0.008607811558412622
0.02584452284025125
0.04063945205330526
0.02595269419216581
0.03310855403526396
0.04300153647920227
0.07644174018041593
0.06794278604221964
0.06877458574850387
0.082314034962702
0.1533937652170632
0.053692550072684565
0.07310185471520693
0.012057879926498101
0.010956083514656607
0.003987428855651357
0.007457616404245338
0.010832589179102162
0.006107088230671278
0.08565508313562811
0.05987702482070097
0.05269649510251974
0.006239738668398005
0.012008208936665836
0.08040386570044926
0.04820419059847246
0.048794337601813814
0.05840033447856808
0.1088301308478266
0.03809390324107997
0.05186445748050395
0.08735967326731968
0.041197647213774335
0.012705884061954734
0.027568418080775987
0.09212537169423288
0.036576474583597786
0.08284248942500251
0.05791088647541429
0.0509661385927645
0.006034848904799331
0.011613904107404672
0.07776370240014646
0.08617666621160948
0.11469388001363762
0.019690696106965146
0.020183279328579735
0.01811277790095647
0.011581384103337198
0.08449110716943949
0.039844870014754404
0.012288670181676243
0.026663173973043214
0.08910031782082803
0.03537543947155673
0.04241114801108505
0.011503294590353109
0.023625644039276392
0.034846650691147264
0.017131969296053175
0.025146989237470822
0.01264827839085601
0.0018736933274971642
0.0
0.05404344723966281
0.13991352170437013
0.060906037944071366
0.017896515297437705
0.008218576079067749
0.009319409659856814
0.020431161226610397
0.09793634322732646
0.09198402190783996
0.01672976432094795
0.0035518252532516594
0.0024912014705912667
0.019248372825490852
0.06015276325178287
0.13497846664488952
0.004546849439322139
0.0017598320560174737
0.001657105827849294
0.03724390749976662
0.16085785218446133
0.04161099920092783
0.018212754331269034
0.008363801812430812
0.009484087590600874
0.020792188531589734
0.09966692004881626
0.09360941868104418
0.045470518287781723
0.022609109694558642
0.01652322515943114
0.032304458881662126
0.05318827569602638
0.03643050504369525
0.00462719420196281
0.00179092903662241
0.0016863875923294638
0.03790202317916461
0.16370027881967786
0.04234628324731097
0.012928209643309511
0.010796883462905955
0.01833904009320365
0.08146288054921409
0.15311591981089387
0.01464865162983581
0.043628444148834926
0.02169318311528873
0.015853846254058914
0.03099576017930821
0.0510335444362081
0.03495465445441807
0.007514899447474272
0.0019018403338688123
0.018092485986790686
0.05292676549482257
0.11524339554691325
0.07755477677861472
0.012404469832469876
0.010359486649384575
0.017596099991333814
0.07816270559642186
0.14691298026312785
0.014055214313661383
0.014118119460219361
0.035032497372483755
0.03907585960188615
0.10363178459625191
0.044717259043439844
0.012539874355155817
0.007450524285693715
0.0018855485284987826
0.017937499653233876
0.05247337698110188
0.11425618177454977
0.0768904164186559
0.015368611140025433
0.01108612243296084
0.0027806801354942185
0.02749845483669156
0.10891908451158053
0.051245626565536516
0.01399717889000397
0.03473239719127793
0.038741122616891464
0.10274403979732
0.0443341959292325
0.012432453564503412
0.0438903854124037
0.0906243041260616
0.09554145015112178
0.020763800560364462
0.006876916598395545
0.007529575602691455
0.018660729325800388
0.013460886485401929
0.0033763310735963935
0.03338891314966269
0.13225069825543248
0.062222978885842266
0.024786394925613367
0.0011233943928315722
0.0017047807023211588
0.012003967340358633
0.10735454029146728
0.08381575430088593
0.053292167699713684
0.11003698344811218
0.11600743388068986
0.025211625077997936
0.008350024479736484
0.009142489908801418
0.03207741871395609
0.027455386989258576
0.00466240317062014
0.02089845376279173
0.04095689925751323
0.05775928098359437
0.03126797194316361
0.0014171590689804874
0.00215057636777752
0.015142973196845318
0.135427469943847
0.10573335338762835
0.017654984258608303
0.0060224074446137135
0.015439416173582356
0.08561813639826767
0.08602751980913499
0.018528802798021885
0.040465579256974984
0.03463489840475833
0.005881609324961566
0.026363344402102612
0.05166702058553646
0.0728631808971163
0.004915449865391713
0.009703921356918218
0.015902948924531896
0.09868183681327636
0.08692909529244457
0.031560263982955694
0.017560788225413678
0.005990275618085021
0.015357041035939099
0.08516133118677048
0.0855685303819628
0.01842994461169594
0.019590971411968264
0.03247602022413393
0.08472113206426485
0.039760117811079215
0.03525171834699561
0.035602039587800685
0.004889224077143774
0.009652147258178445
0.015818100663958837
0.09815533180823012
0.08646529561832403
0.03139187801159352
0.019829734586268126
0.044274250281185826
0.04938780671304522
0.05661143989253122
0.0827153473963847
0.02533945351186403
0.01673872632548162
0.027747843802196075
0.07238660165377879
0.0339714512728033
0.030119428664616473
0.03041874671539251
0.01797340801004819
0.034603700561959466
0.05336949361885433
0.04427001258144634
0.0494675527490571
0.03262599863503577
0.0169427280233641
0.03782837221996594
0.04219744713018252
0.048369393192704835
0.07067283872097281
0.02165028821966632
0.03078513208331854
0.06797470117291414
0.11096679586966907
0.038075473782494804
0.03359407466844777
0.03724972225033838
0.019598998383422626
0.03773340431570527
0.058196454371660676
0.04827397811994252
0.05394160561083507
0.0355768307350577
0.010088060345510772
0.024993702992117072
0.05331294921626372
0.06666925081104748
0.017882239687628768
0.010280399936240189
0.03356946849462826
0.07412261812878125
0.12100309811291049
0.041519179261605456
0.03663246362355969
0.04061874329894358
0.03443356264322696
0.02281382951947857
0.05974619717627334
0.04396156367078443
0.028956551807640115
0.026074775504430506
0.01453314629056305
0.03600663849011994
0.0768041490241591
0.09604561649458836
0.025761662448705643
0.014810236168478139
0.1515268750391467
0.003474894954689221
0.0
0.0004530100411944071
0.0023244194146533315
0.08147351370243881
0.04960596844783712
0.032866250844949776
0.08607206877524304
0.06333227737616826
0.04171563106063027
0.03756406225980915
0.14828556356373251
0.003167873153848898
0.0009565109203994154
0.0003208234965208471
0.0005347058474540899
0.03236399524350201
0.20287539456711462
0.00465244653682539
0.0
0.0006065233697087518
0.003112104738947646
0.10908276987089759
0.035299474625391854
0.0555069759040493
0.035447219349320574
0.04522097661756844
0.05873320452395344
0.10440716141281858
0.19853568687948706
0.004241383027661785
0.0012806476100932739
0.0004295422407823894
0.0007159037613068085
0.043331312040173826
0.015903309674850458
0.010119386216310576
0.02168157408033829
0.01437794439744432
0.02469383741191603
0.00974507796228885
0.027933662488939786
0.043924538456731055
0.02805057786222916
0.035784880983660595
0.04647756176194858
0.08262090128208407
0.07343493496060079
0.0743339731203441
0.0889678824779786
0.16579333625025283
0.05803278246503271
0.07901103647964469
0.012584824268030648
0.008007810942271529
0.01715735939461993
0.01137775137860126
0.01954106476488556
0.007711608221250121
0.024680262610556454
0.015190830929856564
0.027587222355786617
0.03507778880009744
0.008998031207144435
0.0077192632337052675
0.05097918113089786
0.051603301370314325
0.06176229063334352
0.1150951999008667
0.040286870689027865
0.054850160106995914
0.09238874362868926
0.04356928917180875
0.01343732893303896
0.02915546058098805
0.09742879098358755
0.038682087589828794
0.017133256516897854
0.010545609142535387
0.019151293674169477
0.024351311128292957
0.006246512820861016
0.005358780787363302
0.0968647708782809
0.029396528730000416
0.005573966290783116
0.013353228501989015
0.02762448430212597
0.055161473850849935
0.10337388790411468
0.04874973549818813
0.015035045182964715
0.03262208355170217
0.10901320358082334
0.04328143915972026
0.051889546808643244
0.014074147272404122
0.028905700971356738
0.04263447223098325
0.020960765374222808
0.030767049144558304
0.10838212073618629
0.03289181502368117
0.006236718282916457
0.014940945099008758
0.030909072160714902
0.06172024632568773
0.024537049073830357
0.017006702759761887
0.022134322214427297
0.0718177648829106
0.030790415744365054
0.03732566300800672
0.018517945035069268
0.003931466310707621
0.0027574764963024215
0.021305757998673576
0.06658226274050304
0.14940580024299863
0.005032844837788607
0.0019479337938717583
0.0018342275508916091
0.041224766753486665
0.17805133461930134
0.04605864023393676
0.09468602250283376
0.0040313397532888645
0.0039116743131668175
0.019884638901305353
0.015601594037051622
0.09181674062644143
0.036886649434512406
0.016710940969963686
0.008215685158716946
0.023185467797276788
0.06058776340098579
0.08783096669681763
0.004641173614417116
0.0017963396882152737
0.001691482409335631
0.038016530587271544
0.16419484066787834
0.04247421739780976
0.012967267605221485
0.010829502384991616
0.01839444494424064
0.08170899150916264
0.15357850480364152
0.014692907291927118
0.034016018692707366
0.015410444947465537
0.007576315664790016
0.021381104493958688
0.05587264020973845
0.08099569494002755
0.019268898852728703
0.01935410051693009
0.04694429880308159
0.043312790348081394
0.09110670785715712
0.019774726628471673
0.012255563710420322
0.010235128977979216
0.01738487234127761
0.07722442241814378
0.1451494029022912
0.013886492273438083
0.013948642292081896
0.03461195917940492
0.03860678395434506
0.10238776470876672
0.04418046273349887
0.012389342805929331
0.018211332156372825
0.01829185755737816
0.04436777757177689
0.040935583173531895
0.08610634842921247
0.0186893977536018
0.013889234478379045
0.013296063368811745
0.017112603819978128
0.07572117225908083
0.1243259608779693
0.006791778141961278
0.014354644850189356
0.035619408053187175
0.03973051002872177
0.1053679611694833
0.04546642164710254
0.012749958897958085
0.04501127690687163
0.09293870648850407
0.097981428698525
0.021294075408084607
0.0070525422451261045
0.0077218691351065285
0.014293507855693862
0.013683071339011171
0.017610699676284845
0.07792518530897703
0.12794471151323916
0.006989466149295148
0.0037059372046079077
0.0060791063420456894
0.04229607215909606
0.04406717942158976
0.11583299634379514
0.0042832095262446395
0.06154817735708321
0.12708388615873892
0.1339792773200923
0.029117403902660925
0.0096436082410956
0.010558842221673718
0.037046844618681116
0.031708768863446334
0.00538470153573988
0.02413603713642932
0.04730193212822074
0.06670733474433184
0.005067478552438019
0.00831253723565609
0.05783542102442799
0.06025722354595874
0.15838941466870232
0.005856837612589644
0.029135113901188548
0.015970968990102415
0.01773304478002689
0.016409480722822976
0.011720231893604462
0.029095359509193033
0.05046381965808714
0.04319249344917328
0.007334838095095937
0.03287720284548823
0.06443291451585409
0.09086622477726834
0.00612995983500569
0.012101567463596185
0.019832251540573678
0.1230641574373507
0.1084075470666209
0.03935817796857501
0.039686757367886974
0.02175505382920039
0.02415528725803581
0.02235237803388601
0.015964859483109
0.039632605428931635
0.030339251964123744
0.04134039091459896
0.014688867654505638
0.03367924076618594
0.09600066788931877
0.022343384863217262
0.004574288954646291
0.009030412575710387
0.014799191448165312
0.09183274136053175
0.0808957086986658
0.02936979745422566
0.018552419455588488
0.041422362902783005
0.046206534038355014
0.05296486316051761
0.07738731013450481
0.02370723462194149
0.022639708723571628
0.03084896127076081
0.010961103641261287
0.0251320698967507
0.07163746689775334
0.016673045393474584
0.02061814455679858
0.013866792890712928
0.06599683879876046
0.11166461938954439
0.10337943946626782
0.015838869725732934
0.015447657219425754
0.034490297336830684
0.03847383360595732
0.04410115094346944
0.06443648188059485
0.019739809944300225
0.028068571201878122
0.06197643507374089
0.10117479445864794
0.0347155940087165
0.030629645318412765
0.03396270895976939
0.01716768157255371
0.011546174008262714
0.0549522150342418
0.09297745601303344
0.08607880757731733
0.013188222207457698
0.02347572793704092
0.03422669996435669
0.011255381984111525
0.0374240522754629
0.08118960076612375
0.029300938640145213
0.029060723445258615
0.06416714363004328
0.10475106482074571
0.03594270151726434
0.03171232498522027
0.035163203906354315
0.02980876034334388
0.019749683868212985
0.05172163251030935
0.03805704711298086
0.02506737168462432
0.02257264930937804
0.024305534911190238
0.035436526318142564
0.011653230966353036
0.038746896860405826
0.08405944561714652
0.03033665192230291
0.045782446233145785
0.04163379952797051
0.07113084846466215
0.05232956244701481
0.04136541669630046
0.03544526863953042
0.03688951991974004
0.024441014925590275
0.06400756592337031
0.047097101033061785
0.031021863923367126
0.027934546312844005
0.11027268334951122
0.002355791520026536
0.0007113101458472097
0.00023858066147970663
0.0003976344506125484
0.02406751212755719
0.056657587998931266
0.05152347361417455
0.08802723833938582
0.06475990326486296
0.05119133924491624
0.043864921871213075
0.04558552845183273
0.038211277054794233
0.04780687163030684
0.06086510494434152
0.04250164841401878
0.03956990135132505
0.1767564243580345
0.003776105495620146
0.0011401612273371968
0.0003824216783631439
0.0006373694876824365
0.038577889443183626
0.014158724800400308
0.009009294764113485
0.019303116578838098
0.012800691307722132
0.021984936175521972
0.008676047932632052
0.07306918419749432
0.06124897388188543
0.07662978203163541
0.09756086449841539
0.06812602337038881
0.06342671695846942
0.019296372561846995
0.03451702778354172
0.0493715989806138
0.05449867179518328
0.03908746238271947
0.055964010834461196
0.019713951071110434
0.012544123758936482
0.026876763346964407
0.017823088284736492
0.030610804445713374
0.012080126342287644
0.0386612859396569
0.023796224031626186
0.04321499769300528
0.05494886518555099
0.014095289944142284
0.01209211781215448
0.026867373290807545
0.048059906978745875
0.06874272226682364
0.07588142042144738
0.05442356792505885
0.0779216904690788
0.03632361051268325
0.02360386540939884
0.0376145760836352
0.08512572970397209
0.10986503655683073
0.04911268503689869
0.024780702745015884
0.015252652358794383
0.027699492811190614
0.03522054327071293
0.009034650082663579
0.007750677965766889
0.14010045849902222
0.04251769880845488
0.008061911734433332
0.019313455434914403
0.03995470057313346
0.07978285302194127
0.023282324238916036
0.01512935636069187
0.02410979371620508
0.054562991180355486
0.0704201308056461
0.03147973015715412
0.08438238477560539
0.07460987838100265
0.027518941489948743
0.036849356720886337
0.03346135454850675
0.07472384655418327
0.11503140861386463
0.03490974146234312
0.0066193435258385174
0.015857578252642255
0.03280535650570196
0.06550680893318334
0.02604240717028017
0.018050070999206275
0.023492272025533723
0.07622381442497729
0.03267942046919443
0.039615607852042066
0.06928331774876209
0.061259466946967614
0.02259480544935846
0.030255671220004735
0.02747390543243327
0.06135304208325603
0.07719047689480807
0.014952132245905771
0.031197727290653
0.04865036765629091
0.03237649830219251
0.03657866508636124
0.10894883418330245
0.0046385913644696524
0.004500900395425741
0.02287991584384407
0.017951704346721997
0.10564734461691089
0.04244298521144476
0.01922815520874838
0.009453236036316587
0.02667795752464107
0.06971426208249067
0.10106118277937338
0.0343503661388953
0.006623180801580403
0.009191499308077338
0.017424381000538072
0.005546930355530015
0.15906607831815683
0.042386481887715245
0.006812530335408377
0.013021741781316775
0.019376447317414683
0.0728091534773359
0.08024607088328561
0.03402460357350079
0.015414334198410592
0.007578227757072865
0.021386500605566298
0.05588674121197942
0.08101613643825585
0.019273761890968587
0.019358985058160586
0.04695614649204237
0.04332372152569298
0.09112970114845029
0.019779717326306172
0.033979307438440916
0.0054612945540931275
0.010438935898088624
0.01553321321187567
0.05836777435062521
0.06432961151372078
0.09560021375755216
0.08178378534296568
0.03709514396277287
0.021297759840938162
0.06080670151921302
0.060177626228641555
0.01789161143285659
0.017970723118530735
0.04358885059245145
0.040216912284581
0.08459465319556671
0.018361284042833353
0.013645393113102535
0.013062635799444913
0.016812172526561985
0.07439180064736715
0.12214327672161858
0.006672540724134614
0.08874457862061912
0.07591894707125905
0.034434995388150196
0.019770465445197723
0.05644616148367167
0.055862198128485155
0.037435062753346446
0.02000599143992682
0.01975113704280046
0.01957021006173973
0.04413834166750036
0.05857000549881226
0.015932177653144492
0.015251758043910423
0.01962966674600985
0.08685886687376501
0.14261284872748925
0.007790768894204685
0.0041308019354878425
0.0067760414862225345
0.04714507750457489
0.04911923219310249
0.12911259394664493
0.004774255262369798
0.04370867627626159
0.023358726795649702
0.02306116222590467
0.022849914313835446
0.05153533466812049
0.06838555144715491
0.003069406849730129
0.0014108671272475147
0.015122187564908603
0.022456315656804716
0.12216164157796654
0.07374606644970966
0.0050926560545469
0.008353837642084094
0.058122773288427215
0.060556608409102125
0.15917636419016148
0.005885937003897656
0.029279870190553947
0.016050319914091175
0.017821150485404013
0.016491010369417285
0.011778463252684578
0.029239918280941347
0.0037841159225901777
0.0017393864750597635
0.018643377548270324
0.027685251841767827
0.15060688779839723
0.09091778247164455
0.026488912053936553
0.008981118819920508
0.01668111447730255
0.041400584094182936
0.13196032984126035
0.06326215587489886
0.04016528315368266
0.02201736687564417
0.024446541282876478
0.022621893357698344
0.016157356866013203
0.04011047827402721
0.030705069565496564
0.04183885549975341
0.014865979678843226
0.03408533051051164
0.0971582024949507
0.022612791751260426
0.03633672711508803
0.012320040290183774
0.02288267270105599
0.05679212961152982
0.1810193822115202
0.08678120453032137
0.04334246691543472
0.012711067092619651
0.00836653119890416
0.021923711441813303
0.04292338325417008
0.06781543322780773
0.023498599687665753
0.03201928967077064
0.01137693906515862
0.026085514484172755
0.07435520385101242
0.017305576854335505
0.021400342696909064
0.014392862517324233
0.06850058516737054
0.11590088116188928
0.1073013833178796
0.016439754757205632
0.0331700039743983
0.009727783764677497
0.006402909037481467
0.0167782234702368
0.03284927911263916
0.051899173023095185
0.10666608002459711
0.04466298734726254
0.0328661393684481
0.05505024784310526
0.032245176515937925
0.04910498591548743
0.016582263548284484
0.011152449418997724
0.05307834423703443
0.08980692431539593
0.0831435198245478
0.012738503766695346
0.02267520550137577
0.03305956933080494
0.010871573404269962
0.036147891912710395
0.07842103498915255
0.02830177649146167
0.08265124889265171
0.03460754986661837
0.02546664754583441
0.0426562196251464
0.024985488443858648
0.03804947563307099
0.008658669056191122
0.006285041965179287
0.007359378249262144
0.03358965821948415
0.15035478527591373
0.06935672053443379
0.022156219317991468
0.032302907623360556
0.010622746711690615
0.03532054521192624
0.07662614789789342
0.02765401032398821
0.041733947570465425
0.03795216179168764
0.06484081443244794
0.04770210845500843
0.03770751180141207
0.0323108768694901
0.008460490935759634
0.006141191011249865
0.007190938072195864
0.03282086392919842
0.14691349094413012
0.06776929590535893
0.025533640576106322
0.04532937365978479
0.11095532503653435
0.06282121807840257
0.01252203901331629
0.006612076251138889
0.04119397660979342
0.037461121129223694
0.06400187733451998
0.04708491897670565
0.03721963652104035
0.03189282546915432
0.03314382519822926
0.027782235510188352
0.03475889499149531
0.044253131804289324
0.03090163158159466
0.02877004913709113
0.025203275843461406
0.04474288359913556
0.10951973945358674
0.062008411347884075
0.01236002372769836
0.006526526491933013
0.04828217090704878
0.09905455171713422
0.05241989669422437
0.027593371028135957
0.040769618797214614
0.01305534830768075
0.04684677369620816
0.03926849396339702
0.04912957625916515
0.06254910043077261
0.04367756989087384
0.04066470822523236
0.012371464229288134
0.022129867836908998
0.03165356435639622
0.034940679472105336
0.025060106044883162
0.035880150839073546
0.06824390125509719
0.14000756219652796
0.07409232407320739
0.039001545547001415
0.05762536744177092
0.018452937886233166
0.036122898530420736
0.01869564076142286
0.014879202009515815
0.04036461923463196
0.02733912456532453
0.021002739527329024
0.014009007030833466
0.025059076951032194
0.03584337289436676
0.03956558539190697
0.02837717470379019
0.04062940942608774
0.018939615330075366
0.01230737046364894
0.019612742009199505
0.044385691634983446
0.05728509642191215
0.025608009481910304
0.04090428829667047
0.02117028009123379
0.016848680293722395
0.045707462283743956
0.03095785439412786
0.02378275685496982
0.04629492375055171
0.22635128082575062
0.07655008069477723
0.07100621648791405
0.019375052762662947
0.019428878979133212
0.014626173119550378
0.009504402698291448
0.015145997158670316
0.034276979683602875
0.044238582612949454
0.019775859931787602
0.05300980070991303
0.04687062109568618
0.0172876555694556
0.023149109393592205
0.02102073484669845
0.04694221696446429
0.03575138974743155
0.17480043609609142
0.05911602284653727
0.0548347575606421
0.014962440945520692
0.015004008398013474
0.03461172419321621
0.02319014351496672
0.05235890160282804
0.07619746329801648
0.08033140310420551
0.03299310343972678
0.05505347388863729
0.04867761206566899
0.01795414209717636
0.024041571039277874
0.021831141817257732
0.04875196815151582
0.061336610922557974
0.011881169218316378
0.024790141704948587
0.03865824894746862
0.02572680930709488
0.029065908629197793
0.03594610107175161
0.0240841871385535
0.05437748083610465
0.07913508445379383
0.083428398975436
0.034265078049698014
0.060229002894295586
0.011347982215422237
0.012163465041119542
0.03676913577036889
0.038536672199173866
0.12194853934172917
0.03654834822565877
0.007046979275820995
0.009779637168033862
0.018539317509723013
0.00590186262928457
0.16924426359109754
0.04509867213143527
0.0072484447469815735
0.013854965947197945
0.020616290990014424
0.07746800382112859
0.08538078838881165
0.1072640214384414
0.004850714130436051
0.0026015121087679762
0.03575476107811379
0.038821982786019525
0.05583696399787317
0.08374104547700453
0.05015485502866918
0.04434248340085627
0.012000947454517448
0.011566675179702989
0.056336390290970095
0.03467867799930366
0.005573700277554453
0.010653792674292286
0.015852921671374767
0.059569114406124
0.06565365958521079
0.09756788114557488
0.0834670795633794
0.03785864544630161
0.021736115633564656
0.062058240180580655
0.061416217105844106
0.06439277730746933
0.0385666358994331
0.034097205768413456
0.009228142931766816
0.008894208745446984
0.043319934849741955
0.07279900809341569
0.017422354504501407
0.062343314165386375
0.03362050778237195
0.011542847167783523
0.04768696080529169
0.0893370897711174
0.07642582674067651
0.034664903727926744
0.019902464733592553
0.05682302935100223
0.056235167112021256
0.037685001312362916
0.0201395632387812
0.01988300728338054
0.01970087232707929
0.04443303527029832
0.058961053401480744
0.06665770994438315
0.015952610942432728
0.057084054596943566
0.030784293833571057
0.010569096730756814
0.043664105936847226
0.03381526419301518
0.018915186533410244
0.03529338403936622
0.007625017022807348
0.027784474564367844
0.11766373585109985
0.04664838951556106
0.024929764041901073
0.02461218618006508
0.02438673037297842
0.05500144525582279
0.07298495660175984
0.003275845861882246
0.001505757778857444
0.016139260118439015
0.023966659461886954
0.1303778637488572
0.0787060036145469
0.04185823432968508
0.023414168991432376
0.04368792539886501
0.00943862947474575
0.0343930196849597
0.14565008864780196
0.014019818552265466
0.011326792387401209
0.01558504774041903
0.025749944209507287
0.09068232706788766
0.041659077162084585
0.003385134813894413
0.0015559929537020086
0.016677699012991425
0.024766236489090883
0.1347275372974504
0.08133179768873977
0.023696033686671798
0.008034187801579093
0.014922328624917882
0.03703548236885234
0.11804699320439357
0.05659206288467812
0.014487548519296772
0.01170467746559814
0.016104996970762644
0.026609015281737723
0.09370767591185906
0.04304890961354865
0.02285188900005815
0.009121932644622513
0.008601851222730696
0.018408095571186882
0.10008745830066951
0.11449439674206864
0.02713964181747851
0.009201750052872961
0.017090904719247128
0.04241763576634109
0.1352020829966815
0.06481626151917011
0.03237217881085329
0.009493805177307576
0.00624890236464732
0.01637466340752266
0.032059168219055745
0.05065086246404428
0.026172822444255388
0.010447570590578069
0.009851908730339917
0.02108323810431305
0.11463259229876235
0.13113320814680438
0.0791549356449787
0.062239992040856396
0.025570894647234017
0.013763624776186586
0.03105094739540776
0.03183033235509507
0.03636663483674695
0.010665261306990219
0.0070199646354796455
0.018395159874638127
0.03601500135670083
0.056900755125528675
0.11694561100190876
0.048967210038014755
0.0360334864544636
0.06035550259589443
0.03535268070834876
0.05383728904073872
0.08892199245983558
0.06991988633255047
0.028726129109762414
0.0154619409212508
0.03488237451861734
0.03575792906166522
0.05094380900266218
0.05190911536939892
0.017090376912171683
0.022264903857096775
0.017320910755036285
0.0499459898972346
0.10387865825728625
0.043495844211448594
0.032007274092233216
0.0536116625018389
0.03140253837932898
0.04782176348345693
0.010882484365351006
0.007899236069397226
0.009249495299630926
0.04221652635512758
0.1889705668853227
0.08716968184715601
0.04525158730091746
0.04610903487269672
0.015180778547719256
0.019777128180252446
0.015385553622854651
0.04436525981100755
0.012561561655731563
0.02410099230008727
0.011790519400093694
0.01906420595144475
0.0611982423786846
0.02660932888186714
0.009804274483843557
0.007116599118086574
0.008333077972832672
0.03803381638276641
0.170247826223407
0.0785331233941329
0.029589160094936593
0.052529058291737936
0.1285784087900083
0.07279914015944197
0.014510920053710507
0.007662275270607385
0.011316992911162732
0.02171312504664777
0.010622343632640958
0.017175371145912013
0.05513487050068996
0.023972941787017837
0.05816961681011705
0.03355074743655119
0.05383345986495956
0.0408509266724712
0.025736748445642867
0.030185107627011168
0.025663756517782722
0.045560365950984484
0.11152073820423788
0.06314134641745262
0.012585849612242433
0.006645770487778931
0.04916431840069464
0.10086434450171525
0.053377643200175996
0.028097520337009657
0.041514506948745714
0.013293878236470944
0.05045262784606809
0.029099785544389842
0.046691720956302835
0.035431496949705606
0.022322419546522677
0.026180643523411266
0.02297422476288886
0.03769614414956757
0.03650619899650733
0.051542647725352435
0.053030813333318896
0.03664117897269853
0.05335497105142717
0.10946178765562134
0.05792742990002603
0.030492487905148198
0.04505310738597169
0.01442701763273267
0.02824188198414705
0.014616769458781403
0.011632972000216032
0.03155817664519598
0.021374484355776803
0.016420523136455464
0.024932494480297673
0.04090927618396894
0.039617902861616164
0.05593602366022494
0.057551037058471456
0.03976438821840496
0.024962792129698808
0.011329456979501978
0.01854276622868853
0.1631635181075255
0.06494934889185196
0.02377932219165227
0.027677834162165
0.01432484284488693
0.011400637890060654
0.030927895674103492
0.020947592431448503
0.016092571893116844
0.031325400721423695
0.15316030357625646
0.051797513825533395
0.048046265227287735
0.013110104577759695
0.013146526018031082
0.02446423440117169
0.011103184681603612
0.018172429474548526
0.15990481080653407
0.06365217829953217
0.02330440076474666
0.046533901311598874
0.04704153511973805
0.03486210695578338
0.044740267429995366
0.0657112236293802
0.028552175662841912
0.02849654858046209
0.13932910452679922
0.04711991978021166
0.04370742910314302
0.011926191633346432
0.011959324021700978
0.02758814935289053
0.018484289867629917
0.04173398555092017
0.06073511351361939
0.06403017469440146
0.026297986781281143
0.042331639781945575
0.04279343152735267
0.03171387122282902
0.04069998068531601
0.0597771467662533
0.025973760657995604
0.04056435452007375
0.07547167187831036
0.05488542906775839
0.028520764628191607
0.012732040041180885
0.023127634850898377
0.025909101044124853
0.01735931351477692
0.039194004453928545
0.057038700668984366
0.06013322042047003
0.02469745933508527
0.04341164341190543
0.008179357679972703
0.008767138448979214
0.026502325024848967
0.027776323555083676
0.08789762822069351
0.03809555858954987
0.07087837417624039
0.0515450351300098
0.026784956219982753
0.011957152605824813
0.021720058877409514
0.0050920276235425065
0.009528327762248955
0.01753420674525908
0.06110257256301188
0.13932844455213556
0.11956701587743185
0.09073745348865969
0.004103346507941825
0.0022006874327846313
0.030245891649562897
0.03284053506613689
0.04723395464538535
0.0708387501900828
0.04242730940314508
0.03751047155607486
0.010151916708614768
0.009784554383307902
0.047656432466309705
0.04617164927267423
0.03763681597901993
0.008307648522903985
0.021259880791625944
0.01300692920488464
0.058716648290668146
0.1771987441357469
0.025397095181802838
0.006285389220884891
0.014201593854928477
0.04091233087275547
0.12517390924938573
0.06583153797719117
0.03942834991792677
0.03485905702966222
0.00943433203650757
0.009092936588325115
0.04428785425130956
0.07442559346555214
0.017811631058226328
0.06373628263470671
0.03437170793735802
0.011800754889985323
0.04875245489537596
0.1646735130529746
0.02360191041604878
0.0058411086881942085
0.01319775917402131
0.03802045711363029
0.11632603537460559
0.015928143439986494
0.04183428756267243
0.037706630092564024
0.0425509651366323
0.02512184960625159
0.02136479011270571
0.08339311345262691
0.019957749753147794
0.07141585039916296
0.038513145896610826
0.013222624712057944
0.054626625235658144
0.04230508617280046
0.02366412374314097
0.044154309858195295
0.009539390269958802
0.03476017765238569
0.1472049562050327
0.017847321212095014
0.04687488975870244
0.04224989193644584
0.047677919623178446
0.028148774592219206
0.023939027998279617
0.06894690837384373
0.05190767186019314
0.02049844480364262
0.009374458632119281
0.012932494460683541
0.046844978916339465
0.04382111622516932
0.024512142882282754
0.04573660803419259
0.009881240473772613
0.0360058310409983
0.152480140766835
0.01467725784598885
0.01185794607955232
0.016315886213178765
0.026957450930896305
0.09493474480342756
0.043612619867684235
0.07141766531039084
0.05376781676492447
0.021233019795931056
0.009710398404300123
0.013395938741931585
0.048523698953681374
0.07470441941948075
0.0800172737635853
0.03883753605335722
0.01007152317880188
0.02425278684111382
0.03327487081630844
0.014624991997505582
0.011815719825873332
0.016257785194198487
0.026861455203313282
0.09459668131501854
0.04345731493226091
0.023068685037263902
0.009208472485989978
0.008683457047864747
0.018582733307801472
0.10103698874576865
0.11558060591698108
0.07443839630348867
0.07973233152502439
0.038699235234762354
0.01003565839329613
0.02416642244691732
0.03315637869914088
0.06260726487922265
0.01592928846206435
0.007907138539238072
0.019393887185829836
0.0385226996396447
0.11163634112716385
0.02352901837079073
0.009392226645766248
0.008856734576381158
0.018953549917235527
0.10305317188597457
0.11788700550269084
0.07115923163794068
0.05595292289344235
0.022987893307791878
0.012373315140058367
0.02791438765357013
0.028615044339468584
0.06385658667187338
0.016247155841440656
0.00806492470852107
0.019780890290856196
0.03929141630957734
0.1138640332982084
0.0484671801444381
0.025325335607937174
0.019901226442031027
0.021512775662248452
0.03411289789670099
0.0889010073726035
0.08963876112959737
0.070483485758633
0.02895768025678276
0.015586574147739356
0.035163548978277975
0.036046161056225434
0.05135444899397738
0.052327536353258916
0.017228136384111067
0.022444373357032164
0.01746052847858828
0.050348586822340016
0.061053750632068804
0.03190213914390242
0.025069428690571962
0.02709948539965308
0.04297176677734595
0.11198794563437192
0.0829765689974058
0.03690510741995129
0.024922268233650586
0.0049729702299550855
0.013544967966650542
0.04955369364688209
0.07195239892573112
0.07331578556965797
0.02413823468346117
0.031446671847508684
0.024463837800943192
0.07054309169615804
0.019973542350525238
0.038321842744435494
0.018747544694413695
0.03031308808459939
0.09730841749048262
0.042310229564372984
0.11625795448978475
0.05170751635926829
0.03491843494011597
0.006967597644236749
0.018977770332751203
0.06942937181435
0.028244665059123337
0.023224531858658116
0.010714680727349393
0.04727834504743895
0.03392075622969956
0.015523570235966625
0.01616066801761993
0.031006346673401845
0.015168708716505885
0.024526433244887028
0.07873260550311433
0.03423336540606875
0.08306622380696371
0.04791047368513459
0.07687419086914442
0.05833513101477362
0.03675208164818911
0.04310433940053922
0.022852864418281743
0.01879105582002792
0.008669288357101592
0.03825308627410572
0.027445411070028465
0.01256017889210651
0.04641165543481366
0.029526154216871183
0.00781382845965424
0.02748998216237804
0.11451670517959467
0.09979912479080894
0.05557095138926668
0.03205190367604208
0.05142850761828299
0.039025955211854986
0.024586986733284737
0.028836620225572453
0.025304916354403142
0.04152034658114767
0.04020968374593606
0.056771551720925434
0.05841068891139642
0.040358357185074474
0.031049200624035194
0.019752871931565844
0.005227418096007298
0.01839068146383285
0.07661119002571948
0.06676519117240129
0.022987632474602
0.025043607586274805
0.07287394461470549
0.10530273938623305
0.0551871365484043
0.006731851871997465
0.02368869873029195
0.03886845415977718
0.03764150297742658
0.05314556927725954
0.054680015253641044
0.03778068068738702
0.023717484934956175
0.010764269631235935
0.01761773187856292
0.1550238556065073
0.06170925094733374
0.022593054210990882
0.021519419095758812
0.023444079676939546
0.06821950703525481
0.09857708414676795
0.05166235023950817
0.006301890457146353
0.023977193297621963
0.04412880305137066
0.035880336690999076
0.042381369845688036
0.0213806235035594
0.025296713954997732
0.02337220592171505
0.010607563454053687
0.017361253036254843
0.1527670191822641
0.0608108880166361
0.022264144653950258
0.04445673246751452
0.04494170664255287
0.033305940798065585
0.042743162374064364
0.06277802218736858
0.02727767066656953
0.023628133451487402
0.04348637618297062
0.03535799094981266
0.04176438210013839
0.021069364505987172
0.024928444534501496
0.036332960031793336
0.05295122890057276
0.07364437513101432
0.038448100244215605
0.02204429792936058
0.04365797681192052
0.045924231095431256
0.046425214070418275
0.03440535633559643
0.044154096751272506
0.06485029912518916
0.028178095462863456
0.044006960297611454
0.08187678337885516
0.05954343231831664
0.03094125794678286
0.013812579720024296
0.02509042534271021
0.03753229624107888
0.054699127395246815
0.07607534595275701
0.039717256370244904
0.022771971223576774
0.045099108841044115
0.0263700851956343
0.015083226617940926
0.03169021579537541
0.06103154677687012
0.04921069308475176
0.021510332860385596
0.0367398576424764
0.06835603607291842
0.04971070967239967
0.02583176398815358
0.011531635204001876
0.02094711038995321
0.004910818397917594
0.009189244586950647
0.01691021955171651
0.058928124449918094
0.13437018402972867
0.1153120023623328
0.022015453227296946
0.012592453443380367
0.026457042456637107
0.050953083901231225
0.04108427044708901
0.017958217558956078
0.03462076749652767
0.07667917384773001
0.035212599207012994
0.03454109803244118
0.041162146407197515
0.053985936031375976
0.04590552863261192
0.03741988776189921
0.008259765530263382
0.02113734470783774
0.012931960855696867
0.05837822173949285
0.17617741949280086
0.02525071333640697
0.0062491619725874685
0.01411973978850215
0.04067652349204008
0.12445244139252357
0.040666888257943415
0.04766481903916237
0.03871276472804589
0.03108551106850178
0.017936145335237182
0.02318391452173493
0.02976775629195439
0.011432385806239169
0.03020050806442631
0.05900762975547456
0.05511309279416562
0.04426981406665588
0.16365612344777522
0.023456092561829508
0.005805021019011511
0.013116220481206428
0.037785558269637746
0.11560734724431651
0.01582973582563777
0.041575826025549024
0.03747367014173738
0.0422880758059888
0.02496664122951307
0.021232793685502873
0.027652099869009867
0.010619862342148362
0.02805409507192406
0.054813834641375084
0.05119609053122286
0.04112346620106298
0.028690787011489378
0.01845230959352827
0.03789331532466094
0.052883594429572016
0.07211082595907085
0.03371655609518547
0.018365343878761337
0.048235444382218544
0.04347620491793964
0.04906178237606954
0.028965799349288557
0.024633863877216146
0.07094810849288528
0.05341430415967991
0.02109341695175968
0.009646554483449202
0.013307863132965331
0.048204665370669905
0.033286479030490874
0.021408001673259767
0.04396306889194069
0.06135449182108556
0.08366154247343474
0.03911727611352478
0.02092886883769612
0.03485901188882124
0.025271572850661398
0.08929081739543167
0.08309254840262245
0.03441290289505848
0.06375727182230247
0.0480005793226942
0.018955526043225916
0.008668842755851591
0.011959065085259514
0.04331895547925896
0.06669148248622662
0.07143447005235883
0.034671748681514236
0.008991232605892326
0.021651387179304475
0.029705745410004456
0.01880765545077383
0.03132593022794011
0.022710211362129758
0.08024088360984286
0.07467083065991938
0.030925035926712068
0.0665276639222887
0.18923231187720918
0.029982450818638765
0.005181640303415768
0.0037942311134145767
0.0187947881758658
0.06359323970429974
0.06811588538502591
0.033061025826291016
0.008573532766522512
0.020645542781395968
0.02832572493561612
0.05348582183934554
0.013608501926303841
0.006755123450682222
0.016568332713379836
0.03291021023952196
0.09537170269045661
0.06343703155273152
0.18044126956529202
0.028589575621232412
0.004940920213381559
0.00361796498883822
0.017921650938052158
0.11658696899396742
0.019617376693517274
0.01002319936897736
0.005359179495570879
0.0017519145726203108
0.10669824687911908
0.06346588877341829
0.01614774981343385
0.008015580556272392
0.019659863586032146
0.039051017087201774
0.11316737159363242
0.048170640250694965
0.02517038596350137
0.019779463476723564
0.0213811526507592
0.03390418273961094
0.08835707856962041
0.13834125291794602
0.02327783708730706
0.01189345576882132
0.006359163570568539
0.002078809141989465
0.12660736688479676
0.07855229069401647
0.0036343279454618665
0.003497807806089387
0.009634304989710712
0.024562688612972495
0.0752902520522955
0.06421002754861857
0.03355137419213497
0.026365435213807267
0.02850043913847835
0.04519326495130836
0.11777735192109952
0.08726618309366818
0.0388129793761616
0.026210667048130878
0.00523005633819578
0.014245197998154775
0.05211545566425568
0.10470786195118348
0.004844450816604083
0.004662473540312397
0.012842241364898472
0.032741331738565575
0.10035966167899509
0.06117676275846668
0.04068094807197135
0.041789102889883405
0.016293580893688948
0.004556861345297052
0.035866200534455626
0.11278939788215599
0.05016482237055054
0.033876643272860746
0.006759719336431672
0.018411568467471447
0.06735794618651188
0.02740198534700358
0.022531627843694464
0.010395008178502458
0.045867795405208175
0.03290873031136442
0.015060424446482755
0.07906946300723006
0.052579126021679114
0.054011388901085144
0.02105905303971888
0.005889631345705296
0.04635618310772011
0.04536760496755434
0.07168177109710482
0.06315876636190451
0.062432339744682784
0.034134665639814786
0.02073422148309566
0.02335020024429196
0.019199996471703142
0.008857953883098006
0.039085569673620105
0.028042692265718892
0.012833519985363279
0.047421689825675815
0.030168717618446587
0.007983877026002686
0.02808823333717586
0.11700887680062354
0.10197100483413636
0.0386593397223376
0.0610825707621921
0.05381981717956755
0.053200803383300195
0.029087355090086038
0.017668362982053987
0.10345427646882555
0.08227909748862189
0.035278569885976226
0.014911613271827152
0.014596125934830902
0.03194963681702745
0.036319043602468654
0.023105439191280674
0.006114644562226057
0.02151205018292841
0.08961406719203023
0.07809695066482716
0.026889221280508805
0.029294147920347385
0.085242515708973
0.1231753058488549
0.06455380423048071
0.007874419204054257
0.07923294998017451
0.06301542902090038
0.027018942653278772
0.011420418264163418
0.01117879468662929
0.02446939906414693
0.02762582526380265
0.030385225388962614
0.021770405963741468
0.02270474348046076
0.058745466237856925
0.03064071454899017
0.02508683679176872
0.027330561200163545
0.07952870992440739
0.11491886516052897
0.060226762765783405
0.00734659688881628
0.02795205262305073
0.05144432919121066
0.041828459522785494
0.04940721232293437
0.024925032128109852
0.0294903190245577
0.025774066210437468
0.02834850374661309
0.020311135663077715
0.021182844536527093
0.0548077576658475
0.028586867468374095
0.04848310743713845
0.0721677012636778
0.039090195861441565
0.044892833184199246
0.02653589397078601
0.050333284674606765
0.025428013891883264
0.04679896446152116
0.03805139694622476
0.044945796941966536
0.022674329923325708
0.026827376577494417
0.039100634602329196
0.05698480528902275
0.07925425839223925
0.04137689628060276
0.02372352920451733
0.0469836368219407
0.0441051376819665
0.0656510394791106
0.03556039539584584
0.04083906113257837
0.024139732763891888
0.04578824600790009
0.08396309965362798
0.01061863846667396
0.0063109827425311266
0.020099867542571988
0.038891666317110635
0.09188242910070307
0.04395635258091399
0.06406147159795213
0.08909645996437629
0.04651529214581444
0.026669639119239634
0.05281830657438522
0.030883609012426406
0.017664883145369202
0.037114337207595514
0.07147775269199814
0.05763363270102747
0.025192057775273228
0.09439006936070125
0.011937315624605543
0.007094713049650522
0.02259597250829103
0.04372143353889034
0.10329286188364693
0.03659390738826843
0.04806037112691397
0.023575762445343734
0.00857727669076157
0.01637295783575991
0.020703491653034766
0.02802813525386268
0.016031602195289808
0.0336827753094983
0.0648689769154694
0.05230487317288208
0.022862820286462582
0.04407611071944988
0.09762116789373508
0.04482957870658358
0.04397468257750047
0.05240401798359346
0.06873013702110216
0.03321046401452064
0.04361674769791257
0.02139596632845454
0.007784228556375616
0.01485912726526955
0.018789263393568817
0.06643067525375013
0.09786890150270729
0.018729138803108978
0.0413030628754825
0.029093924742231148
0.03750355584541818
0.06398819009479037
0.07499923481152888
0.0609134323924879
0.04891216605579535
0.028222013693284368
0.036479229001947944
0.0468387164570653
0.017988533363226405
0.04751963904217068
0.0928468243227042
0.08671888136747338
0.06965729120926493
0.07264659983907865
0.020513424574897434
0.00607854112229045
0.022183614880428852
0.009988342009466675
0.02980005453279015
0.023100510959667652
0.029814741813900435
0.03157461253316831
0.0328383400136722
0.02219587237387944
0.024181096659847943
0.038322331725894915
0.014717793205110444
0.03887944650528862
0.07596507911680495
0.07095134089998212
0.05699195073579028
0.03976182143633574
0.02557257975712004
0.052515367980897974
0.07329000901154037
0.09993653308509977
0.04672690513397556
0.018900292557024558
0.02439371768783501
0.025833602351632186
0.02686755433371504
0.018160138628844254
0.019784402259273262
0.04926135672654647
0.025233329941844216
0.0360462212024167
0.03186302265078081
0.04880836601382777
0.041216757791440836
0.031840383842639305
0.020477954125339145
0.04205314077038758
0.05868901208397436
0.08002695697497299
0.03741786823389255
0.02001963669915585
0.03334459970664033
0.024173676619122283
0.0854116741181692
0.07948268223800685
0.0329178714370613
0.03944740080113812
0.020206290405048514
0.028865013666421212
0.025515201138659554
0.039084655895369455
0.03300546457434902
0.06096688762935831
0.04912935397022403
0.04612493841571313
0.011826863712153846
0.053973540164403276
0.04599886930736817
0.016488192793313837
0.0274626456434219
0.019909464223000495
0.07034514016527828
0.06546201652726384
0.027111191814118748
0.05832310952901645
0.16589515099967134
0.02628485144294932
0.004542612157689711
0.0033263058366903115
0.01647691238093264
0.05021238958265146
0.040462985030401126
0.0379885453770534
0.009740616773253555
0.044452661621270755
0.03788471473342536
0.06124198820743975
0.02082371478837167
0.014494260570114258
0.02260227227030708
0.018509772059696714
0.13995843319835713
0.05527961256477663
0.15723818136058834
0.024913219062266477
0.004305563303071127
0.0031527279565352153
0.015617091407456164
0.10159495673644325
0.017094762422063852
0.00873430808810795
0.004670038287242288
0.0015266344665029804
0.09297783336403008
0.05804617428910567
0.019737062974804112
0.013737901068704325
0.021422809316512102
0.017543869597921573
0.1326549291499826
0.15684683757956597
0.03672288542266593
0.010006252750249382
0.003226864773627953
0.0036995130814919774
0.03924992142982337
0.13067172832309512
0.021987333059835766
0.011234092421932665
0.006006616803942945
0.001963561683214853
0.11958835922272074
0.07419741669401754
0.0034328438112968653
0.00330389223549111
0.009100187092739607
0.023200953480035737
0.07111622277550342
0.20173685788067983
0.04723308185109374
0.012870071339316622
0.004150402840652261
0.0047583244665042245
0.05048336290044337
0.06337762101673299
0.008713963661624387
0.008141959832596442
0.007319954311448665
0.03748151852386997
0.07792961004440956
0.10397671252819177
0.004810623199906846
0.004629916626483874
0.012752567130424622
0.03251270701676777
0.09965887467636818
0.060749580367786146
0.040396882948729264
0.041497299792237076
0.016179806798345048
0.004525041895628405
0.03561575561716853
0.08881436813835673
0.012211332078612407
0.011409753258946317
0.010257834020013297
0.05252480814457721
0.10920682986089707
0.045075124722733374
0.007956039009178111
0.03754595953557378
0.04681613095386407
0.07084333872969609
0.05003262364582094
0.06947273500881153
0.04619755276148782
0.04745598067663421
0.01850309785499768
0.005174801778309283
0.040729893723549196
0.03986130015334927
0.06298169355135354
0.05549313315233737
0.05485487355170018
0.029991712228934642
0.018217691380772335
0.05154755269737025
0.009098462680040092
0.04293725951150194
0.053538553520944165
0.08101587647044037
0.05721690887901002
0.032102863054391
0.02551318391173172
0.012390581862483254
0.05818905132204517
0.04797578739873099
0.03953935074208367
0.03954193519623877
0.062477090194654326
0.055048527431476695
0.05441538150623891
0.029751421474422977
0.01807173296486292
0.1058161449544983
0.08415753513297129
0.0360839821441964
0.015252046462792252
0.014929356527466443
0.03267904929665139
0.031845657959648783
0.025308774701435603
0.012291309695497661
0.05772284616044046
0.047591409939240346
0.039222565213128426
0.03214448505909779
0.01782946703022257
0.026557455950526707
0.050340243419638844
0.0764732599644487
0.03444822031144487
0.07690460258283961
0.061163651317439026
0.026224961300555648
0.011084816710157234
0.010850293507252943
0.02375033885447897
0.02681400999795305
0.029492322114888794
0.021130658635423075
0.022037539616372462
0.05701916608805355
0.02974030344489176
0.023361830557737145
0.01295802334145437
0.019301313578988993
0.03658606553636461
0.055578906870109863
0.02503612935319991
0.052017180574945025
0.006877151661052612
0.001416277191809384
0.011303799826954298
0.271328312998064
0.08802227071027001
0.025302783904156776
0.02783014749982498
0.0199397437848882
0.020795513343022317
0.053805590362328515
0.028064152708512882
0.04759658722328968
0.07084810503028453
0.03837542631331788
0.044071961623391505
0.026050681540288424
0.04941293371832167
0.04908551460567857
0.006489558345395219
0.0013364564172040848
0.010666722520768196
0.2560363657428903
0.08306137331585886
0.057360589726996924
0.038734617285052016
0.019384178538927623
0.007680933902021902
0.009719686723710756
0.008350306344808883
0.05309793818264197
0.07903693354330725
0.042810968873836217
0.04916592618055507
0.02906169451924674
0.055124223249237575
0.10108272435694542
0.012783721773026304
0.007597758201118874
0.024198122494267962
0.04682146802979451
0.11061676251052545
0.06399049228373357
0.04321167617504309
0.02162465785525149
0.008568718416747223
0.01084311617530651
0.009315458858903879
0.12957983693213804
0.005748716021651577
0.0
0.0
0.006021400300577283
0.08969760755649446
0.10895987137164902
0.013779928161821331
0.008189834233033532
0.026083827193857
0.05047015863900833
0.11923687545395042
0.042242446361331315
0.055478843182654856
0.02721485491992568
0.00990124248529825
0.01890024439902137
0.02389922798804391
0.13967769917466513
0.006196700398174963
0.0
0.0
0.006490634343325644
0.09668753828980822
0.03603099085101291
0.07211084901595512
0.017859602877483182
0.04773473245690478
0.046649412760569574
0.026204401892705054
0.039222354512331546
0.05151242512403484
0.025269149389229507
0.00919336062000476
0.01754898567774998
0.022190570704640217
0.07845622073081916
0.11558551993712786
0.022119562121294515
0.048779907857926325
0.03436062290174405
0.044292598929026074
0.03345498232987432
0.06695533824191777
0.0165827440370815
0.04432197375504963
0.04331424817200095
0.024330937939241484
0.045676707734977534
0.04690014833874952
0.06344954282992805
0.0837796523993941
0.008290523991986676
0.014411844147399204
