0
0.023631888532989552
0.022636145259490942
0.05249550881529423
0.052172331732018705
0.06015494859893359
0.08047184385149225
0.04597587982097667
0.015315622059711232
0.024057091076604427
0.03490928758375534
0.05416049772291488
0.03171992739791092
0.03833782480661903
0.040328784332540814
0.06119566325978317
0.05318342328186753
0.056645318028873855
0.017966835528891372
0.028599231915005074
0.02035266317063834
0.018538157090613867
0.031906163066285076
0.08495025555549206
0.050294639704959475
0.050500086633647176
0.016822739311901758
0.026424403149056606
0.03834449833615166
0.05949010302312362
0.034841292604837676
0.031102293667845338
0.050222425697424765
0.10665572270578931
0.02674127712682641
0.013035912468032717
0.010961182455842206
0.03141350845241623
0.022355445014751705
0.020362384423082337
0.035045854593075666
0.09330969373087428
0.05524382942095853
0.03463227713164742
0.05179302849343691
0.08838935286323095
0.03761458848902315
0.035235813128264445
0.02946221260001212
0.026855573044304536
0.043365033980556106
0.09209290421817445
0.02309001158714955
0.01125598334396621
0.009464537864586776
0.05168312162252693
0.0592315641882515
0.07922559915623842
0.06281298475521623
0.0018018629905851703
0.016152644838703763
0.02990357103987781
0.04472118599179827
0.07632063241082991
0.03247867631520562
0.03042469997059627
0.025439429354512565
0.07868891688416466
0.0936501457232486
0.08777263247360109
0.015335813831837464
0.001839293392957886
0.0063931167117235056
0.046457972351263005
0.05324326946575999
0.07121591304013832
0.05646260940605048
0.0016196951416511023
0.014519616922465227
0.056902517191273504
0.06268643213877137
0.06488234904076351
0.007154339749670465
0.005762528741898183
0.005398108735685282
0.07073348919702144
0.08418214194720912
0.0788988436580576
0.013785367303995811
0.0016533413407183492
0.005746774384119068
0.08657224785636582
0.12462576805068286
0.04146374411367207
0.018356105393864747
0.009174471330994964
0.0185022956901822
0.05303673731357165
0.05842771108514197
0.06047444422880772
0.006668296178881648
0.0053710404782027965
0.00503137803275499
0.0535595838603867
0.04057899033343918
0.0305387791734264
0.036096058555576065
0.030758329299279127
0.02048059888873585
0.0806907988405764
0.11615908133533044
0.0386468264172192
0.017109048736844674
0.00855118630933775
0.017245307319527746
0.06594026451740874
0.15703922536025222
0.08483137434582204
0.006351231307941035
0.002375322411491182
0.004038331789595849
0.05542829897756211
0.0419948073956755
0.03160428928736274
0.037355464350607694
0.03183149960415773
0.02119517510448747
0.024925331230431773
0.04004560961452045
0.036958201254173866
0.07057112450381407
0.024907314787589976
0.021039068051339958
0.06824094649162708
0.16251838619886483
0.08779117463224756
0.006572828286527819
0.002458198352239521
0.004179230786926731
0.0993509933826428
0.009250102668550607
0.0019706612712395736
0.016792143657774195
0.025504625275778684
0.07751446907349842
0.02511608482324105
0.04035207871776274
0.03724104241715888
0.07111120541279944
0.0250979305005384
0.021200080066909564
0.06837227646420305
0.009427509504418792
0.0069012528467363166
0.01093419035649101
0.05842559378655006
0.13723849196817292
0.10011132666614884
0.009320893716483657
0.0019857427445497495
0.016920653955353675
0.0256998122066817
0.07810768740764117
0.0577736349780403
0.009564517573664161
0.009201050002078092
0.02427669656471518
0.042361169599832764
0.11325902153273554
0.06876111650345032
0.00948112470278975
0.006940500968439347
0.010996374200985074
0.05875786603717348
0.13801898112785566
0.058538748274685394
0.003084949714563351
0.006166397996152189
0.014639229905143089
0.028229078057545567
0.15689809339266672
0.058102199473096715
0.009618911950757513
0.009253377302395456
0.024414760589100273
0.04260208184821143
0.11390313702303889
0.06342476020573043
0.03339373076442223
0.014747244868653853
0.013417161088657594
0.022613264566763346
0.033996852931087715
0.057573994002449475
0.0030341078618678938
0.006064771996512093
0.014397966468368542
0.027763845635261682
0.15431231712707302
0.024837472507177612
0.014361964347400861
0.029843666075479662
0.06087982903502607
0.10569042918219713
0.044505580521586416
0.06237948147706861
0.0328433817157938
0.014504201279406223
0.013196038091274377
0.02224058417568945
0.0334365640613302
0.1091754122315311
0.09853766331139342
0.013179422339298568
0.012411615595604913
0.019875206005024047
0.024954429380814033
0.025387426251775362
0.014679968366141095
0.030504467447519105
0.062227836161701626
0.1080306369984351
0.04549102743677757
0.06575468403820024
0.04042621573449994
0.03279471529631771
0.010404613773366933
0.052035895999202095
0.01906091554417834
0.111592784883172
0.10071949388639871
0.013471242397279024
0.012686434801598529
0.020315284759573487
0.025506972795942644
0.10035440208848682
0.06813078198376862
0.00932264834091743
0.012339372228274892
0.0036772436672377665
0.01508487831330885
0.08335008151592932
0.05124392925215159
0.04157030382279352
0.013188800445730672
0.06596026179318598
0.024161455379399822
0.043552432466459935
0.10660855508616354
0.039470466301224624
0.007166542126427343
0.0013238273359728466
0.010900154718275355
0.12720839156794264
0.0863620031812802
0.011817310211822887
0.015641283904346735
0.004661242980654307
0.019121464203853866
0.042867079203122826
0.14233054539728945
0.04112028934366717
0.006802888235860675
0.004796050496277582
0.008774569023455468
0.04482884320092897
0.10973297997799951
0.04062724501663116
0.007376575201072276
0.0013626253393569415
0.011219610457067776
0.03585072826996671
0.23016816614895502
0.03265556448109948
0.004659765681079532
0.0
0.0008450643566238837
0.044123403981132354
0.14650189073208425
0.042325420165307256
0.0070022635423107275
0.0049366105061282054
0.009031729265894354
0.04022092785913722
0.14163393071309185
0.018712771500992452
0.010772022958203759
0.007871606805175426
0.00754017972271616
0.035695651223603846
0.2291725434351192
0.032514308536480824
0.004639609250975149
0.0
0.0008414089194616338
0.03180126207350372
0.04933796691336763
0.021696244001850266
0.014036295730450982
0.006787658025860688
0.010914163621559076
0.04004694693893389
0.1410212744938276
0.018631826943554603
0.010725427154315709
0.007837557133317043
0.007507563682349038
0.038109137239653736
0.2122837363555687
0.06085544749616661
0.0062567606707563984
0.010163284708030327
0.009123851654851682
0.033369905950940734
0.05177163446860365
0.022766443047354132
0.014728656596776857
0.007122469209762531
0.0114525207440762
0.021785457200276602
0.06517287834998649
0.04325315212164985
0.032468557297237924
0.006668970610358327
0.009011192594457866
0.039988926308000085
0.22275494289271627
0.06385723166759066
0.006565384564238542
0.010664603627230835
0.009573899014731505
0.019589658447396577
0.09642956932680793
0.11840638472388303
0.0671451704779184
0.018739976580678615
0.006712336740767014
0.04226927155009918
0.04446439892811138
0.06747112338959849
0.058637248513822925
0.06245415179086561
0.019809288964551815
0.03153201064581267
0.022439777182634655
0.0204391981040684
0.03517805920323639
0.09366168890482972
0.0554522275044747
0.03449452625050273
0.026477661903547722
0.016103338944911498
0.04591940895670089
0.04099758241861377
0.07102254735017766
0.03864966326674102
0.008093630084017986
0.01653060942472977
0.023328196414427328
0.0677335084418192
0.056840807101998875
0.031178077885230516
0.02218790068879765
0.020209777218406635
0.0347832011732307
0.09261037820703646
0.05482980097476354
0.03437272329478812
0.05140486229758056
0.08772691315168805
0.03733268352715485
0.03497173605191359
0.029241406145569956
0.03821583802897791
0.008002782694964867
0.01634506070430344
0.023066347810825595
0.06697323000933962
0.056202794385420016
0.05692088569860561
0.03566925306643645
0.0226137661123511
0.034145475460440895
0.036428478877719356
0.07456655261389324
0.029736472372517447
0.04447128772473047
0.07589415906585908
0.03229718817378391
0.030254689278122592
0.025297275939528168
0.07824920976256905
0.09312683649949101
0.08728216630494548
0.01525011857989684
0.0018290155744846966
0.006357392507367322
0.04924330058108777
0.030858124020660578
0.019563583178190097
0.029539876109549675
0.03151494417331748
0.06450889016562494
0.10999300953818418
0.04651772946241405
0.012707564856808724
0.015093214508099051
0.016386498709840075
0.0540273889628961
0.06036392722028872
0.0718410013055503
0.06733223697015756
0.01176442613095908
0.0014109607414308023
0.0049042946221432935
0.07388071659157627
0.1063555732621881
0.035385140198396614
0.015665091919286517
0.007829489623595807
0.01578985065107535
0.08485210320525904
0.03588525487020907
0.009803019385001341
0.011643385343463495
0.01264106587807751
0.04167844487061585
0.08422874944228631
0.10612375984717162
0.00983871447307834
0.0024357561873182177
0.013091175904624858
0.11525581202315947
0.07938092084737287
0.1142734360506369
0.03801946086676668
0.016831312405725718
0.008412372331494812
0.016965359061876815
0.06486983638187839
0.15448996040904586
0.0834542811457864
0.006248129860941433
0.0023367630887644025
0.003972776335734289
0.09049933461681765
0.11402436480176815
0.010571178121415007
0.002617091144065214
0.014065775837406364
0.12383627167543299
0.004577397904468925
0.025487057707852402
0.008431733713559137
0.007610351359402679
0.0025721737613187776
0.006452607564677006
0.07546354011471207
0.17971926514531975
0.09708295633606391
0.007268493720677873
0.0027183730516824956
0.0046215588492252374
0.10986626153386457
0.010229129718753557
0.0021792352471685546
0.018569417214720652
0.02820402429274005
0.08571856850075006
0.005324919402469554
0.029649274747975064
0.00980869554817452
0.008853175638003788
0.0029922279544012135
0.007506364081681653
0.1730494655789241
0.00428163121478164
0.001081451564221474
0.0019112754097850163
0.02407929932270628
0.10982133414918473
0.09202706790015727
0.008568206490735026
0.0018253886794881119
0.015554265659241609
0.02362448328002533
0.07180028166600828
0.05310825863584117
0.008792157066493696
0.008458040478453646
0.022316288052029093
0.038940391271550946
0.10411305106021311
0.1449510950548624
0.0035864146192385953
0.0009058542189556938
0.0016009379900304658
0.020169497740449377
0.09198943546029098
0.19179867519347
0.05195476031968276
0.0041837304721616154
0.0021988435430399054
0.004371587893061606
0.03316123560468516
0.056889273980927864
0.009418110197677517
0.009060206349823702
0.023905084780399932
0.04171273253679533
0.11152532654794291
0.06210072240361851
0.03269661245065606
0.014439385451925076
0.01313706813409562
0.022141196292189917
0.033287144005305566
0.20545368390024007
0.055653652941374726
0.004481589026015126
0.002355389085884496
0.004682820860035714
0.035522132834306094
0.0752738876789473
0.06458644291218486
0.039998273322339725
0.023457440656141786
0.020906618659861907
0.0373151496642925
0.06426238544650678
0.03383474830522553
0.014942005786847724
0.013594356126541342
0.022911908836225847
0.034445835663220584
0.11247083585782988
0.10151199001297703
0.013577238833600304
0.012786256097878026
0.020475132509607422
0.02570767055922095
0.07789409521908731
0.06683463136009812
0.0413905725722307
0.02427397032897812
0.02163435681103917
0.038614052106117326
0.12369413432351406
0.02278070082728817
0.016893087798864205
0.023967338732717912
0.014347063830838842
0.05715557480064968
0.13036953920885389
0.11766669342525629
0.01573793203335389
0.014821071640241651
0.02373356230669386
0.029798810859511655
0.11724017078302156
0.07959456036930769
0.010891289877602742
0.014415611844537022
0.004295981706687889
0.017623080531475016
0.14337892282563636
0.026406040704298358
0.019581467989946633
0.02778152116337654
0.016630267627696843
0.06625136101412853
0.04068367286646922
0.027472916918114685
0.013382402641573135
0.009879942554935319
0.013174275705746495
0.019188837037365965
0.15346409411295794
0.1041870463153904
0.014256392869652702
0.018869631441429783
0.005623319520429861
0.023068117959737563
0.05171480745955367
0.17170744747866737
0.04960748167638089
0.008206998513226637
0.005785951191263421
0.010585632518566982
0.05325378630841088
0.03596127743008707
0.017517189583805104
0.012932567599950876
0.017244757264286797
0.02511764929505717
0.06265192362832821
0.08182432921550992
0.02650052825017872
0.01901793566049354
0.012121745980625952
0.01877930185717362
0.04707470518932263
0.15630102606862006
0.045156458852269106
0.007470626972777816
0.0052668077084413135
0.009635838448084367
0.04291120245889305
0.1511074607021432
0.01996442074281167
0.011492535917376048
0.008398118374510535
0.008044522985424081
0.05703049047710718
0.07448265524621275
0.024122772877268408
0.01731155463021743
0.011034124392015053
0.01709433220415932
0.06775136927151043
0.13781343314511482
0.030441788710627783
0.01618284450724522
0.007723824860037513
0.026187006183266637
0.03749108967325165
0.13202108155576353
0.017442715315663652
0.010040914026218728
0.0073373522768785835
0.007028419511524646
0.035676953946096435
0.19873546435426245
0.05697155997094289
0.0058574446568696896
0.009514648368690246
0.008541553519150643
0.059193695708645216
0.12040622224864715
0.026596687227714827
0.0141387898689304
0.006748228757410279
0.022879326162704113
0.027226553921429756
0.04732094481633973
0.04857916611652824
0.05447431330162327
0.022971738082735345
0.022805067525338365
0.029296795510452826
0.16319532964216968
0.046783258035481334
0.004809949823221435
0.007813130796775343
0.007014055829155923
0.014351828634573177
0.0706464922806229
0.08674720630580224
0.049192076672799505
0.013729332403830518
0.004917610324841588
0.022357592071778294
0.03885847557895043
0.03989168744435275
0.04473259740114707
0.01886367076478553
0.018726806130964772
0.006190236560281232
0.09796784745199719
0.13142488039347106
0.0525666669841683
0.02008141798410484
0.009840998242490209
0.029163503816033342
0.022385621079590877
0.013614617674708908
0.03882270620600927
0.03466153274958977
0.06004623213635606
0.03267647724692488
0.006842784566069545
0.013975854822254222
0.019722895749101976
0.05726550402725221
0.04805623601806678
0.030120066835232558
0.009302889936330366
0.04281999344444433
0.042051286098911754
0.11985487341010201
0.04994991946139344
0.04437971693859757
0.02146652069513699
0.01923683237925197
0.030268289874393884
0.08971704874350023
0.12359853288492294
0.03156880701815821
0.006610827225979814
0.013502100011073255
0.01905432721641521
0.055324312708892626
0.04642722131303745
0.047020412179876014
0.029465159593840162
0.01868046483275486
0.02820641861985474
0.030092330273740486
0.061596898848388114
0.04287532921520543
0.020738846603786016
0.018584740467346827
0.029242252602499744
0.08667581197997072
0.11940877845817391
0.03636917335297002
0.015366167915379796
0.016452626578384543
0.008722422199548253
0.09728068743383625
0.12073382228762027
0.041643665140884654
0.026095841838956847
0.016544368415899468
0.024981036902342657
0.02665129604637717
0.054553342058048765
0.09301797407961421
0.03933872681131813
0.01074642782690028
0.012763904195248294
0.013857598029612915
0.045689433239803214
0.032210387071214784
0.013609058736421506
0.014571281708404441
0.007725020102032714
0.08615671756921686
0.10692800495433669
0.12174931132756825
0.04349024769740491
0.029754067194545514
0.016230386381935018
0.040151825949509196
0.08154002264167266
0.07375541028863809
0.03119229337029063
0.008521011141694766
0.010120699790770066
0.010987906782557205
0.03622786808464321
0.07321357678296996
0.09224522614326804
0.008552038137690843
0.0021172156042398417
0.011379152826308445
0.10018301707094758
0.09653693813668976
0.03448409938203097
0.023592466460418883
0.012869327875472326
0.03183701242739772
0.06465436260452201
0.055366343224486504
0.013139921558228145
0.0025711082333190133
0.0066949531163189085
0.09396849829863732
0.10578950977700022
0.0993283337637592
0.12514843575574713
0.011602488716253304
0.0028724112033369667
0.015438014908503954
0.1359175796940186
0.005023962979945823
0.027973542406479812
0.009254322852799262
0.0083528074884404
0.0028231117382732374
0.00708211569228146
0.07511512018300762
0.017826837200349596
0.0034882040731175493
0.00908299480630112
0.12748638671150658
0.1435238680795959
0.02376458709630082
0.015892912232480454
0.030764530656177277
0.052029165254306106
0.01633257839325588
0.033875629936793786
0.00557115318883535
0.03102031018201521
0.010262267153975015
0.009262562296080919
0.0031305939207555747
0.007853471767258167
0.1810515820275438
0.004479621491469905
0.0011314598166104147
0.001999656199308505
0.025192769142083363
0.11489966884074
0.026352932079993042
0.01762390547408425
0.03411528185067024
0.05769597647833277
0.018111458336914747
0.03756522977966094
0.13384392616197852
0.18823871847492474
0.016491845502786897
0.004790548724188827
0.006037285826238397
0.0632777107701766
0.11993004771440771
0.0029673378890041416
0.0007494882302236846
0.001324588610106682
0.016687896186449606
0.07611047974351985
0.15869093130208417
0.042986476795996806
0.0034615467717622646
0.0018192854005930953
0.003616976776920309
0.02743703706987067
0.08865931062920915
0.12469086563939676
0.010924333252978565
0.003173298629242336
0.003999147475530684
0.04191567279854674
0.04326271484334752
0.12326145060787326
0.020843373322631063
0.018140753203903695
0.013785326360885208
0.05156161801132991
0.1716356402388218
0.046492962174677646
0.00374391146055515
0.001967687831597194
0.003912020174951951
0.029675126266536008
0.06288367119917183
0.05395539894706171
0.033414486028201816
0.019596303989058622
0.01746535185349433
0.031173009320913984
0.046791733463788725
0.13331611213230293
0.02254360533152644
0.01962052755641983
0.01490982059552993
0.05576759331179214
0.05338442713838797
0.05049065522946296
0.07083245267263837
0.037676359444090375
0.0053156041059653335
0.013435493312961302
0.07419039585215699
0.06365678609260779
0.039422538448444
0.023119794415034235
0.020605688933202953
0.036778035654064144
0.11781274003170727
0.021697526717685295
0.016089857227789797
0.022827742502198756
0.013664891310853449
0.05443794818710076
0.06298315136839207
0.05956906819966279
0.08356839864386646
0.04445071300897634
0.006271370059897407
0.01585124641022445
0.06343415494909585
0.10523350317364648
0.0220372979337879
0.011070138594362105
0.010127418432142349
0.01109953932245939
0.17994637731612764
0.03314065463986797
0.024575538425600344
0.03486693853712702
0.020871661987870965
0.0831481515679496
0.05105966347047065
0.03447962766280289
0.016795459386072943
0.012399729582388613
0.016534251620065
0.024082770617426804
0.09688889654996247
0.16073293655072024
0.03365961888293289
0.016908454348033914
0.015468549988211185
0.01695336082003464
0.029816431901436857
0.0284467527329042
0.031478072640340915
0.014817540184479233
0.010588548544234055
0.012339928753209082
0.07780079990888744
0.05253741271283669
0.025591633126007794
0.018893757118506067
0.025193624761742243
0.03669547918469244
0.09153095229483439
0.11954076331975999
0.03871578790532571
0.027784139111409326
0.01770919213374487
0.02743550848679855
0.04543199258847906
0.043344980499337334
0.04796387333075413
0.022577831514719572
0.016134018335078184
0.01880263720056785
0.09809988308116704
0.03354769745066118
0.023506052231844723
0.017970184002833806
0.020885532713032066
0.05230614007647582
0.05995240325496048
0.07829871609842848
0.025358684364574252
0.018198498653587563
0.01159944916449607
0.017970147005651377
0.07122255792753204
0.1448741970960786
0.032001450054413676
0.01701195994623506
0.008119549013269261
0.027528677056872827
0.06425502633035009
0.021973606036118514
0.015396369064273902
0.01177039778230881
0.013679939386766682
0.034260310025773684
0.08352692636986953
0.15398635140252467
0.03805074919400533
0.029205218525369565
0.005356543620118663
0.01640218950055467
0.05899217661999288
0.11999631116123932
0.026506141433823505
0.014090655755746152
0.006725255079336446
0.02280143575728017
0.02713386380861105
0.0471598453350623
0.04841378314514765
0.05428886088409662
0.02289353307006003
0.022727429926108517
0.0691836313706969
0.12754372074433012
0.03151665121687656
0.024190080497068008
0.0044367146660508295
0.013585595464794093
0.0535312380271294
0.07314562152114452
0.05492927077012178
0.03125951940677679
0.013036357880217129
0.031912237606847714
0.023098598183567683
0.040146376700250876
0.04121383269644233
0.04621518675889394
0.01948887652409148
0.019347475734059295
0.006395401906793688
0.10121483279316082
0.13578074480409696
0.054308903866682814
0.020746983999078452
0.010167162161233444
0.045570235266868736
0.06226762735751804
0.04676035683619731
0.026610698840444064
0.011097630421390978
0.027166346776797128
0.032702884949525016
0.04593654110745237
0.08173746262962084
0.046220153191417625
0.03451194922018356
0.021293678662167796
0.02668656047118976
0.008242416466098327
0.03793877187199441
0.03725769253796031
0.10619213909857797
0.044255929229157116
0.039320696273847565
0.019019466516147145
0.01704394925055568
0.026817886975856586
0.07948984508193281
0.10950904392169371
0.036650113855429954
0.041873090178711825
0.028748669648739004
0.026618141445110596
0.03837551127455182
0.0421082201647921
0.037953068783462204
0.015757249916202958
0.015970145454517713
0.032226992850882895
0.0688278419099607
0.0631165008218863
0.03554361605937914
0.0171924884238069
0.015406736037383385
0.02424180567798473
0.07185418372387543
0.0989897886109202
0.030150017684214662
0.012738541783476613
0.013639215207776103
0.007230881521921931
0.08064561759480307
0.10008824896091066
0.03430736057468569
0.014243634885624034
0.014436080035168533
0.029131321903930602
0.062216354715732676
0.05705363548500301
0.013479349340946913
0.046451723297260335
0.024797316603785716
0.026156483629996802
0.08750619128719989
0.08249935633280975
0.030130803402002984
0.012730423647714421
0.013630523082521226
0.007226273358846984
0.08059422300950528
0.10002446379561658
0.11388886932124231
0.04068240783253338
0.027833069719612847
0.015182511782035129
0.03755952299614748
0.07627559352761458
0.013470759096490694
0.04642212011327549
0.024781513540440683
0.02613981438411457
0.08745042453202675
0.08244678037973859
0.026359160438150463
0.01832180734773297
0.00481970823303271
0.012835056219213138
0.0526657283846856
0.04852839126656239
0.09900320891358444
0.03536507953548284
0.02419519337209918
0.01319810614283992
0.03265036630922632
0.06630611547930769
0.05678081106398571
0.013475612799065522
0.002636793443793469
0.006865991969861974
0.0963691520357018
0.10849215999049264
0.022913929018682035
0.015927085160584043
0.004189756066078182
0.011157470961487096
0.045782139562277696
0.042185566398520065
0.10259625075397516
0.019481103151689376
0.005480837718638812
0.0030534851449953893
0.056585883691720365
0.11530785733893958
0.06391279718335556
0.015168224821191009
0.002967989386373237
0.007728398802507932
0.10847365427466336
0.12211937954959157
0.020220446050429892
0.013522716514233537
0.026176450273645218
0.0442697752252283
0.013896812889151957
0.028823574539104453
0.11548291127476586
0.021928038210635468
0.006169261462494839
0.00343701988607664
0.06369338584745478
0.12979116644611088
0.006766355768314926
0.09736476930453243
0.06544648610349244
0.011688618692712167
0.0026406090309405365
0.00831110896226989
0.02190817397468774
0.014651409037433807
0.028361304454141333
0.047964814180446964
0.015056729891611427
0.03122937466365412
0.1112694409453606
0.15648985777380742
0.01371028541879133
0.003982561582338162
0.005019020571018833
0.05260511779353271
0.007331119154204994
0.10549145649948127
0.07090906896966362
0.01266422566569846
0.0028610111717959326
0.009004807342720519
0.034048864679173854
0.11013331500612081
0.13135426694828528
0.011392547789081973
0.0015743091042485758
0.000986863750329756
0.09341891340613012
0.1313847930582101
0.011510797173325772
0.0033436545778793353
0.004213838445884128
0.04416588150457684
0.045585238402849435
0.1298786410466094
0.021962332818737402
0.019114624743305133
0.014525380362685835
0.0543296614184756
0.02858653655501636
0.09246505177229286
0.11028160818740236
0.009564885258173153
0.0013217487625960082
0.0008285450025849908
0.04703845106371251
0.045943871585592204
0.044972248988528876
0.023509275785290787
0.007291969361109856
0.014762005690694873
0.05420560691506668
0.1544392616973895
0.0261155062783643
0.02272928411623355
0.01727219349547947
0.06460363867471774
0.06184287391466028
0.05849060095989912
0.0820554359110126
0.043645955788271844
0.006157830141237537
0.015564267773836361
0.05593362846367874
0.05463205920557918
0.05347669851401551
0.02795498294456023
0.008670912748814834
0.017553565710819355
0.026134754460236862
0.07679523128907832
0.036170920911313374
0.018512814007371075
0.010921891748107853
0.006120030786863845
0.08018255541710866
0.07583615630992403
0.10638921060313272
0.05658928906756655
0.007983952318100045
0.02017989598970609
0.08075671880552945
0.1339706098636392
0.02805523103288303
0.01409316590282538
0.012893008241486991
0.014130595365447456
0.03388509079820925
0.09956907722470007
0.04689751117422938
0.02400284205939479
0.014160810048394569
0.007934943456853045
0.027665454174710065
0.04999914148069059
0.02684611406840617
0.01481328665092891
0.011503310754071903
0.011661959770223461
0.11946742881497778
0.19818938329732633
0.041503497986092236
0.020848720938352203
0.019073268046092336
0.02090409220315252
0.03676471280550382
0.035075850052467376
0.038813574478613305
0.018270549982881717
0.013056054042373224
0.01521556764913404
0.04092688170268876
0.07396621561654401
0.039714791151302775
0.02191403136062702
0.01701741946646
0.017252116843024967
0.058731791767258415
0.09152311314853985
0.032472031873456125
0.01185488764849616
0.008123881401699123
0.009320035023759504
0.03780106454188781
0.036064594838788044
0.03990768108891051
0.0187855741665227
0.013424088041406965
0.015644475663094844
0.08162265840929048
0.027912900234222857
0.019557887447055833
0.01495184442984303
0.01737752022519126
0.04352060440926567
0.06038736826260448
0.09410303639539185
0.03338737824904196
0.012189062254024881
0.008352883560409526
0.009582755272143622
0.07161866366250558
0.2755094704256707
0.02624793931837697
0.015136350141921186
0.008129459510598631
0.018784633857691576
0.05186260780514488
0.017735709982546505
0.012426978806271891
0.009500323301651084
0.011041584942576258
0.027652763116371333
0.06741767097282512
0.12428807839990261
0.030712166733772143
0.02357261183673911
0.00432346443269836
0.013238813674116152
0.04550612216563549
0.17505726828499568
0.016677802574576298
0.009617557260576259
0.005165415810789037
0.011935657543026262
0.022924491803064623
0.11985255805808348
0.12266909722274875
0.05736138316707389
0.014983348562136093
0.004476456448718177
0.055488858260101616
0.10229667483666846
0.02527798783553079
0.01940169837009719
0.00355847512435265
0.010896351726404688
0.04293482750940518
0.05866657971719216
0.044056122231609415
0.025071754796268372
0.010455834715691368
0.025595268624177454
0.018868256022339557
0.09864597085942477
0.10096415450826564
0.04721191957883149
0.01233221042241571
0.003684396891885569
0.040637459388850446
0.03604486921422462
0.057317849345509216
0.07194960423688301
0.037219365319539906
0.051423455241905947
0.04580776708334473
0.06259219321826608
0.047004092082094606
0.026749405335950396
0.011155476080890762
0.027307949550167073
0.032873346559402064
0.04617598226872745
0.08216351371008715
0.046461072661792585
0.0346918404570927
0.02140467054409381
0.04335667295124371
0.03845677435534431
0.06115321394879652
0.07676403758463897
0.03970986065272823
0.0548644025605092
0.03317333243877475
0.11145699618649786
0.02736014836864959
0.017456369332411886
0.005141332880778076
0.006719490270141278
0.04423710837828537
0.0505413007903918
0.034699974466637876
0.03212840245410127
0.04631968288068352
0.050825105384239656
0.04580978994186103
0.019019181633006716
0.01927614899302183
0.03889835052284614
0.08307599572609035
0.07618234143363392
0.05003730936783037
0.02913063524947473
0.017291608635132967
0.032044778838921976
0.053173908856142905
0.04401345348212401
0.025943279820517147
0.020615959174500296
0.0317429087078577
0.04308099779732093
0.05395472683721346
0.05795698303462697
0.03926115881879236
0.016300339111893335
0.016520572305400733
0.033337728018502995
0.07120006152333042
0.06529187341852842
0.015425694847518864
0.05315910216439155
0.02837791567619093
0.02993333910671603
0.10014161440007119
0.09441181942223084
0.02223461907610562
0.01766885306348369
0.02720517561270875
0.03692245475779946
0.04624175535554396
0.04967187840128531
0.008551480198514275
0.009766893179700134
0.00807443120421185
0.09664369478395171
0.09040732741226287
0.023250160210003253
0.015340043690635189
0.052863936297032905
0.028220347324707296
0.029767134268021588
0.09958557817542459
0.09388759787908865
0.030016918116739927
0.02086425294910393
0.005488520308413561
0.014616126809496645
0.05997394568734213
0.05526248646664902
0.008503998112338533
0.009712662514030303
0.008029597932151524
0.09610708075485404
0.08990534080743469
0.02312106371617251
0.00858718614135829
0.017710148460505584
0.04042799485812902
0.08150353942087019
0.09760011949040157
0.012904322209897958
0.027931513466287458
0.019414723388505473
0.005107209151460199
0.013600681496237492
0.055807297240757676
0.05142316339474289
0.1250622953919794
0.023746983530231976
0.006681005794330664
0.0037221229662102295
0.06897679446630198
0.14055742982381786
0.007990597316221617
0.016479748130394906
0.03761928784304765
0.07584113732230728
0.09081941861103676
0.012007803338680107
0.02084950094502891
0.0475625645290268
0.02685030069798422
0.08363449582798038
0.0191702369084254
0.019143634812161664
0.11588101559170601
0.022003630751361365
0.006190528761642747
0.0034488683270187
0.06391295609890155
0.1302385956206314
0.006789681431060905
0.09770041493859333
0.06567209981861928
0.011728912875715267
0.002649712004211338
0.008339759853730077
0.019318862943604125
0.04407082298061796
0.024879122073307544
0.07749458207743896
0.017762879812170874
0.017738230672937918
0.009421534829543743
0.03624713834406712
0.1602715218259562
0.041229466701875904
0.013218609552344713
0.0037910024415759767
0.007341930222290458
0.10564702283180537
0.07101363728404822
0.012682901368963086
0.0028652302529377
0.009018086568338178
0.0340990759206687
0.11029572660276304
0.13154797269681068
0.011409348172109987
0.0015766307092526133
0.000988319060354252
0.0101878493133633
0.03919535300469423
0.17330744333355413
0.04458292641575711
0.014293764730262557
0.0040993492376908995
0.002539638525383241
0.01103050620384391
0.18605594502671158
0.013982350475314272
0.0012850097549252947
0.0009539285766959969
0.03993711125458198
0.1291792397684753
0.15407004087529574
0.013362720102793988
0.00184656253410803
0.0011575272115942328
0.06571554583953416
0.06418635246171651
0.06282893724348244
0.0328438725252658
0.010187319862242777
0.020623409991463233
0.002974445013425572
0.012919017350562619
0.21791021532065177
0.016376241040441438
0.0015050137330721016
0.001117248801259772
0.004017386115991416
0.03008322538063784
0.0846566001434613
0.018867973744748318
0.007123984428180973
0.006509946349718459
0.09207035382936914
0.08992788702687173
0.08802608893877009
0.04601570185404632
0.014272880675448735
0.028894299375047644
0.04301948857046192
0.1264098952883961
0.05953966474392602
0.0304732838339423
0.017978137041249627
0.010073964723370053
0.005628533651256766
0.042147914465890376
0.11860759930735981
0.026434856418359763
0.009981013755544995
0.009120719552301254
0.011673572615867869
0.03173989193447483
0.062234245733136566
0.024718437036506103
0.005419923769686579
0.005591557722844925
0.05488226609398247
0.16126787511122945
0.07595793981303407
0.03887640061997877
0.022935672500054318
0.01285189645301846
0.044808580465942174
0.08098152085692376
0.043481529521813715
0.02399246159746703
0.018631431903972012
0.018888389088234255
0.014892601931381077
0.04049228042515967
0.07939556112783465
0.031534634277273856
0.0069144870946067
0.007133449722964541
0.028624341905029063
0.07595132367220489
0.07059135958486044
0.029940616152993288
0.009701411092895264
0.007271856547494728
0.0390308767935764
0.0705396093840878
0.037874938324638605
0.02089882792196725
0.016229059603541037
0.016452884239266483
0.05601094520189765
0.08728315484711183
0.03096771174742802
0.011305690537858543
0.007747529273761258
0.008888269117758748
0.024933464764445613
0.06615801540091343
0.06148917528735202
0.026080016104939388
0.008450492676920123
0.006334209520017219
0.015846503763061664
0.15330691096020999
0.12403198802445463
0.08437512519984357
0.023377854123810868
0.002386649239669238
0.03924625328582242
0.061158346647564754
0.021698735033679136
0.00792177301812235
0.005428608553584213
0.006227912416237798
0.046545565653196654
0.17905589811345635
0.01705875424542786
0.009837239949080574
0.0052834034038765606
0.012208289903518358
0.011103470904447186
0.10742046641640285
0.0869078498855063
0.059120722256689365
0.016380605271253394
0.0016722988734941217
0.050224020302621804
0.07896694742802389
0.0847028111991752
0.02519054859537042
0.013644908917847245
0.05299450109909129
0.03639258473586329
0.13999844782426743
0.013337729398125062
0.007691443500361617
0.004130934996084233
0.009545296497288634
0.018333390558592816
0.09584961687270738
0.09810208610836031
0.04587358575348972
0.011982624671681874
0.0035799539242963954
0.039268658334875216
0.06174189281572206
0.06622659303142685
0.019695736026294045
0.010668545908449798
0.04143481435274012
0.08933620423618395
0.0638346717245624
0.03493260567592306
0.03046655996357955
0.023258535086617814
0.03431743434549218
0.016996380233650247
0.0888595335604564
0.0909477356020484
0.04252813486165743
0.011108760513562946
0.0033188764468758563
0.03660591157363259
0.032468941586960336
0.05163147884457001
0.06481165136951994
0.03352691866577701
0.046321853868461334
0.08282112852919897
0.05917936179090384
0.0323850542932921
0.028244706613180286
0.021562345750855697
0.031814745936666645
0.022307620525231078
0.030381631408242828
0.03425216210511229
0.03914158683669472
0.08335551568536885
0.015427913654143737
0.04249864874956342
0.03769571865458633
0.059942997988784885
0.07524488499328622
0.03892400650004203
0.05377864154603781
0.03251683552272073
0.1092512734299998
0.026818693781295436
0.017110909537156785
0.005039586419614809
0.006586512232799254
0.025898651020706376
0.03527239798578483
0.03976599799434582
0.04544251130386889
0.09677389880936314
0.017911464436753084
0.016133871149488513
0.04872060115019627
0.0879699649169028
0.04108294478620995
0.01556754853236264
0.024051380806526877
0.05722551964052392
0.03331545522072976
0.01977566943681889
0.03664823596613959
0.060812713634177874
0.050336294627142224
0.029670213839737183
0.023577586236223327
0.036303000074514855
0.04926988514632144
0.061705701592082635
0.06628290994970752
0.03180448329491218
0.038851028800068764
0.05318724611783984
0.06649071941207312
0.034199994560645625
0.028304980574228037
0.016960302035892556
0.03255596058763645
0.04751920027266973
0.061854330181057425
0.03577679714469343
0.02757169435034111
0.030452814037793118
0.024199483461427578
0.03726055080878997
0.05056945858660663
0.06333328993869806
0.06803122961921027
0.011712214872755861
0.013376859783850755
0.011058842568032192
0.13236442032612486
0.12382301310923702
0.03184371195209779
0.01740765761627605
0.03341467705464292
0.0487725965490068
0.06348583884869909
0.03672046841994879
0.02829894268012618
0.017542454995171073
0.014919829904635694
0.03019979040239102
0.07850092527769623
0.024239093362304433
0.008471756481640919
0.010397423493963043
0.011875198474678671
0.009817397544538144
0.11750543758081015
0.1099228727941142
0.028268996290009826
0.010499133437441459
0.021653334261406268
0.0494293364131681
0.09965040024952017
0.11933090318196725
0.015777485030739967
0.015573171743361603
0.013244957649918038
0.02680961830481654
0.06968855794122775
0.02151805798780457
0.007520732912973009
0.005695816870627843
0.02312571693243479
0.06775425870375738
0.10365305580876552
0.036129029080555534
0.005159036875442221
0.010284002086434164
0.021209648972403593
0.0484165099751273
0.09760852456884292
0.11688576629791662
0.015454198190889341
0.026833577357790808
0.06121363566396808
0.03455668424673198
0.10763867775525945
0.024672342825167618
0.024638105583237733
0.005579107354955003
0.022651861946560894
0.06636594743994806
0.10152916414998799
0.03538873114235009
0.005053326191839289
0.00981713927875545
0.009663433571171394
0.04659932402926367
0.06327221933262304
0.042391916704816554
0.0022760863412613335
0.02850478531377283
0.06502604999740419
0.03670889097174137
0.11434246578312547
0.026208948066889694
0.02617257851325417
0.013901378586636187
0.05348228308013969
0.23647899645527679
0.06083365777629282
0.01950392362822355
0.005593585452547957
0.010428555380637083
0.010265276808504658
0.04950155208565359
0.06721284323570537
0.045032105432610145
0.0024178420807700485
0.005840330612597002
0.005953301813059227
0.032988855623699895
0.04718612518441243
0.022854130205872077
0.013561464621578121
0.013785486126835212
0.05303641411086438
0.2345075277682205
0.060326502158995786
0.019341324093871026
0.00554695307194177
0.00343646147307307
0.014925710576186402
0.25175790984821805
0.018919940074610234
0.001738785449656647
0.0012907895234360327
0.005791641176759648
0.005903670563413505
0.03271383544491525
0.046792745773729
0.02266360080264322
0.013448405942994296
0.004077276625863804
0.009354141449694466
0.09968736198399157
0.05435351685110092
0.016191262730553074
0.010408663699834285
0.0038199150245711317
0.01659117860890459
0.27985002303076423
0.021031099554379422
0.001932805799131934
0.0014348207692033304
0.0051593065310377
0.03863422053538444
0.10871978381092715
0.02423109388993962
0.009148938719387835
0.008360363616808808
0.004532234789916605
0.010397912429874548
0.11081086017879344
0.06041849073085355
0.017997945926601457
0.011570102317238958
0.010048265202804444
0.039733270864962374
0.15342261527065273
0.04410866597071723
0.007654743222695455
0.010391262416094452
0.005152627750752824
0.03858420810272882
0.1085790448289876
0.02419972646658931
0.00913709531539953
0.008349541032152824
0.010686544300489086
0.02905620861855448
0.05697219231160309
0.02262843442378622
0.004961656330581996
0.005118778224988301
0.010035257610576699
0.039681835699303954
0.1532240079710168
0.04405156680692358
0.007644834071569435
0.010377810810119488
0.019136917349918018
0.1072819192289466
0.20752846176498857
0.0485265947259147
0.009790045001647749
0.01929461056868724
0.009767836456297226
0.026558285433122174
0.05207436954441712
0.020683098342976443
0.004535109407374906
0.004678723743788049
0.018774280792955473
0.049815345343121965
0.046299824492028366
0.019637605525932997
0.006363011472899879
0.004769502724699205
0.01749174229719154
0.0980590368860474
0.18968751895358416
0.044354828627066745
0.00894840799672807
0.017635878841980333
0.04642607232296577
0.05963869325306171
0.08638009448174636
0.04656810596803309
0.06769639310522178
0.053156160239261625
0.015993440084625634
0.042436711681605524
0.039441908699894786
0.016728889423150088
0.005420524166645827
0.004063045445104756
0.010164656652400732
0.09833791324892396
0.07955966761084943
0.05412198113118872
0.014995601805387546
0.0015309036260414803
0.039549456740865234
0.05080502831437926
0.07358550140128332
0.039670452406022086
0.05766922413773
0.0452826861007845
0.07529312499667898
0.05904146296738411
0.042065438624985574
0.0388799214310718
0.029303017174186253
0.06605937930476947
0.008761676009799133
0.0847647849633276
0.06857841389939463
0.04665177387648792
0.012925828100620906
0.0013196000644482306
0.03963144476065566
0.062312299892646354
0.06683843234543134
0.019877696551024997
0.010767108064696518
0.0418176129722834
0.06490076246996501
0.05089224234077741
0.03625934028525843
0.03351350532681692
0.02525845696216024
0.056941508077414375
0.061554366410786654
0.027826987512078998
0.012974347700937557
0.00800692057467119
0.020914647430043575
0.13671018925554443
0.036616355220921736
0.05757169140012938
0.0617534837791104
0.018365436896930844
0.009947965712074545
0.038636203659278896
0.08330221421126939
0.059523118802396774
0.03257317037200604
0.028408772524707804
0.021687595623645483
0.03199954924737548
0.05687142014397885
0.025709959998278416
0.01198728249869181
0.007397768356881286
0.01932349840496059
0.12630952220722516
0.08522769892563134
0.12391136238723716
0.004236036668960238
0.006565623957485834
0.019935892801969224
0.032138326165967686
0.09395862074807686
0.06713759289894747
0.0367400817676197
0.032042954786264274
0.024461973687418332
0.036093080361804045
0.02530747037554855
0.034467245664112627
0.038858271629337596
0.04440520889268407
0.0945648703975429
0.01750260487518846
0.09613042241920793
0.13976267996181174
0.004777930174153011
0.00740552909951874
0.02248618489664511
0.03624961026903462
0.033981042013227665
0.03064998150139064
0.024480702703807214
0.015390682237489193
0.029829104320579655
0.013316097885264626
0.029044816966456406
0.03955728592373549
0.04459676808304839
0.050962863751542194
0.10852998388993554
0.020087347628675728
0.018093812458518713
0.05463917567643955
0.09865654884936723
0.046073697460322666
0.01745869301753955
0.026973140522168502
0.038999280882582865
0.03517629733524364
0.02809595422580448
0.017663541315795218
0.034234194979109636
0.015282587316929538
0.06508342311978489
0.04106946565682867
0.03417591793212324
0.04974899332011888
0.05487066557224838
0.030925479348417394
0.026462434425365302
0.03232540495774268
0.044253635552200805
0.05532258725985402
0.028455582976055195
0.023550726651062115
0.014111560194125006
0.027087689625912712
0.03953762460157572
0.05146495043366953
0.029767537476155077
0.022940607051422663
0.03712599125398839
0.015249462951261054
0.07330230099252692
0.09170673778192436
0.03503454257266002
0.022184329992559572
0.03718735254423469
0.01750822672967802
0.0745644414237419
0.09817258674803568
0.0680633649982529
0.03462025648653117
0.015760438489366202
0.03025277575940718
0.044157434895697116
0.05747842013995125
0.03324575290889266
0.025621123488045735
0.015882480515090353
0.013508024265364682
0.02734210136254139
0.071072687174217
0.021945441965576025
0.007670107022380315
0.04153254312728581
0.019553991666055974
0.08327699250732637
0.10964365339479185
0.07601629179747542
0.0386654923577632
0.0251477272349326
0.022926775766461203
0.09383955188648305
0.06909657847365236
0.02083851918234042
0.035525022783970094
0.016959671244414356
0.014424173257098659
0.029196513088718738
0.07589301984577111
0.023433838353896855
0.008190313432807258
0.006202922769115074
0.02518462924116059
0.07378650746046961
0.11288142062293437
0.03934564298677948
0.005618352560878138
0.026853310856791938
0.024481728740302883
0.1002039919523781
0.07378288636423083
0.022251841216938857
0.037934421313724806
0.00153413925908929
0.05972284999625212
0.11284868444986669
0.08874639721680201
0.019009672582353213
0.0015129944802632046
0.0063692844530947295
0.025860078136288534
0.0757654532079841
0.11590888750005723
0.040400888661791604
0.005769036138283446
0.01120755500904804
0.011032079738295706
0.053199254142458886
0.07223355588419683
0.04839594559245625
0.0025984517638689532
0.0015752846997309452
0.061324610048289374
0.11587527334654689
0.09112656550805108
0.01951950984140284
0.0015535728203389134
0.03456823586010417
0.0461889829922783
0.08776693790417579
0.037982821666026026
0.008525074199267374
0.025252582121730146
0.01310556589013372
0.012900373703160098
0.06220860213553253
0.08446638230682273
0.05659184837952763
0.003038502222494225
0.007339543673102605
0.007481514584442269
0.04145709594823052
0.05929880507252357
0.028720786182031503
0.0170426930363534
0.04042240188913059
0.054011134410214726
0.10263035842785041
0.044415251286782156
0.00996880421702855
0.0295291326810501
0.06134215851109243
0.08387998716101795
0.054420214415091386
0.05107759519503215
0.04929457976914314
0.025356576799174357
0.006812854207332464
0.0069446372123418715
0.03848211321226366
0.055043492023714814
0.026659767649483124
0.015819700532950662
0.004796203764563314
0.011003513509652403
0.11726476879054347
0.06393741854178864
0.019046192443432797
0.012243974741508326
0.05694021335831741
0.07786071571931434
0.050514991565553564
0.047412240436713375
0.04575717512379433
0.023536975679140253
0.03325086450325243
0.09414874250772243
0.07995388295919185
0.06770697200611063
0.02096186411402506
0.023900639903613297
0.0041198064468108715
0.00945171392207602
0.10072719470688574
0.05492047503217137
0.01636015279321628
0.010517235828750951
0.009133884205178352
0.03611758725001239
0.13946132730918154
0.04009482625010516
0.0069581700726768485
0.00944566905218014
0.028561573416597028
0.08087116715270894
0.068678175205267
0.058158417251944004
0.018005661801150923
0.020529988964465187
0.04631569334277873
0.07439243930441322
0.08908608318541357
0.019602859123339873
0.031035988601309752
0.027453836344662273
0.00789757496490438
0.03122892150271986
0.12058465625225441
0.034667824651805776
0.006016352795053475
0.008167158435288412
0.015060424478676783
0.08442902338615026
0.16332132644137495
0.03818959457857116
0.007704596863443876
0.015184526326881897
0.040046671493683045
0.06432311304051948
0.07702791107069581
0.016949530558452424
0.026835138379551583
0.023737845338926436
0.05155897695966674
0.09080459688026063
0.02388557734411205
0.03184311786306065
0.0072571998301651465
0.01327827706704045
0.01324214534508277
0.07423571630439355
0.14360317305468237
0.03357887839052836
0.006774403446293608
0.013351264096274164
0.03514691601652203
0.045149547188026606
0.06539415837568817
0.03525444276485375
0.051249638921397694
0.040241937476281596
0.04533414497780926
0.07984155238071405
0.021001817531091115
0.02799862617287257
0.006381021669437058
0.011675160623990441
0.022172674403504556
0.08770479526781418
0.06763347279276484
0.03465332591250642
0.020253195490706772
0.018127935566128926
0.03299243685905198
0.04238191436527519
0.061385546320665056
0.033093372299684266
0.048108075125811424
0.03777513738753114
0.06281005801545922
0.049252806474197386
0.035091286762206006
0.03243390576270848
0.024444784418495288
0.055107201976021175
0.020813506365965673
0.08232855817987575
0.0634875924711221
0.03252910345212284
0.019011690047202656
0.017016706935804007
0.03896356161148072
0.01309231251361949
0.02293605822967124
0.011115775922523568
0.07238353590688457
0.09144502018836101
0.060229918747583384
0.04722957796506452
0.03364979140626835
0.031101571475605105
0.0234406307818692
0.05284348402616509
0.05712435950496553
0.025824306727030646
0.012040596721679557
0.007430670415528315
0.01940944092804519
0.12687129206900713
0.03736299924127343
0.01255450072533269
0.021993880712909572
0.010659157176150928
0.06941013309144556
0.08768860131382952
0.14346028004598585
0.04163346730819815
0.009955205276625216
0.012468121363492455
0.00897901196941983
0.046638950751114606
0.0564137242888518
0.02550304865164942
0.011890809973476189
0.0073382318110105735
0.019167984702223542
0.1252929950195628
0.08454179439851524
0.1229141353648733
0.004201945443162802
0.006512784431691397
0.019775450606563903
0.03187967993136259
0.14167561360950087
0.04111554101030148
0.009831361096760126
0.012313016147495987
0.008867311774149865
0.04605875552208181
0.028128429825807003
0.009509053065571186
0.0342951336039992
0.057705725281291594
0.04861915350159343
0.046448271308278236
0.09743004864434911
0.14165218839840518
0.004842524952787646
0.00750564745525435
0.02279018476328061
0.03673968347344999
0.03444044552198818
0.031064351050143817
0.024811667266773654
0.015598755121757086
0.03023237609731692
0.013496123621058948
0.032416561603826895
0.010958692198714069
0.03952336899251782
0.06650286596368278
0.05603106161170524
0.05352923208229126
0.03584276532234899
0.07887428341115406
0.05273332062311372
0.04214439923685571
0.05068286432208729
0.020156531068866643
0.039995511936493255
0.03607487082105901
0.028813661359258103
0.01811475395312062
0.035108702594942205
0.015672978824789924
0.06674596985755502
0.042118579284795885
0.035048936869123165
0.051019824241219716
0.056272328878717665
0.0317154662965541
0.0416240186954521
0.09159629893983595
0.06123893354068657
0.04894207369233515
0.058857749202911314
0.0234076756773794
0.06077178537089571
0.00909527927867353
0.007800127970144539
0.02269976379907842
0.060757368116845456
0.05650727437639951
0.03020054753150923
0.012404844022584127
0.05962856614787311
0.07459985847637472
0.028499235507863683
0.018046088192271666
0.0302504625506127
0.014242260359453102
0.060655268218225304
0.0798595747138941
0.05536689581489285
0.028162229916546763
0.06421668624441866
0.03877780999023645
0.030509962269811442
0.053987198481737046
0.03293787999389561
0.03103279883018529
0.04509749499799934
0.037395667676887644
0.03780322841091692
0.03286823298668351
0.052377179024644914
0.051079977319103215
0.033475470314821114
0.015760630538496318
0.06712173829671203
0.08837341968627366
0.06126957147098892
0.03116461078878391
0.020269213805622768
0.018479114058404827
0.07563522233408121
0.05569224245338467
0.016795967156535026
0.028633374122877864
0.04990534781253265
0.04138242716540586
0.04183343802947635
0.036372321772119895
0.05796112038551486
0.056525623750924826
0.01834377684064067
0.037600232318042666
0.035256918916142195
0.033303355718888115
0.051175005279504214
0.02766979908445431
0.021057342785448425
0.019197638489130035
0.07857615093588569
0.057857727047405445
0.01744904569165774
0.02974672721850558
0.0012030135290034922
0.04683238246493227
0.088491636804879
0.06959154188225937
0.014906660632668583
0.0011864325994399869
0.01905703894671965
0.0390622442649395
0.03662781567630498
0.034598291971433694
0.053164845886559224
0.028745685437696213
0.052032586470789996
0.065605943535798
0.11041115135798128
0.04105766498002581
0.023821372898274306
0.049718998341586156
0.0010995123372564458
0.0428031614457064
0.08087826451260018
0.06360423804346153
0.013624167041987194
0.0010843579469036163
0.024127830234031304
0.03223884333670743
0.06125929557072686
0.026511132262466586
0.00595030489391667
0.017625719081234104
0.047555966233718355
0.059961540394904644
0.10091193503812775
0.037525271408937966
0.02177190261005195
0.04544142751070263
0.033322977232269804
0.04899446136897842
0.09823658605951566
0.058264476740811484
0.054197787119383986
0.023008786599982973
0.02629036669672603
0.035128356133941836
0.0667498622344395
0.028887280039900924
0.0064836206198826225
0.019205482359766355
0.0398963882860945
0.05455478937219739
0.0353944180905273
0.033220408607767885
0.03206075140824987
0.016491689535233788
0.03630965911005793
0.05338575176487414
0.10704136449436692
0.06348662287702381
0.05905544276873956
0.02507102508152883
0.02832253321639394
0.036826078552427026
0.06641100214346785
0.0686406599529208
0.03294775694326321
0.028138629807220795
0.04510121139223402
0.06167192554599874
0.040011920902684045
0.037554293396466196
0.036243349054263234
0.018643170670236214
0.026337348957556368
0.07457334786283412
0.0633298817178687
0.05362934694254372
0.016603475976330016
0.018931221875112068
0.032017448511783494
0.04163035364579399
0.07507488209118426
0.07759541772151181
0.03724607200386571
0.03180955333908283
0.01887796857551156
0.013896339066353921
0.009766281224098077
0.0602245285034248
0.05057143152972673
0.058659161775694114
0.026535625407007355
0.07513476118737732
0.06380665043560889
0.054033086761432814
0.016728472545667224
0.019073742500981254
0.043030398608769366
0.06911558665561215
0.08276697147965754
0.018212376433751096
0.028834523772487214
0.025506463057945915
0.019020088292573133
0.01400095539561637
0.009839805084399075
0.060677919074387826
0.05095215032961532
0.05910076773775959
0.04192722422877289
0.022729524304697886
0.005237486200293153
0.05757953493946017
0.10552444366680329
0.030631373671679143
0.0421882501110319
0.06776292459915598
0.08114713799106728
0.017855941774770574
0.028270202928082428
0.025007275733604752
0.054316199931534
0.09566056057917686
0.025162908013435004
0.033545994476314435
0.007645293606711868
0.013988360406837942
0.041106665971351423
0.02228468448525946
0.005134983288907185
0.0564526451030317
0.10345922339039922
0.03003188665423882
0.02622452477961059
0.011700187119275163
0.01584908677112538
0.07286169230359439
0.06898438561268788
0.05335891747643588
0.05114617627850509
0.0900775809141738
0.02369434037280244
0.03158816981095975
0.007199095941960346
0.01317196615590241
0.02501530610454107
0.09894892517402884
0.07630437330359886
0.0390960305223604
0.022849741784647437
0.020452014447045544
0.024693998639239996
0.011017336147378778
0.014924096068412279
0.06860930925225331
0.06495829147580905
0.05024476312260529
0.01769878007364003
0.015946735761425187
0.08116857853154522
0.12145169292070322
0.026763568986179116
0.0029790652219211376
0.022309076278400834
0.08824433769261222
0.06804954044102389
0.03486650626864383
0.020377789113798835
0.018239455013635362
0.04176331718379179
0.014033070324210488
0.024584145678033555
0.01191450823272584
0.07758470847985502
0.09801586982950428
0.015784073680625465
0.014221570705807025
0.07238752155588829
0.10831268944644365
0.023868206908990237
0.0026567811321767175
0.07240389309514793
0.07692989512408147
0.008959095840427627
0.017731773902624943
0.019067350789621546
0.047694767107835066
0.041626372646433915
0.013987055006155118
0.024503532721897887
0.011875439812691178
0.07733030335293319
0.09769446964262592
0.1598300778423387
0.046384130287371254
0.011091162193392018
0.013890819169152217
0.01000357856237029
0.051960773578904135
0.07216647618692704
0.07667763717123749
0.008929718403055665
0.017673630303472052
0.019004827750059485
0.04753837297402548
0.05730354718032493
0.021024464112626644
0.01229522546749983
0.03275553548587896
0.025392914607195245
0.049059879551535644
0.16760352568841683
0.04864005497027258
0.011630588639444136
0.014566408894242768
0.01049010961634023
0.05448792221644605
0.03327618558179529
0.01124929533843996
0.04057145163901449
0.06826639224030219
0.057516896064510395
0.054948722896355294
0.06009054535623106
0.02204700365885936
0.012893212374705499
0.03434862390957984
0.02662791680467687
0.05144594117508642
0.025187900681689617
0.06019930072229839
0.042320434797058756
0.05769185205319082
0.014393423862101276
0.019506232105938357
0.03314811557473583
0.011206000191829279
0.04041530435208915
0.06800365547575778
0.05729553087026618
0.0547372418264488
0.03665163942875101
0.08065426229778633
0.053923368801958776
0.04309548414802203
0.05182663925741185
0.02061140936605896
0.025090960044963456
0.05996761176114841
0.042157556201196364
0.05746981350608738
0.014338027912613674
0.019431158498797584
0.03092095851899626
0.02358326408786012
0.051210001344144815
0.04471312051008452
0.037115809318905554
0.04243300821705101
0.0393635997112238
0.08662210328315186
0.057913314047718496
0.046284243046258146
0.05566144144991327
0.022136506863408328
0.057471534658370696
0.00860135431436877
0.0073765370268449836
0.021467038592885353
0.05745790034253201
0.05343861066370118
0.03320888922841294
0.025328257668888677
0.05499917672279804
0.048021572978206514
0.039862114867402966
0.04557274861459004
0.032448821048951346
0.06324258831309248
0.022839926137892534
0.02557551442910035
0.03618158941433471
0.058924553761293595
0.06526592216510249
0.03941140031615808
0.031008464298246094
0.05486929488404166
0.033476051750520194
0.03153984348097986
0.04583434260649568
0.038006675190654454
0.038420895056243035
0.03340526678141674
0.05323296933197366
0.05191457265818576
0.030279447071673696
0.026680210409055605
0.03750471959229799
0.05014748407213492
0.026164684057201442
0.013815942427248432
0.021479878397862976
0.030057606329379247
0.05964244229447498
0.1220714126404768
0.03881730204004511
0.026953118971873895
0.04396097155825432
0.03645324165385502
0.03685053125581002
0.03203990500052766
0.05105719680230926
0.049792686494471376
0.016158794343877035
0.03312155542380826
0.031057361137456586
0.02933649273524956
0.04507939630110813
0.024373965995460652
0.020601938843765415
0.028829072302823465
0.05720469761904375
0.11708203050355084
0.03723073603566317
0.025851473570843147
0.004237785850225494
0.006040456198255873
0.012445062307595466
0.07484392888609284
0.17891564239880464
0.007435025778345361
0.016258356372584496
0.03332563310322934
0.0312487203326627
0.02951724884054586
0.04535715193393148
0.02452414560976302
0.04439117410604027
0.0559711722868817
0.09419636761535942
0.03502800990950097
0.020323008781541908
0.042417355381675854
0.004263896867390342
0.0060776743260826434
0.012521742264303033
0.0753050779816106
0.18001802689269936
0.007480836513616265
0.015342536902174788
0.04186064117001534
0.014065508986936502
0.04514693120550743
0.11243351376817835
0.012925217530713134
0.04303507743937703
0.05426132068471049
0.09131878253887926
0.03395794658194286
0.019702165449050135
0.041121556489212376
0.030155141810251918
0.044336822613428216
0.08889776453440654
0.052725587704025745
0.04904549629509635
0.020821465560178276
0.014873840960465828
0.0405818492232324
0.013635824703152015
0.043767747073733536
0.10899880593913908
0.01253036777144731
0.01916155436139929
0.024793657425271853
0.0499930619859365
0.039912560973133525
0.036829964483470874
0.025541587649677358
0.03294579958079623
0.048439900600126456
0.09712466125878602
0.05760499009445761
0.05358433070706324
0.022748353685104222
0.0256986302223169
0.033414376038546724
0.06025844417725325
0.0622815383379926
0.029895356318254497
0.025531764297123862
0.020934828747267598
0.02708814548271238
0.05461958729900687
0.043606202976970224
0.04023833268884694
0.02790529167385735
0.02198200877690209
0.05453282520789956
0.03903550521028175
0.03934925710606314
0.04260306100657369
0.03857675415244127
0.030118602181070032
0.03916139849974208
0.07062244534141872
0.07299349654823517
0.035037133739094214
0.02992303656628871
0.017758380256419192
0.013072194305512501
0.00918707619280805
0.056652815881615186
0.047572211365015375
0.055180285747846024
0.025762749678282817
0.06391206278458512
0.04574931979621931
0.0461170346686015
0.04993046847448534
0.04521166699170355
0.048955647560211445
0.04989890544848169
0.03548571386778177
0.030042384353287963
0.030516959706356157
0.05113794634321243
0.018307098234626628
0.013476113352547366
0.009470948584398103
0.05840333693936093
0.0490421499102063
0.0568853069488377
0.04035553362604937
0.02187748173781711
0.005041152958722494
0.055421099325412636
0.10156873757083605
0.029483121121364777
0.05046833303958476
0.05144073674824551
0.03658219051078745
0.030970667009973845
0.03145990631462335
0.052718062892242
0.02292813110611629
0.03081408488032662
0.07486656191763157
0.056647509034162664
0.0691157666225977
0.032655903943477095
0.04149108147219387
0.022493083243589493
0.0051830038988539655
0.05698057095954089
0.10442673871270994
0.030312734601320657
0.026469767578784213
0.01180960327320361
0.015997302017607882
0.07354306996527668
0.06962950402642866
0.05385791184879414
0.023573296404509544
0.03168114980483012
0.07697320146604121
0.05824149010920593
0.07106058689557894
0.03357479506087718
0.01783836792706295
0.03285526144005007
0.03847160105903034
0.04886948517615824
0.04237281697653758
0.01229350856389949
0.024697353123640964
0.01101883276535412
0.014926123388822852
0.06861862928425826
0.06496711554592634
0.05025158847627066
0.017701184312926686
0.01594890199934961
0.08117960464094574
0.12146819117257912
0.0267672046053427
0.002979469904368982
0.01664391160718837
0.030655274601082513
0.035895544369957524
0.04559718663089047
0.03953553504382618
0.011470335779392419
0.00830194213910346
0.0883681164076335
0.07916623449906943
0.06740697124573665
0.04609246212005713
0.030342223339358463
0.01697735227527063
0.015296723815761326
0.07786003022125802
0.1165011467775532
0.02567264731983425
0.002857634227507555
0.07787763945160775
0.08274580798645899
0.009636404975576902
0.01907229895789393
0.02050884567961147
0.05130049943131157
0.007962461368279466
0.08475459131053285
0.07592899026625435
0.06465058362293823
0.044207661635121145
0.029101477355446853
0.020976802620990515
0.03734846882329612
0.015755223574774047
0.04806685181050141
0.027837824925824706
0.02710197114552974
0.09571194334015638
0.10169494275127161
0.011843181862212651
0.02343993487833922
0.025205456784276728
0.06304852752942618
0.0759997460137423
0.027884031814059938
0.016306739437458757
0.043442552860421514
0.033677759155511716
0.06506644996422989
0.025780577814835642
0.04590142378516992
0.019363235412872267
0.05907436113141495
0.03421280281189521
0.03330843545019576
0.027183873695939116
0.02797435063914979
0.03506658525797245
0.02222655904670872
0.040136991858767866
0.046449462446476665
0.07670054480081692
0.028141152353258977
0.016457104982323164
0.04384313957220478
0.03398830404553419
0.06566643209056408
0.03215024415607391
0.07683936191052904
0.054018488031666104
0.07363881384027107
0.018371999209319364
0.02489807041469157
0.027434538029878587
0.02823230401433043
0.03538993660721502
0.022431511647707666
0.0405070977694687
0.0468777760744837
0.02651489343903635
0.07229456849902136
0.05175049033384244
0.05298461396235755
0.023777747441773876
0.027090791831403005
0.027444271662137348
0.06559204690268108
0.046111564600323014
0.06285997711554403
0.0156828089649788
0.021253630454769894
0.033821072773951306
0.025795167070025264
0.05601304956799537
0.04890681838963616
0.040596946154421915
0.04641285159529856
0.022633791989292287
0.06171249487103205
0.04417554369031025
0.045229023221016476
0.020297294077701422
0.023125393603674202
0.09133469129856604
0.09362411006674047
0.04219881450486467
0.02785986212573358
0.020640044334859095
0.016678666991841774
0.03284782826287941
0.02505287823339143
0.05440120261669357
0.04749946230516674
0.03942871724355474
0.045077262586628516
0.032096023863300974
0.06255498838037242
0.022591600885959497
0.025297446714451017
0.03578820800616342
0.05828390131042866
0.08870641905034693
0.09092995687309531
0.040984489788877775
0.027058159055156426
0.020046100730779993
0.01619871707392231
0.005259260388590353
0.10770725986831489
0.08587551592138289
0.023859535142035468
0.007162332398035369
0.0052926711687603005
0.030006688373110404
0.026439873805439856
0.03716687529541363
0.049695753151838995
0.02592899133946888
0.013691487761119241
0.02128638663220323
0.0297868459827678
0.05910518033916683
0.12097178755271397
0.0384676339380775
0.026710323994951497
0.005521105467912979
0.002197490555143797
0.001767519318334603
0.10605077903902234
0.21428272909422666
0.014386014471905037
0.018731177744635497
0.005897340155009921
0.021726300077720827
0.030227548447597168
0.058388177885597144
0.04156593687937926
0.02115506319250991
0.0296030801262295
0.05874053904424217
0.12022546871890878
0.03823031315212647
0.026545538318408654
0.004351562643579774
0.00620263139089756
0.012779189451461663
0.0768533513844577
0.18371919991504249
0.007634642611631434
0.018615618315342263
0.005860957324632039
0.02159226265242577
0.030041063737710823
0.0580279600388649
0.041309501538830784
0.023677811135388804
0.012434032903164185
0.02682174446950116
0.07595499838240975
0.05850718153187631
0.041116235648222574
0.004047265658825151
0.005768892482742531
0.011885563612609232
0.07147913411814265
0.1708720451904837
0.0071007657226416325
0.014563045180179087
0.03973387273025137
0.013350897844667128
0.04285319977291664
0.10672122551911038
0.012268539946398087
0.02202206419475392
0.011564543243775973
0.0249461478996184
0.07064360133314287
0.054415879076904546
0.03824105090265215
0.007700482833120353
0.019867565807720783
0.049419038583712896
0.12603345340330652
0.06817480205117914
0.00632687418129991
0.015829632620646898
0.043189635143855584
0.014512061551831856
0.04658025849893832
0.11600305924285743
0.013335568058769457
0.02039287409269203
0.026386895584497076
0.053205611578209196
0.042477338491999424
0.039196654633757655
0.027182887736738458
0.008370214659211433
0.02159550175884838
0.05371714607536014
0.13699492383647388
0.07410414903637753
0.006877139546565774
0.019450492448532263
0.03732601437729704
0.09580348815263123
0.06284267469230655
0.013486902126643453
0.011138823108687001
0.02094330406179965
0.027099111923175188
0.05464169964525811
0.04362385663395687
0.04025462288782112
0.02791658893006612
0.021990908034721663
0.05455490242914354
0.03905130845322052
0.03936518736919558
0.0426203085487637
0.0385923716733207
0.019975486321828932
0.03833349163858062
0.09838934783992037
0.06453887952014505
0.013850931006887765
0.011439474308304175
0.03221802156217648
0.03876463598929141
0.05752424566741248
0.12424669381950408
0.027647220941592523
0.02241734641855326
0.021717297763748342
0.05387613183845247
0.038565433150987524
0.03887540679415088
0.0420900278458213
0.03811220644983978
0.04126828031009682
0.04206342107276306
0.0299134923115535
0.025324913477046847
0.025724967601029037
0.04310789887068274
0.031817165826891106
0.03828232745794447
0.056808530590083894
0.12270081988333834
0.02730323498150644
0.02213843041297501
0.04807284409386587
0.11183984857405932
0.06540041606859906
0.022818156519801902
0.006913457334874882
0.005265237071064044
0.04486335874060438
0.045727768040355256
0.03251940053409963
0.0275310885226672
0.02796599328596261
0.046863235324006575
0.020381750478235504
0.027391896284056475
0.06655193906150877
0.0503562801958988
0.061439822674337397
0.029029164336888593
0.052260700810849686
0.12158275582046232
0.07109776093947112
0.024805955907415706
0.007515721862451089
0.005723917202231515
0.01625357769027947
0.07629870270729343
0.08004710593454109
0.037556311803469515
0.016988921568555564
0.009246811897572113
0.024217512102429534
0.03254693852110495
0.07907674031155014
0.05983312504879057
0.07300254464285362
0.034492333688547684
0.01832585836737694
0.03375313651088219
0.039522960567732794
0.050205000114736234
0.04353078968400136
0.012629467992885538
0.019312434172052452
0.09065780479388524
0.09511164209395384
0.0446242552421768
0.020186166744267736
0.010987023871059019
0.018610953937344688
0.04372326235129992
0.03535721872953028
0.06699111848732864
0.029246614229503146
0.024055028431649396
0.020816965765594986
0.038341335676767015
0.04489547504951157
0.05702956705758654
0.04944810444537323
0.014346242210056266
0.010383451280949307
0.11052426241156736
0.09901523345308051
0.08430762226464307
0.0576490207741076
0.03794979446025567
0.021140815519367306
0.04966674069398134
0.040163467222334374
0.07609748979792243
0.03322222375454679
0.027324924885564008
0.0245035599723805
0.0110302331196382
0.046029266661689355
0.03020420719586432
0.005951535728319394
0.009958381807043105
0.011457157514659231
0.12195308182012166
0.10925395567695907
0.09302549622827311
0.063610248047933
0.04187401288989726
0.03018344713608784
0.053740579758982956
0.022670135505330997
0.06916322314863496
0.04005574787606133
0.03899693047291723
0.02703736346204493
0.012170820169105865
0.050788947158137344
0.033327489105990524
0.006566957406405185
0.010988133508532104
0.030743164261962913
0.03239609476915774
0.026497111964170792
0.0298539202334465
0.027642537005986293
0.016003357939832204
0.03061269564632786
0.054504841829414195
0.022992534794210366
0.07014681559140978
0.04062539355055395
0.0395515183645507
0.032279014765259524
0.033217652768323315
0.04163920256436509
0.02639253829952868
0.04765996808746985
0.05515560074030835
0.03118037268948324
0.03285681005308663
0.026873935916219813
0.030278482435611598
0.02803565041598139
0.01623094684058097
0.014333374430301471
0.11892829639329788
0.14737450199735044
0.03421763722843379
0.01950754055637831
0.005404585865791109
0.024252536768591265
0.024957773680165215
0.03128522659539001
0.019829787562620056
0.035808872632484
0.04144064633557947
0.02343955736907862
0.06390946619120871
0.04574819770054991
0.0468391812135565
0.021019879885633704
0.023948660052733568
0.010769247231269308
0.08935566658647323
0.11072845792958734
0.025709102680235896
0.014656808705250034
0.004060685196940325
0.02157992379632364
0.04061308319140111
0.17034373552847504
0.06694303039788174
0.03277271800652669
0.009987688512008241
0.02000667123150834
0.05454948054417851
0.0390480560881396
0.039979257480727025
0.01794137233804767
0.020441212287663255
0.08073340700958048
0.08275709127016659
0.03730076730216655
0.024626147592431376
0.018244339322665743
0.01474276193946864
0.01841939392437519
0.03466501480015786
0.14539571116479538
0.0571387581822726
0.027972925605859532
0.00852492209115109
0.022722263645359196
0.05177298761533721
0.09517742584899373
0.03424766858080866
0.02663961256001235
0.026952695026875466
0.0927037001558358
0.09502743485070872
0.04283132937957527
0.02827745151559384
0.020949416415797045
0.016928662284042894
0.005496252732608055
0.11256075524559121
0.08974523111101111
0.024934691483933066
0.007485080810973201
0.005531169066510447
0.026091279853843657
0.05944933699496255
0.10928932488210694
0.03932554956803653
0.03058945170910427
0.030948954722877536
0.011794065567552414
0.021362353209125384
0.04681079912052009
0.055292097298812355
0.018476348580432147
0.008099198508959966
0.005441905685895715
0.002165967742554206
0.0017421644060734683
0.10452948975529731
0.21120886181656667
0.014179648334381715
0.018462480614518446
0.005812743318837725
0.02141463817591557
0.029793936870734655
0.05755060450689612
0.040969677097833265
0.005701405156792737
0.004849822983342365
0.016718493781560168
0.10689638528630609
0.08166606415598379
0.003988893538592192
0.019430745476525745
0.021883891504552087
0.03475670635854392
0.0979440374372988
0.06807762330105115
0.02481376075264054
0.023048721097382676
0.007256679227666165
0.026734220228775883
0.037195009471618655
0.0718466743424565
0.051146900603118946
0.029316418923689372
0.015395059763581189
0.0332090450690696
0.0940428377941916
0.07244001711244595
0.050907610586810724
0.024257511357953197
0.02732004015848004
0.04339057398883561
0.12227418672378598
0.08498869600462595
0.030977714366023163
0.011918675030307087
0.022595600607268906
0.030460774959555837
0.05537697236072036
0.025165619907244575
0.00873437547041523
0.031801144518671234
0.01669987462280451
0.036023691853958664
0.1020134786388391
0.07857970167244427
0.05522230684400624
0.011119946126482701
0.02868992324688843
0.07136397269919978
0.18199965409330485
0.09844838855196054
0.009136375155917415
0.012928847418113459
0.024510700378117836
0.03304249093864603
0.06007047128210802
0.027298542760471646
0.009474661190305307
0.011432212157764533
0.018405526033269278
0.04145996152419862
0.03064700380663464
0.004619199982295077
0.005011854163742116
0.010439926157541359
0.026935443459543486
0.06699983946092206
0.17086979809255357
0.0924279573948354
0.008577656842078911
0.024260035513787324
0.046555655944314864
0.11949291418083972
0.07838184682731696
0.016821822143019003
0.01389313123632163
0.010733096130759744
0.017279969749171363
0.038924553400156506
0.0287728423368142
0.004336721255081341
0.004705363388157353
0.03144128164750854
0.034564549566905994
0.06564314414685199
0.03982155182273738
0.03521126283269336
0.012909570431737457
0.021458437628946964
0.041179314794821384
0.10569363118176102
0.06933015289403753
0.014879204156814521
0.012288724389375024
0.03460984103623733
0.04164246668057498
0.06179476273663884
0.13347058924994373
0.029699710767019803
0.024081577898974485
0.027810378959411918
0.030572965593252278
0.05806254131996927
0.03522287861410839
0.03114499510532055
0.011418747172422819
0.0445920894230021
0.038640541454982434
0.051189959380109507
0.022609564368017594
0.00646604836950425
0.052140818412644854
0.031726807123918635
0.03817360811208296
0.056647198019803446
0.12235235745275484
0.027225695551586625
0.022075558695586785
0.04793632031094464
0.1115222306029059
0.06521468309659363
0.022753354424022224
0.006893823561042431
0.005250284136689802
0.04087752436929218
0.035421746220169595
0.046925785248002116
0.02072616534438447
0.005927420159439509
0.04779743678479186
0.01210424289914665
0.1226329433345797
0.07724849611035957
0.023261859524180504
0.004400170538356896
0.004904234833042858
0.05234323074261609
0.12177475892004094
0.07121003829641503
0.024845129393738615
0.007527590666406251
0.005732956393991428
0.016279245288243642
0.07641919337486194
0.08017351606851128
0.03761562061109069
0.017015750419223152
0.00926141443338053
0.013217017387336882
0.1339069083311033
0.08435015099607991
0.02540038268849985
0.004804689644555189
0.005355093879062888
0.028489888557220663
0.07140234462388256
0.06799735500578163
0.01760918422606836
0.007394724185044988
0.019873757397869517
0.021871121894522987
0.10266897904595997
0.10771290140294275
0.050536484275313466
0.022860614540550456
0.0124426851737679
0.02107670314941761
0.04951611961455083
0.040041666099446656
0.07586671391258827
0.03312147288720433
0.027242058371190137
0.038276088010439656
0.09592885635499623
0.09135426203760172
0.023657891250621007
0.009934791887698446
0.026700339165285563
0.016308844101583533
0.013599672171518848
0.05542512886344812
0.03049338119845984
0.014581002949054702
0.018782143088928126
0.030687337472305964
0.07209466595219269
0.058300015511727046
0.11046070328199398
0.04822432658769771
0.03966399454176824
0.0355685906939806
0.016011136648463306
0.06681462398439664
0.043843469446758605
0.00863906055119341
0.014455271269494982
0.023745412134931053
0.019800901805255004
0.08069808744854275
0.04439786777253461
0.021229703479250933
0.027346495290891972
0.05033973446711729
0.07731086725341192
0.041845481819494525
0.027165755197689972
0.016601703716827516
0.02475467930031981
0.03979427980912814
0.017913322946443374
0.0747524653156058
0.049052246853922656
0.00966541507983816
0.016172614612827034
0.045248571761664316
0.04768139695930953
0.03899912390186359
0.043939759763813466
0.04068498963645621
0.023554149598843638
0.056320293827123495
0.0864957037583524
0.04681689040197365
0.030393154254101513
0.018574051716012507
0.027695633013339212
0.06772008608025068
0.11387542704905898
0.04990439159381665
0.019000056968490667
0.01764752099048752
0.018098326147700402
0.028453196810770534
0.029983005409358107
0.02452342040036437
0.027630189941972555
0.025583526115867596
0.0148113151013096
0.013079712923553026
0.1085262917588378
0.13448446405626985
0.031224808508737267
0.017801323168017563
0.004931876435586366
0.04258372943643209
0.07160712065795026
0.03138086839999742
0.011947611588446575
0.011097110216193846
0.011380585414683
0.05064594966744354
0.12521822552493345
0.12471921141394754
0.025405381608100942
0.012842180518532063
0.020138814459182308
0.009599613787874283
0.07965086793602232
0.09870238918506473
0.02291687164971693
0.013064952443901743
0.003619659644508957
0.019236157325366567
0.036202150902455196
0.15184293174263244
0.05967243799025032
0.029213317225004278
0.008902939108917393
0.03717065959850666
0.09190160451287442
0.09153536232023898
0.01864581072969639
0.009425281265162708
0.014780511016085277
0.01798427837738522
0.08031869252406657
0.07818819697902195
0.01765023514178261
0.004514889630592689
0.005260129908162228
0.020055545223181745
0.03774422626722846
0.15831086910321016
0.062214259243597025
0.030457694580851673
0.009282170804595643
0.02474062870817385
0.05637185993859163
0.10363181200085393
0.037289808168009406
0.029005946483306524
0.029346839326933112
0.0187503409440464
0.08373996650875022
0.08151871987259986
0.018402068723934562
0.004707206934964101
0.0054841916432989074
0.005689648266888432
0.02006902098927178
0.11775820804181279
0.036086636576632226
0.004540754800681415
0.004801515278368702
0.031084486975533225
0.07082642752198169
0.13020452100827898
0.046851459192533126
0.03644349447657616
0.036871797220324236
0.014051149639911591
0.02545056408944137
0.05576919506161179
0.06587359792094112
0.022012251603642483
0.009649179035076581
0.007148557117670474
0.02521501085971262
0.1479531311558188
0.04533977684595076
0.005705070599690906
0.006032693869415105
0.0037772397874768523
0.014380513977699808
0.14942825845046387
0.03759044519596822
0.00882116376643039
0.0035199372701300888
0.006059919154853716
0.005154788054202932
0.01776978094364575
0.11361821076850337
0.08680136437782181
0.004239721910025589
0.020652583611953625
0.023259987610804455
0.036942266832383795
0.10410292414719075
0.07235845938214784
0.02637409199199455
0.005650605365047966
0.05660782466669985
0.07416298866319504
0.06660858058237036
0.013385869277637075
0.004879639471957076
0.04117696198946451
0.09534952426601653
0.05461271313574572
0.03852656931525896
0.014769820314387238
0.016934748959228807
0.022230381358253865
0.02503698349281397
0.039764549334492666
0.11205608691795581
0.07788643671825367
0.028388996455647166
0.010922665862092003
0.02070735167784187
0.027915256178860266
0.050749279094562935
0.02306260190501738
0.008004468998005743
0.0443227629723916
0.10263395256440364
0.05878496670575657
0.04146988795182471
0.015898191933316867
0.01822851487462577
0.01691960001043469
0.06065313317664696
0.058413264801603124
0.03276268527194403
0.09094794914110602
0.012239973176995305
0.013705368624053431
0.02598284077861354
0.03502706033459935
0.06367837176177595
0.02893812412911452
0.010043720062719634
0.0121188437564074
0.01951098275412826
0.043950093728550466
0.03248769753475719
0.0048966343602199315
0.005312871796123779
0.02123010609702312
0.07610537197468922
0.07329486562606273
0.04110944017103148
0.11411821842014912
0.015358278506115307
0.07124179767875573
0.06508982575367482
0.05452395969511713
0.0627671502399212
0.044529919950011924
0.06497838170183773
0.012184468407835184
0.019616636516813023
0.044188087520625696
0.03266362139921683
0.004923150084782257
0.00534164148461133
0.03569289776861418
0.039238506494137605
0.07451967319626282
0.04520638166507971
0.039972670919753
0.014655254287105136
0.07162757855304791
0.06544229313525335
0.054819211942062136
0.06310704012037556
0.04477105355430332
0.06533024560364521
0.05370662971396544
0.04401386404729793
0.03199068560177219
0.02593938070531846
0.040837167815854
0.07021178449394681
0.03562371049247805
0.03916244639384598
0.07437522392121579
0.04511875340828606
0.03989518771178394
0.014626846475226694
0.05712024586857016
0.049496609308124245
0.06557178871025689
0.0289617260010303
0.008282685952671032
0.06678979177823498
0.0536025245375113
0.04392854737210389
0.031928674710617805
0.02588909969122727
0.04075800886315115
0.07007568565004557
0.06103980574373255
0.04238753358963324
0.03456455830970719
0.02140286355331123
0.0239498294747703
0.025447777659462406
0.05682740799548895
0.0492428554670103
0.06523562238519896
0.028813248169502457
0.00824022317785454
0.0664473811273271
0.01682716261122291
0.17048273867086217
0.10738986455840886
0.03233833756594604
0.00611706042112421
0.006817804112725942
0.06072687349675985
0.04217022578584494
0.03438735648598438
0.021293137676864193
0.02382704609004561
0.025317314756666306
0.0105105847842567
0.033414187681784294
0.06437030658342302
0.031758085928220874
0.023424873478323994
0.014020226549745869
0.017588357519446176
0.17819470982217603
0.11224776128082642
0.03380119725681192
0.006393772268120228
0.007126214858837671
0.03791251316001644
0.09501765248298545
0.09048651107656344
0.02343317094298593
0.009840423819739917
0.026446719416694218
0.01098604245974675
0.03492571461674284
0.06728216705236463
0.03319469730840423
0.024484522976545523
0.014654446668037556
0.020589885219977157
0.05787989670482241
0.04299917382218275
0.03908517297449945
0.010524795375622458
0.004904403109095728
0.047028807488624966
0.11786522480804734
0.11224454289738221
0.029067819389192076
0.01220661356507202
0.03280599391825844
0.020038241353352942
0.016709554129155733
0.06809937615987294
0.0374664034022622
0.017915289057103666
0.023077117789887292
0.025540848324568582
0.07179746982490494
0.053338586638092385
0.048483440486237206
0.013055546423108823
0.006083696659485095
0.042719891396536744
0.10069378002595411
0.04185718865157942
0.021778546578864244
0.011740310519392191
0.02838561399720245
0.02117964824769072
0.017661354237159584
0.07197841404939184
0.0396005433397586
0.018935769551536412
0.02439162343348834
0.04490037329473341
0.06895719328208366
0.0373239504395995
0.024230412856197835
0.014807839216971644
0.022079861031086986
0.04515327752586436
0.10642944178947131
0.044241433998365574
0.023019083748540198
0.012409055402348615
0.03000249917914465
0.020226085323790742
0.14561848249545634
0.12964025283346478
0.01089069483758146
0.013461688819667233
0.012860919053062655
0.037272654255875094
0.057242678291054006
0.030983321476344732
0.020114126778810224
0.012292269104041293
0.018328912787146157
0.04481701324916897
0.07536252267554057
0.03302662339503509
0.012574198501205735
0.011679092981488705
0.011977434904439916
0.016790058298065597
0.12088067321157377
0.10761684072842079
0.009040573017575123
0.011174804044101103
0.010676093629133089
0.022285369272485932
0.1758783303747658
0.13058504093135456
0.01462021396826089
0.008978233080011446
0.005802836360717725
0.039128467982685176
0.06579688921280255
0.028834611733364317
0.010978177432907797
0.010196686094458953
0.01045715999786673
0.04653651632305899
0.11505796681371003
0.11459944291448773
0.023343978416085057
0.011800160669284654
0.01850474270816651
0.019456726248417523
0.15355440088468542
0.11401010961378347
0.012764495727918915
0.007838641626097806
0.005066292469931942
0.019044892040563446
0.05196823711059848
0.0448782081985904
0.03667624649178905
0.016837904685388153
0.022668970668687345
0.05061546405701288
0.12514285219168098
0.12464413845515517
0.025390089199297625
0.012834450350276971
0.02012669218570991
0.02448927744716228
0.10937034581763211
0.10646923989568703
0.024034409183651257
0.006147946694705019
0.007162743927000425
0.020714185863353538
0.05652327774854197
0.04881180443868641
0.039890936897041616
0.018313755019439996
0.02465591670259776
0.03422629120732339
0.044336092143466135
0.03384050319385374
0.015119834039681687
0.009051257448254755
0.018088415477708914
0.03518595586638194
0.15714225008611105
0.15297396928838228
0.03453240556546152
0.008833310069498437
0.010291360871769463
0.010676910537860854
0.037660525156169244
0.2209791877080011
0.06771838473447674
0.008520954285237602
0.009010284409259417
0.04917600261947969
0.06370166636454234
0.04862170615054507
0.0217240306242235
0.013004758747851767
0.025989259587779145
0.008005467108632699
0.007115888352421514
0.003425294684414738
0.004186700990556055
0.0004901929841153029
0.0010334176672252126
0.014461305579919656
0.051009171674930125
0.2993045178112062
0.09172093851973391
0.011541177882346019
0.012203949423593494
0.007641236954001426
0.02909132620816099
0.3022886538020079
0.07604428500968129
0.017844936075496465
0.007120722076861201
0.010842978009173056
0.009638091053779288
0.004639378868722852
0.005670663080063028
0.0006639402391999775
0.001399709084799141
0.013186701801168125
0.004348483086682849
0.0074134353541557155
0.01302909879850566
0.004020197831443247
0.0048749452821411415
0.005635765670236395
0.0564591604461905
0.07396822083798407
0.06643365224393279
0.01335071513006619
0.00486682449800716
0.04106882250533578
0.09509911607979131
0.05446928850362058
0.038425390327550546
0.014731031616234116
0.016890274696732967
0.053969760747752615
0.036746986099841304
0.032471501744774645
0.042105258448811855
0.017364457695447894
0.06234643272538339
0.1081887418776627
0.03656633020419522
0.016032759138234983
0.026947523572387302
0.020871156772303338
0.06499077335504627
0.04174376089419353
0.09666200588946022
0.055364454509903946
0.03905688569208255
0.014973126181861897
0.0171678549655536
0.01593510173769904
0.05712391825362348
0.05501438076967789
0.03085632773154601
0.0856559742254432
0.011527767661282703
0.10996675085578643
0.03716727316990244
0.016296246717415
0.027390387940882173
0.021214160152146184
0.06605885286604699
0.00993900543066731
0.04714952275259926
0.06081027138422
0.03050427379131959
0.04513360442770053
0.007288036031595276
0.01699313208745032
0.06091672988444346
0.058667127108246106
0.032905070924983675
0.09134320621553642
0.012293167735363406
0.05702379783548329
0.05209959863254832
0.04364240314182231
0.05024046841336228
0.035642912385644945
0.052010395899195344
0.010598917715200187
0.05028007233236879
0.06484784288895058
0.03252964193766686
0.04813030467249426
0.007771933997132966
0.028651207040432697
0.061360216368104174
0.04774868294820143
0.022263098604387542
0.031627594095454827
0.030412417452112494
0.06034466816791373
0.05513370049874678
0.046183986959999056
0.05316630091442949
0.03771863330911617
0.0550393029042655
0.045246660769161964
0.03708071771203053
0.02695145286355423
0.021853360852961846
0.0344044206232664
0.05915189264183218
0.030319755033735407
0.06493362483725305
0.05052940241330588
0.023559625080519217
0.03346947665860449
0.032183532296928476
0.029904151433581383
0.06179984997293714
0.05529431855990284
0.038133568319875896
0.027594735245777876
0.020002798771129923
0.04925851625401443
0.04036852897161115
0.029341139354387733
0.023791018220600535
0.03745493443432524
0.06439667404449156
0.05609307190868239
0.038952400662237034
0.031763408011129306
0.019668351655442066
0.022008908622172526
0.023385461417772504
0.03255564287867912
0.06727941604173235
0.060197063014957
0.04151473198191035
0.030041459226440723
0.021776373585230928
0.07017354167542762
0.15979066228482403
0.04243773440601274
0.015531501446475396
0.013563423326847119
0.00865596781533358
0.06099262064288568
0.04235476710188467
0.034537839152434344
0.021386318673083157
0.02393131573434693
0.025428105972428675
0.010556580201930866
0.03356041165982296
0.06465199777357958
0.0318970626318757
0.023527383173237815
0.014081580526644275
0.07630297398482455
0.17374786074971915
0.0461445334957458
0.016888127954223786
0.014748144564805044
0.009412038658127939
0.019629847953536415
0.17839097913102384
0.04708574689814959
0.010757668581351968
0.010266037707726688
0.009719982311448407
0.011596427471364265
0.03686618888672687
0.07102036727035795
0.03503899617912762
0.025844884170874327
0.015468648381938862
0.021733860165936793
0.06109570636075996
0.04538820984759071
0.04125674693732777
0.011109553478566233
0.005176891965723665
0.021563432826992322
0.19596289816092108
0.05172380054854647
0.011817323515602574
0.011277265877653096
0.010677422777220825
0.045562984223306825
0.0680173402785227
0.05932412047759366
0.05024005899215112
0.04211717433191098
0.05011961474358186
0.023336482278107983
0.06560081172284978
0.04873506807609904
0.04429895731381854
0.01192875521839353
0.0055586281816211655
0.03903284557463174
0.09200315444616593
0.03824460052250457
0.019898895284215245
0.010727034000344169
0.025935723417680096
0.04892273005102786
0.07303283650004881
0.06369859176509682
0.05394468526851771
0.04522283132846597
0.0538153596424772
0.07241293132069938
0.0712126650422244
0.05423469341194595
0.018665339904177927
0.0047643930675757805
0.014771898475488468
0.039720704156340915
0.09362448536371605
0.03891856821013177
0.020249564718797172
0.01091607177826673
0.026392777205664273
0.017792603226355088
0.1280985341448169
0.11404270989191537
0.009580391311633397
0.011842058613451417
0.011313569886321798
0.07368903239666175
0.07246761435618145
0.05519044743757658
0.01899427093763432
0.004848353860336881
0.015032217111880821
0.04491745202654966
0.11021896399927257
0.06470176608614392
0.013940559440308168
0.0012245079742418783
0.002282686125919436
0.01847602454985823
0.13301885235965732
0.11842313802481338
0.009948378144508767
0.012296917032292506
0.011748128832356323
0.02452314473670076
0.19353907485637686
0.14369767985677084
0.016088296264753867
0.009879778369783994
0.006385525598310927
0.04664275012496975
0.11445252045490983
0.06718698795328953
0.01447602215264233
0.001271541837120187
0.002370365053700354
0.004038259216185977
0.02703096178586634
0.009460400273920288
0.0073883405957698945
0.004463340259169551
0.0031934784794441368
0.034643762900373756
0.273411990724321
0.20300122205948096
0.022727881242448122
0.01395712919472357
0.009020810226311654
0.033910469618194786
0.0925322822464241
0.07990809884329993
0.0653040584173582
0.029980808190027526
0.040363339392998125
0.005704835016792295
0.03818654748944746
0.013364675189549882
0.010437483551772821
0.006305345555904652
0.004511416152257846
0.004710709731897183
0.004236878429716362
0.001669745789426927
0.005813730244622007
0.0036554379634141775
0.0026412101845226443
0.05254395924887699
0.1433779160921134
0.12381686059059369
0.10118803493145544
0.046454985186638806
0.06254262132295377
0.08681899748806475
0.11246369199390725
0.08584040099423311
0.03835323043211309
0.02295957493331077
0.045883385038991885
0.007299201189867522
0.006565003966621966
0.002587255667746867
0.009008321279439844
0.005664067338170273
0.004092530768987463
0.012099990380976736
0.006951951899521421
0.0037666800700977736
0.011263182656295976
0.0026208034310855628
0.005837149115668023
0.17221784980312044
0.22308775471375059
0.1702766642461722
0.07607909638590497
0.04554358771479683
0.09101623079891184
0.02803571373595543
0.02492034582346597
0.011995624981081587
0.014662123880653624
0.001716690605500172
0.0036191019830388526
0.024002054692427475
0.013790186971865084
0.007471746522501399
0.022342127358401603
0.0051987369667594275
0.011578816834630336
0.03374864974540891
0.004005611362588523
0.0
0.010924953388534418
0.002861151360883433
0.0009047754957597131
0.09225307307381268
0.08200178193888746
0.03947227020393386
0.04824653292291639
0.005648865777625191
0.0119088560700588
0.11219369474295542
0.03699730162844682
0.06307420275835018
0.11085279362621679
0.03420421991094697
0.04147649132588289
0.11105180629351351
0.013180686649124121
0.0
0.03594916586653171
0.009414777453384596
0.0029772140175147
0.04323504366253714
0.015063642735005812
0.0
0.07056687453202776
0.011297731555250382
0.008931641804542112
0.054937711411816165
0.03740604534162526
0.033053879936590216
0.042860418603524825
0.01767589021107401
0.06346461946778137
0.11012911298722046
0.03722214937243178
0.016320307566088103
0.027430828908104332
0.02124548213112692
0.06615638649387494
0.04825824076795956
0.02853163628408263
0.02220768466214441
0.04283845190046402
0.028395404773142747
0.0962891332418245
0.05586413486339882
0.036654957286185376
0.036021261066557564
0.03994459601702333
0.021523543067541413
0.01556806758839257
0.13066522881426051
0.044163078524674645
0.019363605722398466
0.03254594029335556
0.025207192799737876
0.07849277220411215
0.011809773487692217
0.056024235789516236
0.0722562771277722
0.03624593691944923
0.05362887148945432
0.008659825704260703
0.06628129262499154
0.04349012037836119
0.042738256867519975
0.04739318820322485
0.025537104617743014
0.01847109323280612
0.06639715663693205
0.029519672379969265
0.030218423888621213
0.013847582296748526
0.02388455997932273
0.023158743515229535
0.010861405434246102
0.051525284518614906
0.0664538335025542
0.03333525546756086
0.04932227674265665
0.00796440999159768
0.02936076910950792
0.06287983409393377
0.048931203957544245
0.02281445583996446
0.03241086794058716
0.031165596814589167
0.06106522184074409
0.02714913459933066
0.02779177380330603
0.012735570734343143
0.02196654235784897
0.021299011613454683
0.08716858802121641
0.04824538150354159
0.026348603994448463
0.04182025810117305
0.0556571577390284
0.12172750111670325
0.024143560991749403
0.05170651708528821
0.0402364632459895
0.01876048287465951
0.02665167809468926
0.025627683141775687
0.023812616666587644
0.04921109835625037
0.044030756553370555
0.030365685063733786
0.021973633121914263
0.015928189116274895
0.07167932534755683
0.03967250675745316
0.02166663704260437
0.0343890838959462
0.045767260983108855
0.10009735564565476
0.03221898815336826
0.20709476065691917
0.0627450180664813
0.00399435594838924
0.0018528177575441226
0.006373475139167983
0.02571840854534312
0.0531496034313173
0.047554664044503814
0.032795937765382935
0.023732245883243252
0.017202967687907945
0.05543591384780338
0.12623192697151223
0.033525094106109155
0.012269624071366166
0.010714875565296907
0.006838068517328644
0.03479756600661882
0.22366914718985967
0.06776668147868628
0.004314035689338503
0.002001104066629008
0.006883562599514979
0.04716507442464699
0.1257902604911448
0.015993409690800375
0.006705202719416214
0.010146228029237288
0.009598342858334986
0.06514345000734872
0.1483367487469649
0.039395766035153414
0.01441819186919881
0.012591187053201964
0.008035501603318021
0.016758927628002816
0.1523007980409135
0.040199324337323025
0.009184329375737103
0.008764600896419282
0.008298407633548928
0.055424281023133515
0.14781774082796986
0.01879405988507907
0.007879369308146379
0.011922962074737583
0.011279135216603158
0.04258944528841916
0.08150366803321293
0.03173529193881964
0.037311352070826344
0.025255213878943396
0.005060183396431008
0.018735181187715923
0.17026047905132496
0.04493972656251981
0.010267367862761174
0.009798143978977332
0.009276976071206526
0.03958696056075781
0.05909621182530395
0.05154319142350726
0.04365059198372427
0.03659310178271976
0.043545945156938014
0.04761169639694521
0.09111477905747527
0.03547759485072147
0.04171119757314068
0.0282333702047802
0.005656892545845104
0.08946199547962415
0.03326510471701344
0.03089019848891463
0.019074101823459234
0.01880863982349835
0.021400480233524373
0.04264047651730332
0.06365456192907117
0.055518943924672416
0.04701755366117841
0.0394156882761065
0.0469048349655023
0.06311425986057595
0.06206812187914193
0.04727032135048725
0.016268490884327944
0.004152589001171236
0.012875013095202791
0.0963625917070655
0.03583098819507588
0.03327289502966045
0.02054537098506399
0.020259432736326872
0.023051193168924143
0.076788417538427
0.17269989256931015
0.00466129419223968
0.00506480045950175
0.008680933864982577
0.001881257346954842
0.08964662514985203
0.08816070517417915
0.06714211317983294
0.023107540313122246
0.005898280205008478
0.018287491215056576
0.05464446815959244
0.1340872288410648
0.07871313792852458
0.016959431626098434
0.0014896790443517786
0.002777009017617904
0.10906921031989537
0.24530054803433418
0.006620838049721202
0.00719397279243652
0.012330278860338165
0.0026721120166095986
0.009022155914385868
0.005686394125993087
0.000934591800710378
0.007347249480743966
0.006940909562439559
0.0059679200147541535
0.13536354685830462
0.3321566390090577
0.19498569376197036
0.04201136720564087
0.0036901857757133012
0.0068791188375079484
0.011719572477428516
0.07844749403760706
0.02745535656336811
0.02144196012801595
0.012953214951903458
0.0092679049291694
0.022349399051942574
0.014086155536926619
0.002315141225995054
0.018200373850500256
0.017193801466793328
0.014783542557399337
0.014538222747694384
0.007266757117387589
0.0012094477743917905
0.007095301801861613
0.004589531892686525
0.0
0.04372387667505958
0.29267522867185786
0.10243160548377751
0.07999657172772774
0.04832640219541824
0.03457709169337328
0.036104548293368205
0.03247293732471546
0.01279752328694926
0.044558488280498444
0.028016571598510724
0.02024317058092831
0.05423981631744743
0.027111124799151565
0.004512258909979892
0.026471452056329284
0.017122819698292397
0.0
0.025224293178305508
0.014269012656531077
0.002256129454989946
0.03353425342458201
0.019333814720479185
0.0
0.06027001518531971
0.05420769731751583
0.021363151162331274
0.07438233940718822
0.04676860050878959
0.033792313045934726
0.09991046760240435
0.057402753486696656
0.031101741014917035
0.09300088764128293
0.02164015739263815
0.04819774886170419
0.04210739656794646
0.023819536599675825
0.003766200186397784
0.05597937264594337
0.0322743078607488
0.0
0.07787521805814067
0.004763907947384269
0.018830999990815264
0.07817896365945134
0.02036453956091089
0.0
0.10691315485925312
0.06142609098071164
0.03328165039475993
0.09951928502635897
0.023156907919846998
0.05157591102891371
0.15032773913559813
0.017842328642369197
0.0
0.048663385215391874
0.012744522185361137
0.004030171746985241
0.08333346292683888
0.005097808471288389
0.02015085772778604
0.08365849794358986
0.021791882512024772
0.0
0.11895494163762459
0.021791882512024772
0.0
0.03063990831445548
0.005097808471288389
0.0
0.2056967799070895
0.0244140540454006
0.0
0.06658718940191921
0.017438612394872818
0.005514573395397291
0.0800825268615713
0.027901777626848947
0.0
0.13070817435405868
0.02092633230140856
0.016543719726827798
0.16276868520469143
0.029818316211047417
0.0
0.04192526617623753
0.006975444406712237
0.0
0.036992883001066235
0.017438612394872818
0.0
0.08385053235247505
0.0244140540454006
0.0
