0
0.10864314648921998
0.03255932962607677
0.017275679615312508
0.0071033595268094945
0.0340693528153583
0.018550235753477334
0.03393375977305898
0.08197053173809021
0.026599678112547397
0.024322919900487683
0.010722858046609083
0.012235692945573444
0.02090966712431027
0.011281746388112199
0.021557823682213293
0.01475130300041221
0.11508494370294813
0.05693602861352691
0.0684319692161134
0.029176414114982115
0.027937484713055096
0.017362004388690226
0.00431442460850561
0.07056470009589115
0.04000233713785824
0.02611140051907434
0.009448149198458497
0.011553021413691566
0.014249499665343453
0.010715796468366564
0.01742765793564414
0.00419701328423589
0.041299920274704055
0.03776491762373255
0.01664881734914772
0.018997716476861055
0.03246533967631958
0.017516573862924937
0.03347169825154964
0.0229035718134366
0.06991546555916507
0.04287816510360763
0.02911889002429716
0.03568975072782826
0.04660383645752108
0.02725133049101157
0.03786720357403717
0.02994191972189053
0.06210952356660532
0.040541797353177075
0.014669644008052079
0.017937768318043595
0.022124448184788464
0.016637853208258658
0.02705900726585847
0.006516481639266575
0.04804101958880278
0.021540331494486326
0.018828497937861413
0.03180029730829089
0.02788360550261896
0.019290400153241537
0.05729530166399569
0.027388796534064314
0.05431878871430223
0.03331294402593755
0.022623075197665737
0.02772811442427544
0.03620749608925602
0.021172129103141406
0.02941982312052216
0.023262504197982394
0.03680046731640451
0.021337275859159063
0.011132594199981765
0.012105627461266916
0.033785442858551964
0.04355466639681119
0.06961081313590466
0.033549686360230216
0.03732407374811159
0.01673513443595534
0.014628254179740644
0.024706316645768396
0.021663356794899696
0.014987115679742657
0.04451391920969363
0.0212789293495283
0.0870299476941643
0.026421985002286073
0.009119125444544627
0.005129586441070725
0.024039881407898953
0.03398252705628091
0.05421434678189098
0.05430396676157294
0.03277685575861456
0.01900434598029325
0.009915402192442649
0.010782048003738116
0.030091481659583058
0.03879257852430813
0.06199985347409818
0.029881501805979316
0.06739677726024168
0.023374381865732523
0.03367360493858244
0.023573677290698362
0.02609835404918525
0.016843033550184332
0.028478322247613666
0.02136174454023209
0.07751445158903747
0.023533113963750088
0.008122077819574655
0.004568738582441105
0.02141145976724212
0.030267017482694315
0.04828677335098484
0.048366594651129476
0.04353143453985644
0.025195368379399875
0.008249345302949237
0.011645746852730406
0.02259144186377851
0.026082226439639856
0.05043612124035109
0.07615404941066892
0.07056945631061001
0.024474722485497834
0.03525877778040085
0.02468339967091762
0.027326924679813777
0.01763591329698558
0.029818929025230947
0.02236734098174169
0.04574423196963023
0.026827024103337364
0.012971615641417363
0.016185777047922168
0.01789432020565032
0.03551876481883387
0.04589207321504664
0.03975737513725764
0.045580661164800064
0.026381431284380797
0.008637680266219964
0.01219396619744597
0.023654925864535124
0.027310037868849304
0.0528103835084595
0.07973897389797782
0.04396599885921862
0.014549337458061157
0.0228906829815547
0.02796104755768226
0.03820130034329961
0.04306274231361327
0.016343512510919887
0.02379059237055412
0.041350589363554666
0.024250341732259578
0.011725717728220238
0.014631165316821204
0.016175606298408397
0.032107258018876816
0.04148423075104739
0.03593875823655735
0.11943404790417504
0.026586426019173878
0.0011987498879851633
0.0030660802290980727
0.005255726750645064
0.006794584408992787
0.01956310112944007
0.02973697667705437
0.03974315201079455
0.013151902498647073
0.020692078355364917
0.02527544448664373
0.03453214133529087
0.03892665146200259
0.014773750601952218
0.02150555323529355
0.012471220010012916
0.01833663183555537
0.02335546390227488
0.019077558923765097
0.030711760834651176
0.20417717255894804
0.03990022057378401
0.01406986534586167
0.14530858603544167
0.03234618637125659
0.001458450536425125
0.003730324732181247
0.006394342619431423
0.008266582858862358
0.023801308031257955
0.03617928145061746
0.010741478371761143
0.006184166738145718
0.008042679453652392
0.01126245261997785
0.005716951834291677
0.0018218622976698714
0.00380953945388469
0.003793111271776973
0.015173021241361908
0.02230913287653775
0.028415259261448233
0.023210576555558773
0.037365245672007545
0.2484107067111974
0.048544319947445395
0.01711800173394903
0.008289586466276254
0.0073413507569030515
0.014861894829846638
0.0198117169991174
0.05891181192140461
0.105467961607643
0.023796113299929866
0.012115908359276195
0.01449947884070391
0.00834775173991503
0.010856481438101815
0.01520272050140757
0.007717077601958128
0.0024592568100483365
0.005142340261992391
0.005120164536210706
0.15489533561399124
0.031615079550004144
0.032207572903600185
0.03557425025313984
0.02359731522150776
0.08408522337069806
0.039632961588514155
0.052331052623876315
0.011189771035795628
0.009909786742367092
0.020061459154881403
0.026743020046654756
0.07952262629579579
0.1423668534977894
0.03212139235790833
0.016354765220500066
0.005072854919900092
0.003919307646496732
0.010771967750281511
0.03734861380118619
0.036745136982270915
0.018891997557701035
0.02051520042860387
0.005181066155821127
0.11710481412953626
0.02390180440048914
0.024349744448333824
0.026895038169988988
0.017840170603052923
0.06357056792468516
0.029963527189690104
0.03956360704104038
0.028452358032552808
0.019817656607454777
0.03917414517689097
0.04157171468792073
0.09708093817694849
0.15493117055395586
0.01177019806537493
0.011315904641182905
0.0038352073685512873
0.002963096284598596
0.008143881648894095
0.028236502150608838
0.027780258323572813
0.014282830749942856
0.015510013413243377
0.003917017815709229
0.007081167420526079
0.0068556326247403016
0.007760800706162059
0.017817003080297603
0.005789867250152453
0.07505811225384296
0.014651312805553604
0.013013847383430616
0.019666973395143023
0.01369845426544156
0.027078137780001066
0.028735397109174415
0.0671047449254337
0.10709225596967613
0.008135851936856967
0.007821833089035961
0.05425047879775418
0.05328018544890807
0.032298816187865245
0.012899578002206452
0.02611353001835883
0.049845153432116256
0.05503077804190274
0.024027061580985436
0.004894678012511457
0.004738782785011399
0.005364457344395437
0.012315553078605592
0.004002099405605631
0.051882023103219856
0.010127349684727971
0.008995493096408846
0.035416908206996243
0.05829996432128642
0.03672781831876281
0.01735082451704335
0.03175350656878456
0.03380323252130899
0.02834994886137228
0.06889806876321465
0.046701604466962664
0.04586632601045969
0.02780448342179899
0.011104620696448436
0.022479870725196922
0.04290927364641298
0.04737332621898533
0.020683731302017345
0.02388180550791274
0.00616249408561098
0.02469258903938532
0.048084375009382924
0.03515155891544475
0.06310875107307254
0.05848077364087736
0.008015552563273643
0.03048869752269052
0.05018761003605126
0.03161719642054722
0.014936482805828833
0.027335052834148756
0.029099562435203685
0.024405095175625183
0.0593110038330288
0.013318529210823611
0.02156470260276712
0.01762197788488749
0.01764376838258671
0.027029090694609056
0.03878105925535689
0.04948912895271064
0.014669852747885202
0.02939866206053503
0.007586071371902617
0.03039674200210863
0.05919218673916896
0.04327180376348635
0.07768729400484264
0.0719902228806427
0.009867198732443435
0.038534867824766415
0.014435535199547348
0.010433551533391346
0.013882646516691383
0.028332154909919628
0.01454239916761475
0.06667140733551181
0.03294869757597187
0.01639519839832197
0.0265462929109207
0.021692772454091885
0.02171959670227437
0.033272991142612035
0.0477397429193563
0.06092144822421088
0.01805868669644741
0.027276068288280515
0.023360271274540045
0.024732894268326693
0.02979176774702816
0.02308665400989644
0.019109226256638617
0.031220398367957848
0.025904483622448165
0.03835332442217346
0.014367527280322258
0.010384397544979752
0.013817243336976422
0.02819867798121892
0.014473887796594632
0.0663573085769955
0.0327934714390574
0.0556241417487211
0.015262872340008324
0.009875468043432062
0.0019033194150745603
0.013631014728205096
0.01725125000690112
0.07049380318527448
0.10631444571571816
0.027147566738231606
0.023250217617370138
0.02461637398332501
0.029651414368611257
0.02297788940370907
0.019019199894764884
0.031073314501579984
0.02578244380851606
0.03339928751897645
0.018505785990522484
0.020021504832847176
0.012227106272186167
0.025679158884997787
0.04191403593613122
0.0962032128653017
0.0394292690298594
0.06109983633686964
0.016765364330794088
0.010847618717956366
0.002090684028585769
0.014972865069292322
0.018949479828195538
0.07743328170061697
0.11678014310440558
0.02075513109664918
0.005953251026005867
0.004474245401504333
0.009961656871768665
0.03432898812004292
0.032634912566868284
0.040419879200224204
0.04203004389702105
0.036687145851098606
0.0203275135536281
0.021992441232280818
0.013430754500068554
0.028207040249351993
0.04604009437995816
0.10567355066266908
0.04331072460389381
0.010819516080988622
0.011447275405455233
0.03226687356443478
0.021904427479140082
0.041302555165691694
0.017785653625613174
0.02407484120178519
0.01523213997759496
0.10696592416561322
0.0529193022389226
0.06360422653173571
0.027118074695358756
0.02596654935947175
0.01613714865775364
0.004010050321463941
0.06558649738500047
0.03718024984901501
0.024269291863151955
0.008781600599955993
0.010737978163419658
0.013244225105025733
0.009959817813944684
0.016198170474324217
0.0039009221383678456
0.03780070304680766
0.10190127092427577
0.027971678243098232
0.01271433759156869
0.05809724895643572
0.025112359348449024
0.008510487670618246
0.035295126014723274
0.037972430726290834
0.03752081968384835
0.024673035959584817
0.023764283026821126
0.015268877288961851
0.015018819327338393
0.016266335912802448
0.03553209149549676
0.059097660605209976
0.03857581322023674
0.01395827230678108
0.017067916209948297
0.021051572364744288
0.01583103758711887
0.025746840997689154
0.006200479381305726
0.04571137738228969
0.02049578111188923
0.01791545188145527
0.030258212743409462
0.02653145218021524
0.018354955178048037
0.05451689366737493
0.02606063787012481
0.06035682472630382
0.059638993183476305
0.03921756069851461
0.03777310638170532
0.024269738140814876
0.023872273341420978
0.02585518932683032
0.056477928263566145
0.027938031810520413
0.026740904626023583
0.017609400019207404
0.00961139401607191
0.046059962341458725
0.032854204298382914
0.06040946302857884
0.013940567124240714
0.0404176072633649
0.018122193619507537
0.01584068867657693
0.0267540518179242
0.02345888213734181
0.016229293716501253
0.0482033691314732
0.023042592168215224
0.09424325623705243
0.028611920021054695
0.009874946483343356
0.005554742271646269
0.026032380386974432
0.036799102950195124
0.058707797842704794
0.05880484580071124
0.0247025677652518
0.023644078190924584
0.015570080248677131
0.008498312036109368
0.0407258230902428
0.029049405253687884
0.05341352834898018
0.012326129714796935
0.04197154954867556
0.04121555665317694
0.02662966856816811
0.04303497788902619
0.0343011658478448
0.025906982202167812
0.024946112719860407
0.023366299455140817
0.07278646388763597
0.022097713582074345
0.007626672340292314
0.004290068742354731
0.02010546951157616
0.028420883200857748
0.04534152551830708
0.04541647812470936
0.040876238213112204
0.023658578924168408
0.007746177153818266
0.010935415465942504
0.02121347869563068
0.024491343148797785
0.047359774107108905
0.07150903933003919
0.03241569527106086
0.03183182272903927
0.020566770366054414
0.033237008026822674
0.026491662841191047
0.020008621303922513
0.019266517362832213
0.01804638739562813
0.05629576971148357
0.036120502786098525
0.041441585921847435
0.03654078049715128
0.024125356641713867
0.045017139468499015
0.027757290557411544
0.036961698163146664
0.04193796581336436
0.024273091592765094
0.007947377911035043
0.011219454137991613
0.021764481841054353
0.025127486202196077
0.04858990636754512
0.07336642944329733
0.04045234338400178
0.0133865898679521
0.02106131538667454
0.02572646878333357
0.03514834552379382
0.03962127290011094
0.01503737882333672
0.02188930621055773
0.05775800731193253
0.0370587039616334
0.04251799797674471
0.037489898050149004
0.024751993488257577
0.046186423667522354
0.028478263983081835
0.037921748715925116
0.010390842344873943
0.030525121012033026
0.044376406910067265
0.01938587438692527
0.022626347188044772
0.03731257008050399
0.02453974880937753
0.03213076506982671
0.03535726816241705
0.011700514930580384
0.01840858930991861
0.022486154807143128
0.030721322281703843
0.0346308731132635
0.013143382831236386
0.019132292590051368
0.011094949642815525
0.01631307976853855
0.020778055047724814
0.016972241320181835
0.027322542592390368
0.1816450552500227
0.03549700331226111
0.012517175333944638
0.009082089404155598
0.026680404620008293
0.038787085937382546
0.016944174352394273
0.019776501387557162
0.03261295726781326
0.021448905222995317
0.02808381373739591
0.03834336459041791
0.0419807233742272
0.02538423053998417
0.033122522959071005
0.013379988265423677
0.06473792854254222
0.035232493357711656
0.04668225246879269
0.010364332343555748
0.01523884160912367
0.019409792283894254
0.01585459648943074
0.025523316555281766
0.16968348498939495
0.03315947808440995
0.011692902567391823
0.005662420671561472
0.005014703260794237
0.010151809242288892
0.013532915825332038
0.04024126691723276
0.07204267286723148
0.016254562806058723
0.008276090758858812
0.03581840265877682
0.0392162364932515
0.023712644948523622
0.03094136044386329
0.01249889811131545
0.06047484921058215
0.03291238646476437
0.04360816359771809
0.014386994860080592
0.007861496872493682
0.012116007220287167
0.03151055642491684
0.032716124018996956
0.03776408784042413
0.07483426101813047
0.03752428305937749
0.0070633221605065225
0.006255357332991067
0.012663400222173975
0.016881003689006736
0.050197088642827174
0.08986626696969062
0.020275995079983924
0.010323622819653674
0.0032021395664077724
0.002473985612823101
0.006799592080966565
0.02357557546818569
0.023194642634550355
0.0119252006657397
0.012949815447612274
0.003270445773769101
0.017946384684675486
0.009806457042854226
0.015113547237088621
0.03930637167312942
0.04081020065320173
0.047107047318868014
0.09334850320626732
0.04680791404664947
0.015740391793445066
0.003842599765731021
0.004711460048352628
0.007052432034415615
0.07499357891093525
0.13855622195705455
0.06336168764622191
0.0805776736128659
0.004845618824122367
0.0037437441459030186
0.010289442636895114
0.035675600612971696
0.035099156247849796
0.018045739615331405
0.019596231894493835
0.004948982789786664
0.008946749120015501
0.008661795648942313
0.009805436415357716
0.022511013673805143
0.007315247140627502
0.09483268222278589
0.018511300773682335
0.01644243395350676
0.02381905510100614
0.0058147914456091266
0.0071295891468619145
0.010672051206107903
0.1134835912435862
0.20966938616843628
0.09588170035047018
0.12193368963630298
0.007632433292692113
0.005832650898117507
0.02477141199553021
0.01316370216509063
0.012931989070522657
0.007302452049263245
0.011121823631308177
0.009568394598253796
0.0073329183611679435
0.007099365311665702
0.008036714091890933
0.01845043638564243
0.005995709654357198
0.07772659179126133
0.015172198919578328
0.013476518031585538
0.05305952624933253
0.08734157338526188
0.05502345458207313
0.02599398353828536
0.04757123364489386
0.05064201236296457
0.04247222391592249
0.10321902936033132
0.006255681195660321
0.0047805467987700155
0.02030309997714171
0.010789209802629634
0.010599293534397715
0.005985222564673653
0.009115649005205364
0.007842430305714649
0.026810697325884477
0.013396139683885467
0.018704355826282375
0.03547431919475462
0.03316045624040068
0.04422529142251209
0.10054593723223527
0.03339808827300193
0.03709978726424369
0.06107016064732216
0.03847298692314215
0.018175270824864757
0.03326231447732528
0.03540943574336605
0.029697032433263937
0.0721718473869372
0.016206484387417265
0.02624073653470852
0.021443081660604827
0.021469597153056456
0.03289000830454149
0.04719024311173011
0.060220222745555455
0.017850825399782236
0.018746325825117104
0.009366723896078804
0.013078285298081088
0.024804022736366383
0.023186145053822518
0.030922795951179825
0.07030279283066258
0.02335229990818832
0.0050838021890161015
0.00653169873482569
0.04395137026237104
0.08133520759694104
0.010235283856942766
0.013112160324021724
0.039825708146974684
0.01729527804274583
0.015973436945610056
0.02586339766377494
0.021134732532810837
0.021160866735432028
0.032417053645581506
0.046511652667772546
0.05935426264462153
0.017594132517222447
0.02657439979327091
0.022759335457288653
0.024096648145349172
0.029025383654650936
0.022492756912898346
0.018617647269279405
0.030417263190815853
0.025238098722496365
0.005010697679334536
0.006437773633957525
0.04331935444952026
0.08016561636381452
0.01008810161420522
0.01292360891786656
0.039253018896182025
0.017046573869351156
0.03706053727437255
0.01899942014079361
0.03858552689491739
0.017722675958547575
0.012536587431106267
0.03223358649265498
0.13728975433622723
0.05209603412479879
0.023212436070931673
0.019880020750383073
0.021048148178281222
0.025353342606385224
0.019647167422831763
0.01626230320877216
0.0265691335556825
0.02204519227923083
0.02855794899868837
0.015823310368453598
0.017119320691154814
0.010454746291346522
0.021956878851092813
0.03583845613212978
0.08225823514816828
0.033713864505957446
0.03237195793425171
0.016595777471317255
0.03370401902880539
0.015480555944589703
0.010950566581221042
0.02815567130840948
0.11992103944076841
0.04550529348087764
0.02662404315806582
0.017800151154113007
0.01921921277040691
0.02764057612611747
0.0493286565443174
0.06116351709687563
0.054155492195062965
0.02164290930562639
0.03257072612992408
0.018046698959486226
0.019524816217983843
0.011923779198181446
0.025042116566554275
0.040874242742450065
0.09381662699463945
0.03845111732832571
0.009605530410091502
0.010162853051533664
0.028646423087846214
0.019446677900523863
0.03666827117671628
0.01579004416513341
0.0213735639885237
0.013523043236901375
0.030365080426905607
0.0203013125465871
0.021919771465605375
0.03152444999178472
0.056259998319061415
0.06975781645232162
0.06176506950123238
0.02468403006394888
0.019421094267490842
0.03062119996532687
0.02715808924810677
0.027099025296863838
0.057431196341019675
0.04303363514106732
0.030150520169419107
0.013041116464356711
0.03768147223374249
0.10157985437893716
0.02788345009729914
0.012674234083262228
0.05791399886658031
0.025033150053865465
0.008483643927439914
0.03518379828183
0.03785265825052629
0.037402471677668754
0.02459521237692275
0.023689325828705258
0.015220716262657634
0.014971447032768632
0.01621502870684723
0.03542001632711516
0.012808643093252244
0.021486970300678913
0.02191288142140162
0.023078442075296645
0.01896380813465982
0.00630696941157722
0.011342453517375476
0.010673123965866017
0.05457842455872905
0.05353568559611304
0.05873598405387421
0.03777053871680738
0.02572512715778612
0.03503690792988057
0.04097763488715746
0.055265861579370794
0.04190570732319251
0.041407317312162385
0.02722872894679085
0.026225845178196035
0.016850464681523892
0.016574505108928727
0.01795124249211367
0.03921259182810894
0.01939735878331396
0.01856619409481936
0.012226195905569738
0.006673185119194367
0.0319794043167625
0.022810654402507034
0.04194225406499229
0.009678927420003227
0.06042237431732399
0.05926798474994748
0.06502510182536869
0.041814794893138954
0.02847962862716802
0.03878846234527805
0.045365288826287056
0.06118341821546923
0.01621471455389513
0.004395824529156209
0.019159517503727276
0.019204923800917196
0.025113825526484633
0.03394819134336309
0.060952846005712075
0.03003245376183071
0.02372079730870925
0.02270437598422991
0.014951268271743685
0.008160558011231497
0.039107229820573804
0.02789487556555074
0.05129067923422167
0.011836244205221629
0.040303446550081015
0.03957749957924941
0.025571308072360733
0.04132461035594568
0.03293791197179428
0.024877343907640386
0.023954662895425943
0.022437637192100582
0.019828779868854524
0.005375601071547133
0.023429944061741786
0.023485470877748695
0.030711395897491053
0.041514835852080656
0.07453850401190788
0.0367263273482566
0.034578345334319645
0.024870930085722456
0.015487702276377708
0.015590790728825578
0.04242727832481075
0.04569198314481199
0.06004631446364891
0.05504525943723182
0.030446487244373537
0.029898084140434236
0.019317367909953895
0.031217906402063712
0.024882331476525223
0.01879312562057659
0.018096103453152147
0.016950094670298076
0.05287588065288412
0.03392623289863856
0.03892406769638431
0.03432097932815864
0.022659775060066594
0.04228241137957193
0.026071074083950777
0.034716326836256084
0.02612156627460413
0.018788280418393467
0.011699895918738518
0.011777772168071094
0.032050896360059304
0.03451715674638382
0.04536086870678443
0.04158291493101951
0.05679312246279038
0.02703631086989575
0.04117324648729318
0.021751344970147204
0.04399982008749177
0.031212894233609095
0.042267995034645046
0.038487598780851486
0.05103876870783369
0.03274750477271273
0.037571695521546995
0.033128536189414436
0.021872487114769107
0.04081335739783534
0.02516526445906071
0.033510147800906394
0.00918203074866159
0.026974001763906418
0.039213907712147035
0.017130631839318743
0.019994126435092227
0.03297183754883872
0.021684933776643656
0.02839285430932498
0.054819910435211346
0.02609696519780673
0.03974272917005231
0.020995619388423196
0.04247109670615567
0.03012843795357868
0.04079944193231022
0.037150391218848375
0.036686978281557196
0.05821452884916891
0.01875515729825698
0.01491598995222594
0.010860508950919999
0.008901123608311289
0.039708798519170085
0.04836017206133076
0.009671808580908641
0.028412819436443613
0.04130561304824503
0.01804439524928193
0.02106063123899744
0.03473058521173738
0.022841627774765318
0.029907354861063447
0.04083307994048446
0.04470662008434093
0.027032482045821524
0.03527323807562443
0.01424877905944963
0.06894149847297441
0.03752021329232934
0.04971342935659979
0.03864389491430262
0.06131974451719371
0.019755574366815777
0.015711622359107707
0.01143981832993255
0.009375917599398416
0.04182690177891891
0.050939747417549815
0.022571749977857283
0.047773364286677875
0.040261441441646166
0.023197408335853945
0.02822328106313902
0.015771346218718323
0.025503759804432157
0.023440184046712907
0.03979284457623566
0.04356770508465072
0.026343821189269177
0.03437464140568641
0.013885786997704324
0.06718519243677973
0.03656437423248554
0.048446964339261045
0.015983388646338893
0.008733815579770102
0.013460410191778797
0.035006995880654375
0.03634633433062351
0.04195442472164743
0.0831379373904668
0.04168801098813358
0.021996727652963545
0.04655632302815473
0.039235768745286344
0.022606447170420266
0.027504284232632913
0.015369566286799528
0.02485404362067757
0.022843038094817265
0.031546670842653356
0.009920361764169602
0.02089676262321243
0.03193673390065327
0.013756553774469837
0.020736780142648882
0.017346688702449677
0.04642053534137808
0.01459837086838202
0.007976999230306616
0.012294017518315537
0.03197351451319258
0.03319679449740368
0.03831892380321453
0.07593373783952631
0.03807559577232439
0.01280392017956473
0.0031257379948396915
0.0038325067876288223
0.005736755350528625
0.06100304305991764
0.11270766506961863
0.051541156135807675
0.06554538887804556
0.02881303901280751
0.009060726945098508
0.019085983421423865
0.029169301712084504
0.012564499200646737
0.018939863994849992
0.015843536099883156
0.04239802996828807
0.0672291714203383
0.015596486655954351
0.029911630074300817
0.02369255023710652
0.04224989009936838
0.030747474409024724
0.01787294235978434
0.028160686531809115
0.01343667406432137
0.003280208097060642
0.004021904528650258
0.006020258698178269
0.0640177379296768
0.1182775383517462
0.054088256267049634
0.0687845608549735
0.0043055661963369435
0.003290282872961899
0.013973912385924174
0.007425835102277123
0.007295122388655934
0.004119418996269973
0.006273981839373746
0.005397670016310541
0.0705515538460803
0.016367245718937336
0.031389825803693504
0.024863406739808545
0.04433782736514297
0.03226697653071221
0.01875620104552925
0.029552352798899357
0.017886789981466353
0.017487011094314997
0.0590983990938956
0.052254797315745546
0.07349522327568471
0.06669643150323705
0.03934260509829767
0.02164436085732552
0.004766935486493169
0.0036428579825498364
0.015471307558639012
0.008221561404864124
0.008076841977805546
0.004560841408909245
0.006946279608282184
0.005976065300545499
0.020430207439126973
0.010208086320868275
0.014253037319445614
0.027032034680087587
0.02526883174774451
0.03370042438043739
0.07661771455801701
0.025449911398945445
0.019803475318680198
0.019360857535789325
0.0654311751321591
0.05785423712120807
0.08137071222332284
0.0738433859002642
0.04355841992017662
0.02396369423864139
0.02426971769548855
0.03076080145653999
0.03835012566942911
0.017966754392382267
0.06467062086747387
0.062095929427783594
0.053197610393713714
0.03287947400527599
0.019877816559116225
0.009932080616921732
0.013867664441995718
0.02630114394048515
0.024585614396791532
0.032789234068948264
0.07454612879976082
0.024761798025855784
0.005390650321499163
0.006925939007008886
0.046604187068307816
0.08624443805641209
0.01085306511989642
0.013903584096751803
0.04222950823898411
0.01833918643470845
0.023613514338015625
0.029929092515892045
0.03731321697771961
0.017480970226983254
0.06292206000345593
0.06041698293622685
0.05175925618671853
0.031990480507085584
0.012442036445229333
0.025108190062429984
0.0024511894511151737
0.00950012643353034
0.021709777516331026
0.14749873937948565
0.007115979684044712
0.0015962799095244236
0.0044951703036606215
0.005775421051724383
0.038862427581361006
0.07191774900718567
0.00905018376652663
0.011593958913807927
0.03521445837749696
0.015292731180469303
0.03324755099086163
0.017044658183211228
0.03461564152323122
0.015899272270771578
0.011246756267490119
0.02891722272126826
0.12316465015128036
0.04673611551183967
0.010375199541806664
0.020937286526853328
0.002044004595392641
0.007921991536848659
0.01810340893403568
0.12299665412199272
0.005933892693724976
0.0013311102775497227
0.0010810644191605716
0.05576200062787696
0.08483222670954003
0.04313517542896517
0.04416884208274861
0.05848365025313189
0.014905888579598731
0.004913578970459016
0.028411451991381155
0.014565388224080374
0.029580543768726358
0.013586607053947637
0.00961083346681348
0.024711001580092554
0.10524945268209879
0.03993800633596276
0.023366758524095806
0.015622414343351012
0.016867862674466234
0.024258925061508032
0.04329360491740055
0.05368054453645672
0.04752990751114463
0.018995035145526622
0.0009238157075994291
0.04765101057271089
0.07249276005750091
0.03686084927508483
0.03774416156828598
0.049976776391869863
0.012737718272378858
0.004198863039970286
0.026836054967830363
0.030026188846242134
0.041981869156005415
0.03291954672825712
0.029225040878936893
0.024396034853117053
0.025051731166893538
0.017709192078383736
0.027599361262792905
0.018452223778260085
0.01992326985378423
0.028653132865183693
0.051135712351878373
0.06340411914289865
0.056139369388119933
0.022435753621548735
0.017652177740727915
0.02783215286314331
0.024684469984196707
0.02463078570919913
0.05220023504912942
0.039114035794127186
0.02740434363149558
0.011853302527432696
0.031697078358624356
0.03546506600210381
0.0495863716881857
0.03888252030437405
0.034518799871446085
0.02881507841990757
0.029589546107581813
0.0209169957972344
0.01694708008234559
0.014889891215895755
0.020194602184919985
0.01265141112237352
0.03324557558441154
0.028189737673854597
0.02602933446293762
0.06526640813074576
0.01299696219417853
0.021802882524885187
0.022235055604719802
0.023417752916480815
0.019242623562028473
0.00639969764207835
0.011509215963103673
0.010830045592512444
0.05538086395594261
0.054322794121624496
0.05959954997795506
0.03832586013851189
0.02610335089173658
0.03555203813942385
0.04158010864677844
0.05607840802076758
0.03403433881098726
0.05689110399996075
0.043732995703882144
0.019462412134705485
0.016128926084004163
0.018915965909838756
0.03386398692977636
0.05970112750925723
0.0546812562819765
0.02548295393959714
0.029061596125192903
0.010073625559851767
0.01442493081168055
0.005565745542121721
0.03333681998908757
0.04926493860253787
0.04774383432100308
0.046831672479145166
0.0513807628934343
0.03304071814623072
0.02250369479951655
0.030649406626320735
0.03584620528600615
0.04834518695228554
0.01281235062293084
0.0034734404332082257
0.015139240053101348
0.015175118661889222
0.01984414446883595
0.026824778756344342
0.04816299614124823
0.023730687727160714
0.047140702652596594
0.02196885068224592
0.025053997561484933
0.008684471049855771
0.012435730639967885
0.004798228378078723
0.028739667398729917
0.04247129601201475
0.05327648200277252
0.025659367987617823
0.013366537008504754
0.013374412104030809
0.01448509163891131
0.05883153358324751
0.10562045476661117
0.04258888111709566
0.014761532096466606
0.004001865383562167
0.0174424182210561
0.01748375515061615
0.02286309391029092
0.03090571310807703
0.055490177745260626
0.027340908695455073
0.0257418438184897
0.018515160043005595
0.011529817556367658
0.011606561738795875
0.03158498076531401
0.0340153897619681
0.04470146948486371
0.04097843484647897
0.06138159360572138
0.029563004890481512
0.015400028525328995
0.01540910168284644
0.01668875223921536
0.06778175190734857
0.12168881253454798
0.04906805582087618
0.028480851430526873
0.03483677221285916
0.03330307324600177
0.013218592298887213
0.009575053563932524
0.03244631331598914
0.0259747936119117
0.036220261061065046
0.024271432044690445
0.017457547017575847
0.01087121751185713
0.010943577954324497
0.02978080046183544
0.03207238094142499
0.04214805615906846
0.038637686705242535
0.05277058802563283
0.025121387252179432
0.03825703419427788
0.020210744094500053
0.04088340767951698
0.0290021522195508
0.039274244061930697
0.035761605125529734
0.026853983535337727
0.032846844825211906
0.03140075298681946
0.012463526970762777
0.009028112498077244
0.03059293243726819
0.024491075405155775
0.03415130676665594
0.07158580423531005
0.043335920478164515
0.03519821789649847
0.017640479724356686
0.0258587119992436
0.05843278156724647
0.02765160323352307
0.031004022019226182
0.05260723892804344
0.025043625072689524
0.03813861118165111
0.020148182600816432
0.04075685484012879
0.028912377298132213
0.039152672319677125
0.035650906606825225
0.03520619819849546
0.05586484187841049
0.017998151279151005
0.014313942526272938
0.01042215108936451
0.008541851540306605
0.03810605005844287
0.04640823208272924
0.07136421344090069
0.0432017759903321
0.03508926331885846
0.017585874374069176
0.02577866746254356
0.058251905391790336
0.02756600887871122
0.030908050395487177
0.018237045284840603
0.017107915500015045
0.010622173100028913
0.016331826298415605
0.015412760388792229
0.030888339323797472
0.04442879683130966
0.029953434738798263
0.04259220942068732
0.06758489034014831
0.02177403604174366
0.017316906366241867
0.012608644628695747
0.010333871541423838
0.04610042967813983
0.05614435073526158
0.02487794525319631
0.0526544526875802
0.04437502351313593
0.025567528222736325
0.03110690317955568
0.017382732317316112
0.028109523665101423
0.02583510875368674
0.02206304831913614
0.02069703509648488
0.012850629841610024
0.01975812787289634
0.018646248439809294
0.03736849431225026
0.053749643976871625
0.036237453361786354
0.03380418478473785
0.04161863041772542
0.027016739816522
0.035696867984913415
0.024821756192847825
0.031727898145391106
0.030614256344528957
0.028964354006622155
0.021752925467456344
0.04604031294326767
0.03880089650787575
0.022355887118322745
0.027199438679579767
0.015199216682524884
0.024578572184698045
0.022589855771564273
0.03119702123029936
0.009810408778558093
0.020665151972849263
0.031582760998602445
0.013604082101038395
0.020506942668688116
0.017154425531141083
0.045906030268296566
0.02955790378291182
0.03639074514878099
0.023623057355468564
0.031212839356083245
0.021703794543282053
0.02774242794456933
0.026768675215192057
0.025326023813728046
0.06471033212768981
0.04531920460153358
0.021620172875180255
0.015086155724769746
0.01598848226186382
0.02428175951380075
0.09701397398118983
0.08471045749652557
0.03020027569097532
0.009496965994492668
0.020004899896334163
0.03057369106488967
0.013169431367857549
0.019851745383046734
0.016606341244452046
0.044439331554973295
0.07046599667836363
0.016347397322825603
0.03135175967411196
0.024833255133720797
0.04428405932283523
0.03222784668916724
0.01873345558705103
0.029516514954557132
0.06264283554138728
0.04387125498163782
0.020929407859069653
0.014604152705532522
0.015477649889201382
0.023505956743925603
0.09391437530143082
0.08200395644886288
0.02632880809621487
0.03471805177211036
0.019205960292997763
0.018398316020511077
0.014139681454428003
0.011127369682345092
0.04133668942049163
0.025692502965550677
0.07537388561396266
0.017485977832979258
0.033535379599598375
0.026562867483660334
0.04736840148812087
0.034472485233143335
0.020038222761790417
0.031572311849393284
0.019109385811761553
0.018682281283677545
0.06313788613344741
0.055826511266507436
0.07851876040093587
0.07125525838810118
0.042031746358186614
0.023123793743885384
0.028162584272442566
0.037136130706488274
0.02054363696632722
0.0196797410465825
0.015124496676439754
0.011902380284913777
0.044215750105138375
0.027481961101054334
0.01630540343508066
0.01079142255531486
0.019163241159228316
0.00790423140803549
0.029685012668023848
0.021590847582871636
0.015161543605395173
0.017056393506541256
0.01718064304805322
0.016796646905346102
0.05676527205807636
0.050191846673463034
0.07059372856420135
0.06406334414522533
0.03778941081517403
0.020789869969864747
0.021055362752914947
0.026686747714343626
0.033270918834783364
0.015587183006024725
0.05610544790448924
0.053871756399722345
0.04615195769813561
0.02852481685169381
0.014659671374691758
0.009702225949588694
0.0172290626838369
0.007106443908159835
0.026688853924983467
0.01941164666830522
0.013631263260248978
0.015334862742823283
0.04495572869266955
0.030221807590690212
0.015558158785162061
0.012436479010841646
0.01526359826450044
0.0338740841814888
0.05204810871291025
0.056452990066762576
0.019525969524122746
0.02474830895497566
0.030854227249901122
0.014454980610601317
0.05203013022269817
0.04995868682083457
0.04279962924731085
0.02645286671445485
0.010288295971957738
0.020761914001746547
0.002026883835891923
0.007855636249695768
0.01795177321305863
0.12196642349562219
0.00588418989465039
0.0013199607825915252
0.04169029043521329
0.028026593552657863
0.014428064614962757
0.011533133530053653
0.014154900014716091
0.03141358062300541
0.04826750298452188
0.05235242805002757
0.01054103850274632
0.04441095696062451
0.04292544259330932
0.04074673338644703
0.043852408013798
0.05185647100070029
0.057510732189742376
0.017409790335815245
0.010995389337414807
0.022188837535521175
0.0021661873820591157
0.008395537929113234
0.019185561565545954
0.13034892426128308
0.006288598131635149
0.001410678965133895
0.0011456863204991248
0.05909524001597283
0.08990317316526593
0.04571363144082448
0.04680908673859051
0.06197957945919245
0.01579690565876802
0.005207293951565086
0.011265502341134624
0.04746323044751192
0.045875619741183656
0.04354717234350419
0.04686629358341897
0.05542045931329884
0.061463326213552036
0.018606329322835763
0.017938929071992273
0.015758862646910086
0.01752594919030072
0.023543996554739717
0.01470610833690781
0.01938960103727708
0.011534547892042692
0.022463699805723977
0.001148620530608628
0.059246588467617815
0.09013342362288072
0.04583070833797843
0.04692896919949406
0.062138314974645475
0.01583736301559727
0.00522063031971617
0.0333664425090694
0.03733287568182373
0.052197896646743194
0.040930314260040394
0.03633677332533384
0.030332658632260746
0.03114791457741581
0.022018614139589034
0.0179848723516622
0.015799222572018285
0.017570834789764293
0.02360429493787737
0.014743772059500572
0.019439259623894423
0.011564088950906548
0.02252123144757694
0.0300089765335751
0.03218705213020157
0.021849119634142957
0.031757902235489605
0.04018824899302534
0.023710852378501443
0.03192206670691123
0.035000035960424496
0.034547096808174464
0.038653880165886396
0.05404489220413496
0.042378612246309164
0.03762253124305313
0.031405964059044875
0.032250067413876794
0.022797731405002488
0.018470863768470288
0.01622870434551502
0.022010384326010816
0.013788953034080892
0.0362348259723958
0.030724396280224334
0.028369742074312886
0.07113478707734609
0.03107082863682159
0.03332597431115364
0.022622239424204483
0.03288163916952737
0.041610289383882795
0.02454984861816691
0.03305161251580557
0.03623849411832595
0.022145101387667492
0.033011394235570646
0.028902518631888786
0.040040740778042316
0.03655246233881075
0.026342821336266087
0.01506181011814825
0.011928729979042695
0.03560236052049373
0.059512176988777865
0.04574785155480005
0.020359079612691816
0.0168720140103246
0.01978745765138938
0.03542416022919684
0.06245166321193138
0.05720051770877837
0.026656998342855592
0.03040051485343041
0.010537735165712171
0.015089512685783004
0.005822169205531286
0.03487270578252403
0.05153466076976694
0.072516857171214
0.05269008441888298
0.09354734998412763
0.02434221326312545
0.03021424425554278
0.007729859304396118
0.015711865353484775
0.040621242930039124
0.024140049607473228
0.01687329139627577
0.02923290157558651
0.014252135033336652
0.013787483418043513
0.008289712481179415
0.012837185012550463
0.01534187727924241
0.04921172448696249
0.022934003233622866
0.026154689173367964
0.009066003953527482
0.012982066783310202
0.005009027860863431
0.030002280710496175
0.04433717785987166
0.055617065644451985
0.026786655201599535
0.0139537660576447
0.013961987127962481
0.015121461895800636
0.06141616605039689
0.11026065433235223
0.04445992880479618
0.02076857899141471
0.014516717691426154
0.0251501482139816
0.012261639766660925
0.011861882768120353
0.007131946755742889
0.011044305844260681
0.01319918539239025
0.09775542666596115
0.08958927139405212
0.051535035875491346
0.011391160468287415
0.01162703916226793
0.010475882726114877
0.02387602714187072
0.046541032411099005
0.05065038627197684
0.024394570572433924
0.012707675828974732
0.012715162746566299
0.013771094845520382
0.055931619148749216
0.10041422839954622
0.04048959687991294
0.0235016075922882
0.02874633689676179
0.02748077110524383
0.010907615240670602
0.00790106826980207
0.026773796606076598
0.0214336782819463
0.029887953470204235
0.08902573451943259
0.0815888279856843
0.046932887296153226
0.010373914393349244
0.010588728800132575
0.0095403721945654
0.021743865544920034
0.04238485511243274
0.02753678462790903
0.0237022259498869
0.03536101695121567
0.03430588397403561
0.02602810478626572
0.015380337309114669
0.028301926916530325
0.009497317246104671
0.02907443373297586
0.0355628211341999
0.033997157653703175
0.01349408695785299
0.009774611584675526
0.03312254160260009
0.02651614603023407
0.036975143899043904
0.07750495261615305
0.04691919716647953
0.03810861998942979
0.019099101557457723
0.027996867111085035
0.06326435827573747
0.029938005464465504
0.03356762256398618
0.034066453400663665
0.029322623782133853
0.04374600929070557
0.04244067757226748
0.03220002737393823
0.019027404662794484
0.03501303029671044
0.011749371604839827
0.029075387153382815
0.02290530779339332
0.02379405238314443
0.013546669053115726
0.03025619832739585
0.01427674113154905
0.03354186101661438
0.030122450721045777
0.0797978381231618
0.04830724197590356
0.039236015072149404
0.01966412420026695
0.028825118837895042
0.06513595390033004
0.03082368330208946
0.03456067800991213
0.020392248682032335
0.01912968147299041
0.01187747203651675
0.018261876203481586
0.017234197635408
0.03453863753847568
0.04967926873442951
0.03349324852432855
0.029935545524743014
0.023582932209643852
0.024497969178404144
0.013947430037951932
0.031151289496416316
0.014699100370834902
0.034534154339906704
0.03101358513713826
0.018410925262150938
0.00901298896848609
0.0301210234540768
0.04596783583475911
0.060784530405236806
0.025130365347448745
0.04337067377530185
0.012882297326947494
0.01946182295758211
0.018256862196384997
0.011335545263431125
0.017428651792511362
0.01644786253964333
0.032962762442289024
0.04741258052739935
0.03196507080796431
0.029818683709963347
0.03671180904881088
0.023831476031540396
0.0314882202501457
0.021895280177693332
0.027987190509220466
0.027004846671096164
0.02554946721794088
0.01757090027314965
0.008601758362130528
0.028746708364778443
0.0438704871006958
0.058011148635550444
0.023983756224115492
0.04139182430183329
0.012294523952372613
0.007828964442796573
0.007098358100503051
0.014128910190693008
0.026070979485452467
0.08145516826307328
0.11484083762635117
0.06974466772458628
0.02480280887904775
0.022297790406667232
0.02745232591693702
0.017820681248087684
0.023546235046657156
0.016372834329180446
0.02092823795027374
0.020193661695237446
0.019105359262967997
0.04881595912641235
0.034187746635337225
0.016309752101073736
0.011380642580876565
0.012061336589161732
0.018317590730396835
0.07318507003196345
0.06390358532807784
0.005854336494014976
0.0053080042934155434
0.010565304665055744
0.019495335270916115
0.06091047771042115
0.08587558567056648
0.05215360939577119
0.018547023713754385
0.07783393450875192
0.05759383447655316
0.06403090639367594
0.021498009122153564
0.002860878896231979
0.013451475282103276
0.010807157094306106
0.04733526873247795
0.05424187678999893
0.03798773134661851
0.01812258900108771
0.012645606553880489
0.013401960033149064
0.020353599873247707
0.0813196262570894
0.07100650000194983
0.022797881871724518
0.030062053710315007
0.016630271009333775
0.015930938982937435
0.012243425008981188
0.009635090910081199
0.035793073462828506
0.022246910891563054
0.08648521428764246
0.06399541726612352
0.0711479728660814
0.02388752332028238
0.0031788669807485516
0.014946613319757282
0.012008377875798924
0.05259660693667202
0.03806474472278526
0.03532164962320247
0.018080395294028676
0.02360654974882166
0.007997480469713113
0.016462964197154543
0.04275952537597106
0.015040907230131243
0.035292733817239706
0.04653818567739841
0.0257448359169245
0.024662220470614622
0.018953687991042422
0.014915802297236793
0.05541020965597963
0.03443979176528621
0.02043357447775503
0.013523574401755419
0.024014954123723918
0.009905409688791594
0.03720060773964936
0.02705717732646106
0.019000114391039
0.02137469878776317
0.05892691746019734
0.05468041220459192
0.02798973088873009
0.036544608894649375
0.012380665494026766
0.02548583313669797
0.0661947700113905
0.023284388358077925
0.01695563116068715
0.02741588303485723
0.022639740345304263
0.019401144105668438
0.05304912332764572
0.047221184702938165
0.060352759104478605
0.019009544437619614
0.016255685438902146
0.010758517640848803
0.0191048091213756
0.007880130038909396
0.02959449792840001
0.021525013353017097
0.015115313435744073
0.017004385611701135
0.04985010684252325
0.03351208802930039
0.017251992132422834
0.013790451750287036
0.01692536249358516
0.03756199186946312
0.0577146418430298
0.06259908732981784
0.013488849289008962
0.02181037738304398
0.018010774271155404
0.015434347822007023
0.04220259468369228
0.03756624791315493
0.04801291464889257
0.015122815396355788
0.03678257290511986
0.06162803380559473
0.11816728055576674
0.045279682103227435
0.0180130020188928
0.04300281453882257
0.016179118472984737
0.022854431868322544
0.03679067354123836
0.024732791331141424
0.01273241825709704
0.01017771155303162
0.01249135710051154
0.02772172554802329
0.042594904626866936
0.04619975225341413
0.009302211673071062
0.03919159598399581
0.03788066546376728
0.035958007254045195
0.038698690040070316
0.04576208214601511
0.050751830966455955
0.015363719129319817
0.027146494109511254
0.04548308953263764
0.08721052205398008
0.033417581381989525
0.013294063318023738
0.031737193985363156
0.011940609632091034
0.016867164287011766
0.0056763665937733816
0.00044534112071330825
0.005428955037284627
0.012717079717579339
0.05807852695129437
0.06972820528941591
0.07605983474248412
0.018418785588132775
0.01074687268794164
0.04527816687901662
0.043763644967585856
0.041542392245276276
0.0447087111826007
0.052869068995931315
0.05863374058186407
0.0177497501990925
0.0171130750371225
0.015033372276237482
0.01671910750005009
0.022460102166526254
0.01402908359041783
0.018496962452950932
0.011003532195463869
0.02142953901227812
0.006557923132405746
0.000514503915328676
0.0062720878286567075
0.014692079850523301
0.06709829414607214
0.0805572020225396
0.08787215227639479
0.021279277524417727
0.013517851940492286
0.014058250472141834
0.022953341606862424
0.03625336561406173
0.05577395710953857
0.04443067744027015
0.05884258132486517
0.01774927430178878
0.017656894594014795
0.015511103007396306
0.017250407550601414
0.023173839632262844
0.014474900020556547
0.019084759205036494
0.011353202607695838
0.022110527226540208
0.02946172345107736
0.03160007897984902
0.021450672254364152
0.031178755196849726
0.03945536351400831
0.023278453858069866
0.03133992591362192
0.03436176435707794
0.013947422443541411
0.01450499376788832
0.02368275324298064
0.037405425613876254
0.05754634276060616
0.045842596178753914
0.0607124817625756
0.01831331100851858
0.01635172564498789
0.024322755143493333
0.08825507966967544
0.04346837257419611
0.046847402162452784
0.042146871183748075
0.05637616337853566
0.027533872743886984
0.029958849093206497
0.03213328639998773
0.021812622540003754
0.031704853363637535
0.04012111794466511
0.023671245418318637
0.03186874361228643
0.034941571380216564
0.021352560576406804
0.03182996468551785
0.027868139734136224
0.03860774118936664
0.03524430313698792
0.025400050263455987
0.014522769948445556
0.01150181816819115
0.016627638292280315
0.02473316783673368
0.08974426149655669
0.04420184095611678
0.04763788697304996
0.04285804106611246
0.05732743279313289
0.027998468584345404
0.027923895053410024
0.037653733545380666
0.014619016510734863
0.011713715864826819
0.055973252525477045
0.013498883973451689
0.013049625430343735
0.021899441290486467
0.08095846282652558
0.05882367779233999
0.10443709161759288
0.027175862888337964
0.033731450393921884
0.008629683518574216
0.017540865900355147
0.045349916060955266
0.026950165589262356
0.018837492240477045
0.03263587071804399
0.01591121001797949
0.015392468831565703
0.009254708573009625
0.014331547259170874
0.017127807931170313
0.035367461014285
0.02568032716900119
0.03666231303933531
0.024008275658590907
0.047196323967564804
0.03220881537440548
0.05226277655397676
0.02654679725970525
0.038682017912065006
0.03988944023952734
0.028379104612583847
0.02812543283195892
0.01079796747181354
0.017304917003088113
0.015128258024762678
0.014671412428543645
0.024677960943463077
0.017249277977293687
0.02988429663885579
0.014569714537983424
0.014094709117490365
0.008474431667271827
0.013123235267323433
0.0156837394476331
0.11615645934521544
0.10645314449918133
0.06123575440963344
0.013535380213221258
0.013815659629538212
0.012447814791287865
0.028370340866157362
0.05530170266267767
0.03542068504501561
0.03652630797488928
0.025986424199145926
0.025754139826940997
0.0098875763362422
0.015845916215899855
0.013852774278554766
0.01343444594794227
0.02389996123622852
0.00689144511063363
0.035720139702526174
0.01988092819900179
0.021204376672429713
0.06636742046226984
0.06063656840290885
0.04361719761117262
0.09403366167596354
0.08617840997054119
0.04957298324249454
0.010957473831419826
0.01118437210257284
0.010077042734319811
0.022967014057405415
0.044769112519450815
0.029085799778259157
0.025035537285596928
0.03735016534778284
0.036235678419538016
0.027492252804766158
0.016245520947336813
0.02989398329385242
0.010031565833973109
0.01934804901617146
0.005578921926897461
0.028916993086220946
0.016094468500567827
0.01716585709744329
0.05372728815285264
0.049087916337434534
0.03531000192794353
0.015084034916548765
0.008811018494541741
0.023729448192312628
0.03282179614960611
0.0459818043667931
0.05522303175722195
0.03641248333146211
0.015596255614223394
0.0357403620111404
0.030763436885083022
0.045895538059211906
0.044526066819781614
0.03378222621468317
0.019962346029466258
0.03673345044738584
0.012326695403878122
0.03050405189686456
0.024030796011671827
0.024963210460559784
0.01421230588077702
0.03174288407964774
0.014978251195675116
0.03518999295764088
0.03160256457491814
0.018535122727108368
0.010826898111193112
0.02915852667567991
0.04033111983118336
0.05650201632836045
0.06785755115563628
0.0447433230618547
0.0191645347874284
0.02584062190580571
0.014841669270328265
0.018030275947150686
0.01913378996627323
0.027550058465247867
0.042100094167277065
0.06851337801699138
0.02991677026099227
0.032661074465923916
0.025730077455490958
0.026728425407795724
0.015217295796440065
0.03398750776434167
0.016037403139926576
0.037678370871214825
0.033837265894556955
0.02008717698084554
0.009833590759752892
0.03286343952577389
0.05015304992506302
0.0663187538139477
0.027418399083139595
0.047319425150999905
0.014055186398385058
0.027667880947909614
0.015891163143694754
0.019305244671825903
0.020486791099645126
0.029498196309012573
0.045077103699826246
0.07335814103945189
0.032032264584976065
0.04135899119440971
0.031740862780268025
0.058494381211095924
0.006301475525566407
0.03322778073214878
0.030335186275772304
0.021979470168100004
0.023318548811911442
0.0179545344545707
0.008789564819212316
0.02937434950784064
0.04482833320680208
0.05927773481919083
0.02450740547050617
0.04229555253355191
0.01256295639232206
0.007999898106905773
0.007253340073935642
0.014437393695300962
0.02664020011264084
0.08323361935626343
0.1173482145991644
0.07126743765071761
0.025344340908331223
0.03696793397670644
0.028370956005891394
0.05228407077086482
0.00563245196407154
0.029700008845104185
0.027114519262390037
0.019645924103853293
0.020842833638260165
0.005687628391275769
0.024407092140677326
0.015000162815380559
0.014039343129687173
0.03198362684497828
0.049160213389151546
0.034003334084972824
0.012044957560758561
0.006172813105205684
0.0055967603670168675
0.01114005851279993
0.020555883860402805
0.0642240150424576
0.09054722788592925
0.05499077203558691
0.019555984040184004
0.08206810993124915
0.060726946016746136
0.06751419542234295
0.02266750341063012
0.0030165110531519706
0.014183237159429499
0.011395067743364094
0.04991031305921467
0.004388639280405339
0.01883279214467503
0.011574297618499747
0.01083291813237005
0.02467893319419446
0.03793258431645633
0.02623736245830658
0.009294027359987784
0.08420634099396765
0.016376594902271314
0.021948239043208168
0.022758804495866734
0.010935739057798802
0.015398880844212755
0.022178152497112774
0.07816024303247843
0.09191924359596639
0.06801637016410603
0.07561833433730648
0.02538842151305281
0.003378601195237502
0.015885737255666305
0.012762886931017207
0.055901351059311113
0.04045642450459784
0.03754097556061021
0.019216420668343694
0.02508979384158484
0.008499977267843599
0.017497363321745805
0.045446187090541705
0.015985955830467462
0.09431413951940285
0.018342377049445788
0.02458281947525344
0.025490682022055282
0.012248422233652285
0.01724730203498313
0.02484033083737877
0.08754229169943022
0.012599400322886587
0.014311780780627689
0.012558332597974302
0.012352570594805535
0.011851522140850355
0.013646811234921896
0.030768122736992615
0.02869899235969153
0.05917611532273701
0.05491165188980668
0.028108097526782103
0.03669915352071176
0.012433022472991669
0.025593610964156834
0.06647470312021611
0.023382856427671007
0.017027335353361206
0.027531822909983714
0.022735482242991576
0.019483190203620573
0.05327346440490947
0.047420879830424034
0.060607986752817186
0.01908993448763211
0.018429299564516177
0.02093401975876301
0.01836922929248372
0.018068258651166454
0.0173353688454902
0.01996136053332103
0.045004915823480054
0.04197837308461217
0.015115039816262475
0.03137280564570283
0.04134766060864656
0.015964452954929594
0.0325259640083045
0.02348386422969226
0.03395282839796446
0.03220716619144405
0.014309494832198911
0.023137294795433645
0.019106528350568787
0.01637335518140381
0.04477015033622997
0.039851733743989974
0.050933963255631653
0.016042869493603066
0.03902038088079662
0.06537741006405218
0.1253564373223104
0.048034444093588535
0.019108891631828197
0.04561905461533257
0.01716343679274058
0.024244868313495045
0.012702432861674575
0.02636519402139728
0.03474789939379138
0.013416265805345332
0.02733428949569874
0.01973545636243708
0.028533403049661683
0.02706637701155422
0.030299808192639163
0.020575477434148712
0.032077009350438515
0.03336087682509096
0.011102361767193421
0.03455234597469133
0.020305831308300534
0.019374585873635365
0.029667698779710996
0.049707287960699904
0.09531011585810284
0.036521207283263184
0.014528736730661181
0.0346847555147504
0.013049582328455248
0.018433686033867493
0.006203553710763676
0.00048670175125531954
0.005933164042657101
0.013898166330308081
0.0634725145799444
0.07620414564882781
0.0831238191300734
0.02012941267894145
0.023037334906811043
0.015643800828850415
0.024388563865380564
0.025364704862758734
0.008441268824584314
0.02627059422205657
0.015438785402086172
0.014730747489026641
0.047160533101655966
0.03882500434421697
0.023544005548346996
0.013073622270350515
0.0067492869875125545
0.03398475340309936
0.07509868195916665
0.04689370920690607
0.0062817090341087045
0.0004928334516508447
0.006007912868222743
0.014073262047068548
0.06427217153977864
0.07716420175877688
0.08417105258120197
0.02038301260408412
0.01294849160959645
0.013466129018535814
0.02198656654304467
0.03472640494509037
0.05342480586753283
0.04255929540999787
0.05636418226254563
0.017001690089880374
0.047754683952206126
0.03931414023468722
0.023840624140247877
0.013238329988453632
0.006834317718517945
0.03441290950762566
0.07604481091120914
0.04748449848298736
0.003161653955896435
0.0018860067123373093
0.009617088930941155
0.05738454661756367
0.06584356354466381
0.01788794172837661
0.029068868248636387
0.0009022385940803138
0.01463660924286573
0.015221731951561767
0.024852993907360572
0.03925374745689384
0.060389891806356025
0.048107825633231564
0.06371247987365034
0.01921823034039386
0.017159716763512953
0.0255246203509142
0.0926160457283053
0.045616284038663135
0.04916228229773906
0.04422948303337427
0.05916189011437636
0.028894409553191825
0.0035738443448749308
0.002131888725745052
0.010870885735582755
0.06486587092490446
0.07442770477194438
0.020220024164309628
0.03285862774721276
0.001019865027027474
0.018329270186665355
0.0011241947599563652
0.00293397557365803
0.02701072401456223
0.029362390704813706
0.03371098942447996
0.01893342422191856
0.010868015295957677
0.016832527563601818
0.025037935155246584
0.09085010924354867
0.04474650537720731
0.048224891078962925
0.043386146901105246
0.05803383352937999
0.02834347162840535
0.028267979186669494
0.038117710803788354
0.0147991551201796
0.011858054746021134
0.05666296676642032
0.013665220073164543
0.013210425671390774
0.022169290831923684
0.017979780779003224
0.0011027594187369503
0.002878032626945461
0.026495702857678292
0.028802529650311114
0.03306821240140803
0.018572415237439296
0.010660791757346168
0.02547743908195183
0.03150357888846597
0.012334829296746647
0.008176908197082926
0.04722337297356015
0.04056234852004534
0.08841697616405374
0.052538037375799845
0.032842821759997184
0.02384718562662053
0.03404524322438
0.02229449034810566
0.04382730372326532
0.029909650059838814
0.0485320971825356
0.02465180439011809
0.03592077528804913
0.03704200805830282
0.026353315951149228
0.026117752050386304
0.010027175004272467
0.016069638260841308
0.014048355963291993
0.013624121425155337
0.010606837847779264
0.015491799305641466
0.02266667819735543
0.033381881701616226
0.05934477434237541
0.03925154437333587
0.0204243290024436
0.015137350737786172
0.025438434071383634
0.01618227106313667
0.0198517546854431
0.026295225279669168
0.0543445109773784
0.04195103252287142
0.07101267717785455
0.08946508863456146
0.03641496848868372
0.03755162702875849
0.02671588133156756
0.026477076574304786
0.010165127530879909
0.01629072218515759
0.014241631357307865
0.013811560257389336
0.024570849891580357
0.007084892802787025
0.036722829048217734
0.020438999781409072
0.02179959838064639
0.06823040044926704
0.0623386793577715
0.04484156290475385
0.025788412629810006
0.01640490457441527
0.020124872459420427
0.026656991456433476
0.055092175458489066
0.04252818919240748
0.07198966005026572
0.09069593730480385
0.014152496071074269
0.021858980854877377
0.024331332253230163
0.04055586056748937
0.027166453399886988
0.017235756207529037
0.01873527295560483
0.018986224443415554
0.023442109032491294
0.006759425510281523
0.035035848020252974
0.0195000687198468
0.020798163855078794
0.06509601799367738
0.05947495202219894
0.04278162177698065
0.018275826718657528
0.010675435857316022
0.028750615182962718
0.03976691000411361
0.05571158469652989
0.06690826193770348
0.04411738897738288
0.018896433656005643
0.013502355736327732
0.020854818404745755
0.023213594405680032
0.03869279693314066
0.02591847516208501
0.01644397642153952
0.01787460805453342
0.018114031280229034
0.021092002653758945
0.027677197138010916
0.05106136416787226
0.018195188806789282
0.06748635148561963
0.04407095131022684
0.032538563262246474
0.007272991407370993
0.017112017346925024
0.009995621341161198
0.02691976857295149
0.03723454289098145
0.05216385657555254
0.06264752651444969
0.04130798223816108
0.01769310387400844
0.02385660871081066
0.013702142993622515
0.016645932121412042
0.017664719604819547
0.025434796699599097
0.038867697414486625
0.06325299974456078
0.02761979508888511
0.019748858470191494
0.025914706066697497
0.04780976329274747
0.017036514478138216
0.06318880317045551
0.04126450173365872
0.030466499138950002
0.006809845433690516
0.06679624406100008
0.038735210634571485
0.003943874819117229
0.020782466387836224
0.024674269034092974
0.022822497223785158
0.024102497765831746
0.05378427156844627
0.025811351563364827
0.014824857726723765
0.01800985258608761
0.019112116626268248
0.027518851799693003
0.04205240629902213
0.06843577113726344
0.029882882759621116
0.0385837811010848
0.02961103416949313
0.05456937742227599
0.005878643198752896
0.030998179143628637
0.02829967929883246
0.020504636143021324
0.021753861904527362
0.07226933884318243
0.04190906392813694
0.004267024735666109
0.022485322737727274
0.02669600865438257
0.024692507914173656
0.02607738807013189
0.05819120223083379
0.027687779407455714
0.036060803826826596
0.043082521379385244
0.013191738578564725
0.019721746670263773
0.05222850762292315
0.040173737106372384
0.015417955100945593
0.042592440074913356
0.03268747029007193
0.060238858698020994
0.006489404382341368
0.0342187325847469
0.03123987230585078
0.02263496374011369
0.024013977716156803
0.006552975656590145
0.028120522235830513
0.017282370614235786
0.01617536650328172
0.03684979286728575
0.056639720363240505
0.03917678954615183
0.013877544074676744
0.030564399122260246
0.03980733827053916
0.04755857662887395
0.014562293244910714
0.021770736025718718
0.05765478441066955
0.044347584437243785
0.01701980236188586
0.030917538015668145
0.013653773041275375
0.034681027402775864
0.035739254165909944
0.02133960112052809
0.04381161469048693
0.0497400740211857
0.02804072376798979
0.005757016858879135
0.024704856095314996
0.01518316322257256
0.014210621637864872
0.03237382372538191
0.04975996281711348
0.03441817118107789
0.012191904774956066
0.11046187525396764
0.02148281663620853
0.02879169923092614
0.02985499896417498
0.014345502124347737
0.020200251368076856
0.02909329969194414
0.10253060415357468
0.02716213166643396
0.011995314145090849
0.030468487890724597
0.031398176880146254
0.018747581228855476
0.038490026150821297
0.04369838371273109
0.02463475036797115
0.024912749223185697
0.005682084564942396
0.017155340196542218
0.008313595328811447
0.015483656520020114
0.04602893539007339
0.05802803925364105
0.05244011155301662
0.11894431906653127
0.023132496986404294
0.031002633731477186
0.03214758498677796
0.015447103155952723
0.021751442644120482
0.031327394300528354
0.11040400017189607
0.015889739329531534
0.018049308706580756
0.015837946749965047
0.015578449908013374
0.014946552427118938
0.01721068206780742
0.038803231695223726
0.03619374699820944
0.026825816469385384
0.0061184157692565095
0.018472710637411655
0.008952002065026091
0.01667265721498512
0.049563529179113705
0.0624840525287241
0.05646702399452939
0.014038986600005618
0.004990557728317312
0.016249790978909922
0.03362200602319797
0.02911930603408636
0.029667318267893174
0.04160376334873931
0.02848535680726487
0.02169595019069402
0.024644639824055643
0.021625232276245063
0.021270913653335853
0.02040811685177782
0.023499573727873695
0.052982177028724986
0.049419170182880806
0.01779422760132429
0.03693373295326116
0.04867666196029235
0.018794201858801002
0.03829129221965669
0.02764645215238815
0.03997107275708648
0.03791598649893232
0.019168920753498773
0.006814138964263783
0.022187566981189292
0.045907698852856116
0.03975968391935474
0.04050794327603697
0.05680604059262949
0.038894085650981285
0.039814233641363855
0.01612514618118616
0.019168531129701065
0.026847288327018916
0.026219315158976214
0.045860489834422216
0.03151536626669385
0.022834048474788128
0.014788922853644918
0.03069591665233348
0.040455557534295035
0.015620009343083397
0.031824194861974915
0.022977184355460603
0.033220273710446786
0.031512275318475794
0.03527682694495306
0.023955186519318664
0.0373459495377914
0.03884070390836761
0.01292602554615154
0.04022788268961525
0.023641248567716912
0.022557037610568296
0.03308992348481052
0.013401736125908677
0.01593111735143495
0.022312992999386806
0.021791079548327468
0.038115014677072116
0.026192669379356034
0.018977557716801274
0.03989393945298047
0.04756066396863391
0.032537366387114186
0.010837151955915145
0.05889203884279481
0.08336624629132493
0.0641885880452618
0.017046634493706997
0.027771604293380384
0.018858667811216416
0.029400516496069878
0.03057725858118483
0.010175985133640379
0.03166931202060265
0.018611520850460476
0.017757978163090566
0.05685222135555418
0.04680370631837218
0.028382397886507753
0.015760306730009624
0.008136293900222085
0.04096876341542214
0.09053177751510591
0.05653056402622386
0.031406415943278476
0.0374420279275232
0.025614970004578266
0.008531524001763055
0.04636262783284351
0.06562989372711699
0.05053232452355954
0.01341992544941316
0.02329256179722929
0.019289184848464522
0.025955873473778365
0.019682779825738152
0.025552104911273712
0.015586107737882516
0.03557355086111082
0.027339187039982286
0.057985011666500524
0.04773627823499529
0.028947922057079477
0.016074333558436325
0.008298410958754276
0.041785073088850745
0.0923356387883619
0.05765694525943459
0.003838964607148721
0.0022900396812892123
0.011677326027673025
0.06967784790338989
0.07994901199895643
0.0217200162155336
0.03529619557771735
0.0010955221786426914
0.023756670106313726
0.019673525181725025
0.02647304872713147
0.020074962606770476
0.026061235006415502
0.01589666362136189
0.03628235999434421
0.0278839250546037
0.019743219433905845
0.024659213224257185
0.023676859564026462
0.030980058550574605
0.024203246411433624
0.027891166927369905
0.041807468660136536
0.03457177222242543
0.004112955048855291
0.002453481923667171
0.012510747547193125
0.07465082011799762
0.08565504666017919
0.023270193788331783
0.037815317582356775
0.0011737106060813575
0.021094221538827618
0.0012937783707591794
0.0033765627387214035
0.031085263651240078
0.03379167681687366
0.03879625713250654
0.021789511582207485
0.012507444104734772
0.02115231119873546
0.026419163996105756
0.025366698849882827
0.033191133878167106
0.02593065441166705
0.02988178521332946
0.04479130622495644
0.03703919146462485
0.021137945581919674
0.026434404606474917
0.06431078887758715
0.0437098688800804
0.05849703092992098
0.041536285773130184
0.059431113891698736
0.035793255331714076
0.016366270126896582
0.0010037974741663649
0.002619757158642204
0.024117970930832948
0.026217782429551577
0.03010066159466484
0.016905721400106686
0.00970408926626483
0.02319108643658847
0.02867643873916101
0.011227898199707924
0.00744311012471161
0.04298553402225185
0.036922271801869494
0.08048241152050925
0.047823258926130145
0.016400194085596242
0.020509531751949774
0.04989649610472923
0.03391296142338635
0.045385804262000784
0.03222655416696652
0.04611052662472211
0.027770737327354904
0.010849749814350483
0.060678510042896344
0.02510912067542939
0.03086461562007937
0.07214178230758488
0.06995019247885753
0.04240415811937106
0.010000949429069187
0.009593242112356373
0.014011393746927933
0.02050063694295342
0.03019188922518426
0.05367375239820009
0.03550064343975505
0.018472567971224926
0.013690816495101111
0.023007522176563894
0.014635883612470897
0.01795470919661823
0.02378243790722554
0.049151317175340034
0.0379421668956221
0.06422666349673602
0.08091575153611526
0.021343144346754307
0.018616415567552773
0.010766079658846054
0.00750700552228426
0.03379416221374197
0.011850962455504281
0.007492237301111516
0.038293772344937756
0.043519155397576045
0.0070199165187048475
0.014731054186195943
0.007319045147954542
0.04746974083239439
0.049810731752325095
0.06911642021168748
0.10409869730869578
0.02228483940227935
0.014176160010250913
0.017390738902289815
0.023035414474013294
0.047607439047855415
0.03675037621846581
0.062209257928128495
0.07837412974152652
0.012229760187748443
0.01888925405534083
0.021025715676658487
0.03504600506209571
0.023475661718169415
0.014894133445717777
0.01618992820406865
0.01640678581697812
0.042152187511339395
0.006799415905642256
0.014268341207991789
0.0070891486900897535
0.04597868222399424
0.04824614093999584
0.06694542387736348
0.10082888255884467
0.031774986713772636
0.013193495941866699
0.030332360936526272
0.019854843146006565
0.025894632383141537
0.016826813481655458
0.03779692006874818
0.03203206165481959
0.015557982281368947
0.024029799063081513
0.026747679997703857
0.04458346831159194
0.029864357391126597
0.01894744137967296
0.020595875329417087
0.020871748841851563
0.024303092732395743
0.031890830835733915
0.05883505178647752
0.020965261957998176
0.07776061312194882
0.05078040402704292
0.03749230138658123
0.008380246651626217
0.04042227097624074
0.01678399027795371
0.0385870472321538
0.025258164765518596
0.032941629730652025
0.021406083355727086
0.048083020737315386
0.04074930661033266
0.029890971914609547
0.035680233307573604
0.03568653323489755
0.013940245223267754
0.022420871225390927
0.023003332302721797
0.0314836846851201
0.03205637934969271
0.019260513573791972
0.025273893613235083
0.04662753526993173
0.01661523975431593
0.061626286046518354
0.04024412332269804
0.02971313107020196
0.006641453257108165
0.06514452302937279
0.03777737590944522
0.0038463516563044765
0.02026856269003956
0.024064129801317807
0.022258148147146113
0.02350649715181192
0.05245430738005225
0.023688979696306296
0.02827704381099324
0.028282036584426355
0.011047823637147005
0.01776882882059078
0.018230436715917724
0.02495122505221027
0.02540509293981191
0.05832412856086362
0.031162365160181893
0.04320737364463055
0.0063775480073707345
0.025273366228874262
0.046057440331532716
0.04135572262039361
0.07526845313407271
0.06541991515572278
0.03793707608677147
0.003862611733315738
0.020354246064753213
0.024165858566324788
0.02235224230060383
0.023605868579103798
0.052676052855709435
0.025063632913766367
0.032643092694083865
0.038999317531460666
0.0119414738308152
0.01785259163212928
0.047278480640534845
0.03636621719606506
0.0139566976912195
0.058570688133870924
0.0312941010238352
0.04339002860852718
0.006404508470430032
0.02538020692310505
0.046252143674765725
0.041530549909926995
0.07558664318891924
0.014081179703299536
0.02473858963575258
0.017678014829109665
0.029326614489957877
0.03809644584062549
0.023401252504730723
0.031548072857819284
0.018245521083621066
0.027883252633819296
0.03631538985070239
0.043386680096123606
0.013284871063598994
0.019860980423698098
0.052597236177964246
0.04045736006839116
0.01552680447391839
0.028205413751410138
0.012456047363857312
0.0316387652446183
0.03260416306128423
0.019467665199911065
0.03996840624361201
0.045376813867984526
0.02558095716949862
0.01566529051874421
0.02752164249258534
0.019666764001866975
0.03262581300689982
0.042382236744351834
0.026033857014352124
0.03509718198599821
0.020298113827339506
0.05255059357834889
0.062332637993800136
0.029996931556970644
0.03133521018212956
0.017550453117922218
0.029790595284891995
0.022595849364717906
0.04994595182891477
0.02870761202329584
0.012677827675814015
0.032202094446965146
0.03318468120187836
0.01981428758620937
0.04068004496384047
0.046184749454713576
0.02603642691005728
0.02633024344023344
0.006005385776680446
0.01813145067323957
0.008786625149643016
0.016364650961029285
0.04864790566700977
0.06132973869001251
0.05542386714746379
0.05348625853665128
0.06344247255813085
0.0305310278592818
0.031893134577117524
0.017862939483281454
0.030321017763440858
0.022998169167673596
0.05083524105960062
0.035853503658581316
0.024999682912461078
0.029676656890094813
0.03511341309729966
0.02433812705442284
0.024576920320902234
0.018324119729257023
0.025239651493173455
0.02868047988807312
0.006541426264408168
0.019749863215500405
0.00957091894954921
0.017825359033557635
0.05299021572841114
0.06680402864608262
0.06037099925225677
0.015009603651389414
0.005335591210080023
0.017373256985035054
0.03594653935866191
0.03113253503461379
0.031718435332114575
0.04448013350696758
0.030454756295962417
0.03905378592229912
0.027231153582250676
0.03232559406499983
0.038247634907920075
0.026510547275500382
0.0267706552191362
0.01995972990354321
0.02749254174861963
0.025457167283314066
0.057695285076561464
0.02984220715156921
0.016330174924833712
0.04632427189400468
0.05458274542829076
0.04139648122370162
0.016795803537234054
0.015577942934254662
0.005537623598971137
0.018031096102258812
0.03730765660566518
0.032311369802426715
0.032919455239698414
0.04616437566060767
0.03160792694290891
0.032355700543184894
0.013104368798185119
0.015577626299981686
0.021817896316434306
0.02130756345514232
0.037269291410013186
0.02561148765587559
0.01855647006278793
0.026421104009001026
0.05987991950840295
0.03097218359901984
0.016948517695329516
0.048078342426377214
0.056649523413508214
0.0429639607520265
0.017431777355011283
0.05388058194937405
0.034063161544186024
0.0463003147184166
0.06123860300136724
0.03232834178796653
0.016472725165373635
0.013917601192409602
0.0373954089777352
0.028364405238473743
0.011487855949526794
0.013656020349071199
0.019126510697685867
0.018679130859166355
0.03267187131656912
0.022452136793077008
0.01626740351221934
0.03419675073358524
0.040768602769252794
0.027890757922738846
0.009289515880857158
0.05048176239584718
0.07146084801625494
0.05502192000646394
0.014612232299467306
0.04723404640418902
0.029861239334111563
0.04058885659388562
0.05368440561039436
0.028340421371433125
0.01444070269314806
0.012200770607395207
0.03278243142617897
0.0365318366491186
0.0050031953347846455
0.010856862613711027
0.004012300096969037
0.03185543895764998
0.05038815651658783
0.10003121241400356
0.03576032721071432
0.03027988776843066
0.03609900618763502
0.02469617731393332
0.008225503659303909
0.044699629845170875
0.06327579116000479
0.048719762166264315
0.01293856125458033
0.02245707241262861
0.01859729405007199
0.02502485279240532
0.01897677102571888
0.0246355671515623
0.01502704396140292
0.03429755020580523
0.026358547780361015
0.032347515187270526
0.004430134149325123
0.009613328003633242
0.003552735099775618
0.028206747593256122
0.044616745493364474
0.08857373347641785
0.03166437369850262
0.05889936831133837
0.03290698456196374
0.01849782016183395
0.017717091124591324
0.029648167509565643
0.05336034495933948
0.06625102092865719
0.02540480776142149
0.020560507720137573
0.01702669879957951
0.022911431622949053
0.01737412784750006
0.022555022279966724
0.013757966653103342
0.031401022930830164
0.02413249221323114
0.0170870165631213
0.02134162496683882
0.020491434686606268
0.026812079729562736
0.020947002777229266
0.024138759782728524
0.03618279743328585
0.029920573316758965
0.05392514636927917
0.030127894575974652
0.016935625768799232
0.016220831555973175
0.027144294045450094
0.048853909553622246
0.060655930668177926
0.023259298296316885
0.03549523677629127
0.058409064985286016
0.04471003005172108
0.04033221835015673
0.06657211316130957
0.040717364637336766
0.0505051959937204
0.019495227983869556
0.01643089829192748
0.020522135500905318
0.019704591374832638
0.025782532217023892
0.020142666268388353
0.023211864131934254
0.03479342706478501
0.02877166386464957
0.016419739228192873
0.02053397425065374
0.049955960896813346
0.03395337763208697
0.04543989337896694
0.03226496057809214
0.04616547943890115
0.027803833461354524
0.03413226780489458
0.05616623607488946
0.04299322551102247
0.03878351584380869
0.0640158342675798
0.03915387303570296
0.04856586493734249
0.018746637658925827
0.023882942559588782
0.014882764714150938
0.01597644057591771
0.029315638352697418
0.0587816413058102
0.029977578189494335
0.012967194470320728
0.009761291438467153
0.01636854272902435
0.020469949628761756
0.04980019896448466
0.03384751151292687
0.045298212477019394
0.032164358917831155
0.04602153617056654
0.027717141528132965
0.010828810470687995
0.06056140428502574
0.025060661631130483
0.03080504882779955
0.07200255314580596
0.06981519294940895
0.042322320726364486
0.009981648217462493
0.02380847590503958
0.014836360478326958
0.01592662627525839
0.02922423263463513
0.05859836103513026
0.029884108553008423
0.012926762953614425
0.009730855879042731
0.022682971342937758
0.01147380440266638
0.015262258830334533
0.015209818868315527
0.025243800516304003
0.038107326110985454
0.04838316336233301
0.035635925163364834
0.020263383654399728
0.01767460149199749
0.010221418130182965
0.007127222236908881
0.03208449809881028
0.0112514161460136
0.007113201147670366
0.0363564706302386
0.04131749885628394
0.006664775317513433
0.013985802549006008
0.006948770874963851
0.045068222134195965
0.047290781114791326
0.0656197848271177
0.09883229046380461
0.04467942211178257
0.023968368518713652
0.025437442523247467
0.020105843821105234
0.03766140525908159
0.023376022859221534
0.04008136577918189
0.03232923945467645
0.04277071456593218
0.05446710471110089
0.04987131384919814
0.033592023399781505
0.01443795788458883
0.016070623261849572
0.011820144053103167
0.0615108086517933
0.03745716955213485
0.006042079651610276
0.012679097038835475
0.006299541260902619
0.04085745954191777
0.04287236293346513
0.05948887213123572
0.08959830492173027
0.028235807798454988
0.011723970774872866
0.026953865353022924
0.017643360168459715
0.02301042230381543
0.01495260015710842
0.03358700288526503
0.028464249078087516
0.03877461007343691
0.04937819647007262
0.04521179428442188
0.03045349188394857
0.013089007114170357
0.014569131166951806
0.010715777870963903
0.055763801119068195
0.028999562512922156
0.04083617028615063
0.05580082822807261
0.04086197471815968
0.011534960702509254
0.008701456524259531
0.019180818968050996
0.05626219666155087
0.036793016670510326
0.015277064330636095
0.03512256579826726
0.022990397492274918
0.029984013826092462
0.019484169561391783
0.04376595725154545
0.037090689889911266
0.02720725484717099
0.03247673589801218
0.032482470195602464
0.012688640754305099
0.02040784619073107
0.020938011854623493
0.028656968237870225
0.02917824435204792
0.03778823664587469
0.05321207400272613
0.0727119556089378
0.05324569878526676
0.015030772430896316
0.011338539957490429
0.024993802092821888
0.07331314742131234
0.015363930955542731
0.024780303641317128
0.0143486652364835
0.022027158722024424
0.03113626747154439
0.054631680595514126
0.036746055827835376
0.014787590658663134
0.022314106062138503
0.026635885665460945
0.02664058866564749
0.010406624158386104
0.016737552059469647
0.017172368909646272
0.02350309254906917
0.023930618610215684
0.05493908169003332
0.029353747195782032
0.04069968105562041
0.006007404475720844
0.02380653712436184
0.04338433405254197
0.03895549714079638
0.07089998251924219
0.012600770889937878
0.020323635251347054
0.011768097874464704
0.01806563575530738
0.025536496741103504
0.04480632544550645
0.030137380331586087
0.012128083785535175
0.05323893573518849
0.01934365612803346
0.017443303853806845
0.011244080597626493
0.011083148030710477
0.03320989134812918
0.10363429863119551
0.10004909796356617
0.0518229531164436
0.027688811278309293
0.03839120710279832
0.0056666662586985425
0.02245623733249425
0.04092358737042527
0.03674595278722103
0.06687855633957412
0.012458933620865443
0.021888538648040207
0.015641389283096992
0.025947992352478785
0.03370748047537731
0.02070527169916264
0.027913523858352263
0.016143515021377768
0.05021923894069285
0.018246489635183362
0.016453924783670037
0.010606319649387599
0.010454515130388685
0.0313262360671839
0.09775619165826474
0.09437434251925186
0.02027617217863627
0.019186818331446833
0.0240387840021242
0.039981207044009405
0.06125084352862844
0.02276013773419828
0.007364587585223405
0.010723518350498503
0.014762294929898404
0.025935210262754717
0.018533111158384248
0.030745160669652234
0.03993919409667317
0.024533185321320098
0.03307407232988597
0.019128068035590792
0.04952141552795153
0.05873959277818953
0.028267816042487005
0.02952895216628476
0.016538790951250867
0.028073373628570958
0.021293355020412554
0.04706691335029543
0.024024755477398334
0.02273400594259883
0.02848298498044575
0.04737278389930132
0.07257467166855833
0.026967947346203565
0.008726125146702903
0.012706042538915156
0.046430255241264574
0.015797354758596126
0.01155120303322077
0.03433461663092168
0.041512262180023525
0.05338071721396966
0.03452745539606317
0.033196245548133954
0.0482560797238259
0.05723872069952185
0.027545537017106422
0.028774449492320935
0.01611620358930935
0.02735606285673373
0.020749282436661822
0.04586429323096156
0.032347552030423
0.022555077223571685
0.026774711112831254
0.03167983157090374
0.02195821191459926
0.022173654669804248
0.01653228710918391
0.022771580364357554
0.04524390255475255
0.015393712044157893
0.011256054951873842
0.0334573230543778
0.040451570536082414
0.0520167712923791
0.033645234541262885
0.03234803881561656
0.03751735961208731
0.036562305665576424
0.06393534709377474
0.048683886395400174
0.024067239771128655
0.030622868989093728
0.020441858983672245
0.005662925633555557
0.03371276619739553
0.023507004310166026
0.02790472598670658
0.033016864890371776
0.022884948564068183
0.023109483985738342
0.017230024995274578
0.02373264487052284
0.02197562946593397
0.049804842489485655
0.02576096859128453
0.014096850182433727
0.039988936046670004
0.0471179756732685
0.03573507305197435
0.014498799140107183
0.039100763227966885
0.03810540165085776
0.06663371022000558
0.05073856834931655
0.02508298701112281
0.03191529366895621
0.021304598626459333
0.005901926912359306
0.05139723746935909
0.012200184186218347
0.028946105926495762
0.02425746618489369
0.024485228159132913
0.0333368800937489
0.058234707903862856
0.03428133420047943
0.023901802157684855
0.05417025680760173
0.028018927767858026
0.015332444726071221
0.043493982248175696
0.051247885042787225
0.03886726646455156
0.015769624670276757
0.04874296734368585
0.030815175165164375
0.04188549281896492
0.05539938727969257
0.029245773728408545
0.014902019906758766
0.012590531799776627
0.03382968655234985
0.05590222584288358
0.013269535198450026
0.03148324366148419
0.02638364277559582
0.026631368177762283
0.03625887093657292
0.06333900328936674
0.03728610682262934
0.011753354094000898
0.011954105545606874
0.010237359265108135
0.008343521164636615
0.033020934320743746
0.027971756119183476
0.03758121650877526
0.03037045809019234
0.049717595138188776
0.031431332281670665
0.04272300369925203
0.056507111851742335
0.029830550271585966
0.015199989513183323
0.012842282624733838
0.03450611957623126
0.03845266714253485
0.0052662614996719275
0.011427712444546184
0.0042232653558203475
0.03353038618569991
0.05303754719665997
0.10529081665847978
0.03764059202249022
0.011988365341836468
0.012193130868809306
0.01044205781806521
0.008510351952219589
0.033681196141952335
0.02853105836236841
0.03833266231022644
0.030977722977817656
0.05270727669058353
0.040401846751588213
0.042784707154776815
0.01420521756661965
0.006065574343300781
0.013043213195191009
0.03599498968631334
0.05851332019484685
0.029614317369580236
0.004055810714621997
0.008801051481985263
0.003252547349176473
0.025823423232182265
0.04084686113875737
0.08108971086630731
0.028988897805215626
0.05392267616049158
0.030126514474205
0.01693484997986932
0.016220088510411887
0.02714305061676796
0.04885167164858513
0.060653152134913874
0.023258232831929432
0.04059250334483622
0.03111547783106014
0.032950637508433335
0.010940146746192104
0.0046714014132089995
0.010045229207370403
0.0277215373470445
0.045064027110911946
0.08580286735822301
0.08360946208876019
0.06046410108006674
0.018780982923263047
0.010518019048382746
0.018450063510677316
0.012320843551943898
0.007369785713991155
0.045759151364299644
0.02556556599306853
0.01437102938389255
0.013764477917994875
0.023033778182017607
0.04145586229276447
0.051470679255658736
0.019737095270545266
0.03012012060635375
0.04956406103019066
0.03793949892372705
0.03422462818560312
0.05649096215573924
0.03455145098422438
0.04285709105607318
0.016543025810007495
0.07281289940525197
0.07095156070926677
0.05131024923900706
0.01593767041157339
0.008925662818644965
0.015656849937366466
0.010455552008420873
0.006254050503822398
0.01871024850946812
0.017200843000039226
0.02732820159384238
0.046485348234954496
0.03105434418420382
0.03101668153096791
0.010907968919517255
0.027543341446619206
0.031849071763075984
0.05240913066885349
0.04011729699455558
0.036189185740442546
0.059733648851453006
0.03653476877787906
0.04531716809638614
0.017492626377140174
0.0222853505029832
0.013887217928894725
0.014907734971772224
0.02735463916468958
0.0548495846511457
0.02797230012661256
0.01209978515379466
0.00910833330211531
0.019784251705729606
0.01818820350201683
0.028896891386765895
0.04915369401124951
0.03283692151847929
0.0327970969586319
0.01153410670054962
0.02912438066875573
0.021949644947357665
0.037980418881004875
0.038036411097310374
0.05144341667968574
0.01244577944329554
0.041774102735934134
0.035792731318128504
0.03615405341800424
0.02388368195629113
0.014883225472582359
0.015976935193674616
0.029316545941294223
0.05878346113817096
0.02997850627121636
0.01296759592423731
0.009761593640203068
0.022754622158057482
0.011510047777731581
0.015310469149398492
0.015257863540385242
0.025323540461144874
0.03822769927271126
0.048535995768659766
0.03574849168063884
0.02352389920481738
0.04070441903075322
0.04076442707442699
0.05513299880825764
0.013338405329636868
0.04477019033741128
0.03835982795221135
0.038747064496507846
0.0417842611348326
0.07981147337697854
0.06115483692290198
0.02577221880618712
0.04393725713176112
0.02578433405344536
0.009705278184766068
0.008488777127104993
0.041291269070758904
0.022150786803312728
0.02350845722828598
0.018581167075860133
0.0348054461010035
0.021603360206169365
0.037041894923597475
0.029877631851106794
0.03952730362250588
0.05033672706205774
0.046089446589248816
0.03104465571110915
0.013343091196509152
0.01485194744864065
0.010923792777147473
0.05684628920326537
0.03051039129241797
0.03437361422479113
0.013807020648398194
0.017906029058744388
0.029461889495696808
0.02915270185872816
0.07146356318385173
0.043060874676768314
0.034109425650981365
0.03512633224524923
0.014813806458863443
0.016518061455105777
0.008690269260255507
0.010016931716340608
0.02087132231156284
0.09829444264285406
0.03868395377676595
0.049262748644297194
0.045106087642165206
0.030382290631642765
0.01305840459077107
0.014535068065483915
0.010690724034551612
0.05563342354239685
0.028931760594668936
0.04074069399480029
0.05567036408081881
0.0407664380952099
0.01150799159005257
0.008681112236524883
0.019135973590844974
0.0561306538199272
0.03338167100483206
0.034376881001031964
0.014497740847325236
0.01616563406179999
0.008504854709592809
0.009803211653407874
0.020426014262727884
0.09619724411315865
0.05799291937752242
0.016101271153183282
0.008252371444664099
0.009539676789268535
0.019897137371418495
0.03867324102062358
0.03345636264744711
0.06381602387731557
0.03495598400331296
0.049223794829427785
0.06726214776664126
0.04925489941288904
0.013904206369185218
0.010488709094559706
0.023120500549581247
0.06781827986598286
0.014212394448116885
0.022923003944342133
0.01327322354773509
0.020376209007614002
0.028802584197243797
0.05053700099497434
0.03399191530793183
0.01367925122719903
0.07006830971909918
0.019453906893152892
0.009970695121202865
0.01152604550805985
0.02404015522633576
0.04672585306551593
0.04042270686176957
0.07710391154769636
0.03182476358052197
0.022707612651002518
0.025621921390212445
0.03204213282610811
0.02708336801252122
0.01889800116659275
0.009986948205267592
0.018699496319461738
0.012891164014083075
0.020792006907825542
0.012039301496597153
0.018481970315508144
0.026125002248674815
0.04583891693861717
0.030831916253593036
0.012407583521792472
0.05446586232637445
0.01978944351552541
0.017845296362500564
0.011503207893996314
0.011338566529317714
0.03397523532472721
0.1060226197911446
0.10235479579581144
0.028866230002523245
0.020596639089982972
0.02324002420583927
0.02906339189573539
0.024565609994693195
0.01714118148537309
0.009058529003275403
0.016961130294752255
0.019420947424518952
0.08769274978748813
0.08080287127696063
0.031058438656221862
0.024155652122905474
0.016449207197820403
0.01388821120711377
0.020336236039993343
0.04981689490142473
0.018100303303069616
0.016322100034850292
0.010521344457020724
0.010370756158033134
0.031075258063132057
0.09697299338913716
0.09361823878344433
0.020113724535316093
0.019033098319933026
0.02384619124965476
0.03966088756732639
0.06076011701994933
0.02257778917728186
0.007305584343057948
0.010637604191317382
0.017763260424224655
0.08020768079650505
0.07390589213509012
0.028407426381462455
0.022093831469541362
0.015045174925813483
0.012702774334641297
0.018600424012828642
0.01360648393946692
0.016490614814609807
0.014346609578993067
0.022053046361604878
0.040118883244960164
0.031166391555024226
0.04353474958189436
0.01922381508408865
0.023743232078471205
0.022467607617329258
0.028149219804320266
0.04681766702610283
0.07172423769584321
0.026651935463954297
0.008623871934882522
0.012557152437376632
0.04588618297044077
0.01561224049136117
0.011415845404183961
0.03393228171501003
0.04102581922092375
0.05275519904953372
0.034122860784952594
0.032807250126843525
0.01606176446234587
0.01946633473937068
0.016935445256553886
0.0260325031737162
0.047358307703860056
0.03679034514170431
0.05139056473534431
0.022692739088362945
0.03498326211157708
0.039245791966095754
0.018526751875098297
0.024027603873872906
0.02623649849950653
0.023816720394224722
0.05124385539125016
0.036898841819429755
0.04560098596515696
0.015515205524718268
0.011344892347919652
0.03372138195170217
0.04077083089930503
0.052427308956959004
0.03391077651300839
0.03260334278737709
0.037813461980874805
0.03685087035743767
0.06443995104030668
0.049068119567257366
0.02425718828509902
0.030864557213971324
0.020603194507548907
0.005707619762132319
0.034765830175787014
0.039001867071625194
0.0184116023069632
0.023878264786910967
0.02607343044030421
0.023668692014167696
0.050925358773080916
0.03666950395552154
0.024797892163802897
0.028238424089450157
0.030467196136802533
0.03619841756253689
0.023316085816214607
0.010372171774843312
0.04243730053793227
0.015278209197001187
0.037121116464999604
0.036176149411204964
0.06326008786965759
0.04816970691802675
0.023813051338700857
0.03029944265774861
0.020225960353817605
0.005603116108099487
0.04879502803962341
0.0115824966236754
0.027480583001436607
0.02302932610663645
0.023245556637041677
0.03164905506638945
0.05528632169661435
0.03254569206263906
0.024343855200685126
0.027721392713068876
0.02990935706252591
0.03553564269960907
0.022889179983821315
0.010182262513907825
0.041660294858099356
0.014998472852481952
0.027852731193684456
0.03215917738191315
0.046354562608132685
0.02183704254597957
0.014643617826057474
0.03773139004741521
0.019916973478680707
0.07398129234128109
0.05286041613194425
0.012547499529606708
0.029770144856250062
0.02494802872633917
0.025182274637794936
0.03428591576243464
0.05989253595498348
0.035257256627380204
0.011113818439021397
0.011303646395081838
0.009680313488174283
0.007889524864500912
0.031224165101510326
0.02644972800469489
0.035536308500164024
0.02871790932399355
0.03017329880646396
0.034838539235770426
0.05021662180602504
0.023656409319697563
0.015863659947771367
0.04087500426321018
0.021576368504533493
0.08014508969978491
0.051890956306466986
0.020265406960602965
0.010893160212841533
0.009048894899972959
0.021318252335160593
0.049425814202558684
0.06482571816000214
0.03832724929869568
0.012097590721054539
0.012304221856198021
0.010537194869070404
0.008587889330565621
0.03398806378539032
0.028791003365733252
0.03868190922236896
0.031259959416488466
0.05318748997404015
0.04076994589661115
0.043174516418213786
0.014334640572287873
0.00612083747876016
0.013162049238875397
0.03632293818357159
0.05904643204165444
0.056484236715229015
0.022059258980172053
0.011857400283879023
0.009849884409966099
0.023205300055418834
0.053800885317511926
0.07056395700550898
0.04171989834308218
0.026133208298541977
0.018407612242087534
0.05309716646061833
0.02564493388420831
0.01949125926103254
0.038517186743189644
0.059500788110031566
0.027300265652674693
0.04224407331383061
0.03238146008202242
0.03429128612292859
0.011385263857322452
0.004861464741445576
0.010453935188118168
0.02884943178084663
0.046897528071078734
0.08929389223487617
0.08701124481540094
0.06292417831890455
0.019545116810763322
0.010945961228889571
0.019200733420375066
0.01282213648847961
0.007669637059934321
0.02075625617655661
0.014620214668277263
0.04217233401714982
0.020368445054684783
0.01548089946722096
0.030592209961702966
0.04725839960445012
0.02168318949214437
0.04572508994113301
0.028025357928647025
0.017749108807321747
0.02165926394250239
0.014220094545004423
0.08345382848052316
0.032786481969158496
0.0226714221518941
0.07699364539663187
0.07502543299618765
0.05425636346567401
0.016852774084540344
0.009438153453604723
0.01655582955702106
0.011055885294197385
0.006613143422622675
0.01978454711716837
0.018188475081829143
0.02889732286491262
0.04915442795679794
0.03283741182776036
0.032797586673266745
0.011534278923745419
0.029124815543691833
0.03942645205112528
0.02416486073645647
0.015304166448726213
0.018675697136760566
0.012261274422048581
0.0719580512866379
0.028270139237479668
0.01954843040337875
0.04216424747122539
0.046301068981082966
0.0298105068444387
0.0326570428978846
0.016691563345625646
0.017440491789044325
0.06454837752209326
0.03166748381025718
0.01805651018048314
0.016599843480749662
0.026373350949550695
0.044861144587310484
0.029969301670501637
0.029932954954890987
0.010526843176026634
0.02658097379004512
0.020032801510262523
0.03466362187381945
0.034714724338486096
0.046950907762994716
0.011358900329641057
0.03812600661128347
0.03266698316651097
0.03299675132109577
0.03848150575334256
0.042257005857803676
0.027206774920557758
0.029804686660652946
0.015233676146012527
0.015917191112665867
0.05891054412107053
0.02890155839422784
0.09206120428104042
0.07497262692163972
0.009813587212559318
0.04408271664515554
0.023173797622103046
0.02306821465276215
0.004318186810352138
0.017385055766306765
0.01935496872245055
0.03349073851857059
0.033540111872804465
0.04536227001390155
0.010974558924721997
0.03683596950208409
0.031561658369186965
0.031880268440493235
0.034379209854366884
0.06566719902403641
0.05031691156145305
0.0212048387284261
0.036150649606649925
0.021214806898656142
0.0079852984436509
0.006984386999640108
0.08894620797285169
0.07243584220434253
0.009481533247200687
0.04259112742821034
0.022389685632657454
0.0222876751840355
0.0041720760128955555
0.016796812488884708
0.04774549501815757
0.031864436897723766
0.00887888548460525
0.025071807193392682
0.042588781205368555
0.02757652459720458
0.01650458104031079
0.03376463709741615
0.03216852231219662
0.03624169764141367
0.014557383008828579
0.018879157916345774
0.031063038179956575
0.03073704729694378
0.07534735312818139
0.04540107973530173
0.03596315136025409
0.03703532320340101
0.015618884039646319
0.01741575922052668
0.009162554420172135
0.010561316252175667
0.022005604288379072
0.10363639525355271
0.04171736185655148
0.03242231700425349
0.006200674621457858
0.006057046690013379
0.011887590571743666
0.018440904475933637
0.04251736929154171
0.05619091156234687
0.03414584931847687
0.045509388337287446
0.018375645601391346
0.028195455636880824
0.04044304583232662
0.017866441423031922
0.026551944394240055
0.03768372608147075
0.03756698036981101
0.03868696727477061
0.01631543087640032
0.018192440317840335
0.00957117185287457
0.011032313501962418
0.022986976198114937
0.10825821094174219
0.06526392473067205
0.018120007750752908
0.009287032875652317
0.010735737304010845
0.02239179006165728
0.04352199403224707
0.03765103666140595
0.07181711532449887
0.035668633101920755
0.04753894566087615
0.01919513422711339
0.02945287296483173
0.042246662247667016
0.01866322134826052
0.027736066949380998
0.03936428662168122
0.05226882504088941
0.039472741818340436
0.018297158516230632
0.008571030587076919
0.00430553118862827
0.010708014130378422
0.02362974887275324
0.041481933928041455
0.0832257488809739
0.02310696485093126
0.011842993953367622
0.013690408301414908
0.028554419679133292
0.05550004173170326
0.04801328965767588
0.09158249722213936
0.037800823119141416
0.026971652031497845
0.03043321016331903
0.038059009998775366
0.03216908748187897
0.022446671052127394
0.011862299044332924
0.022210890930911217
0.06665416039731675
0.050336361347769185
0.02333287074277831
0.010929934756987829
0.005490492013508541
0.013655055204027074
0.03013308736671783
0.05289851982453368
0.00720550053540935
0.015160391768924275
0.02222898033604747
0.02341090919169154
0.04520616714918116
0.029379751172172563
0.010399669760979995
0.01610806034900825
0.03778520415965619
0.026960507587923115
0.030420635435116732
0.03804328435879802
0.03215579550481085
0.022437396289918213
0.01185739764926036
0.02220171359092348
0.0254215553380283
0.11478771054454455
0.10576902448360923
0.04065475281680077
0.03161917046298851
0.021531618509926666
0.018179336055569015
0.026619646228237585
0.00720252328751772
0.015154127631657405
0.022219795521680536
0.023401236014971953
0.04518748836827314
0.02936761172373257
0.01039537271114739
0.01610140464362364
0.023431315381126958
0.015282926600694824
0.04532456488151386
0.038491859585573975
0.044670660810410615
0.01910597686867631
0.016457923285539664
0.021760383717173835
0.020660147332443205
0.09328819500892391
0.08595869135399815
0.033040196470697517
0.02569696116577758
0.017498788127081936
0.014774381674130225
0.02163383812280779
0.01582547100883249
0.019179954779460502
0.016686298604214455
0.025649524697538433
0.04666159358467791
0.03624910213382292
0.050634529864593644
0.022358893719042656
0.019042675459076452
0.012420464092098302
0.03683536179354735
0.03128240894639746
0.0363039326866088
0.015527464460312598
0.013375386176968249
0.017684706054738916
0.06535949370988652
0.07606414522380585
0.052656843745663345
0.02322947630088822
0.011740842690003136
0.005306563530680269
0.02112680655149179
0.016246795953802823
0.015963505216038884
0.019347247737171502
0.0168318411917151
0.025873247062886642
0.04706858912205263
0.0365652769934649
0.0510761784691266
0.02255391427589038
0.03476924895153468
0.03900570240754509
0.018413412853097853
0.023880612909539915
0.026075994429462446
0.02367101952798882
0.05093036663225282
0.03667310993329249
0.06592957758875623
0.07672759808261427
0.05311613154040683
0.02343209032376458
0.01184324962068754
0.005352848869646735
0.02131108049768337
0.01638850507562773
0.07310158851475862
0.035093801004090555
0.02388805117278629
0.009278208294665045
0.010777469947649426
0.0023172852395020238
0.04058064526374064
0.04216253570783395
0.03868686068442976
0.04340065490176247
0.02048813705368353
0.026571351770581945
0.029014097057625764
0.02633814253549757
0.056668926074744164
0.04080523846896154
0.027594698431125202
0.03142326742012491
0.03390340936574496
0.040281021053079985
0.025945767988774442
0.011541987129874543
0.0472235504066198
0.017001347234435145
0.0813382818427589
0.03904798151449361
0.02657962813727447
0.010323626840406162
0.011991817222642026
0.002578384461271006
0.045153053837629784
0.04691318317818511
0.05324314316266818
0.0320617056512933
0.01822933401638108
0.014038877416285714
0.014861543049325219
0.027685030800616118
0.03739415480142727
0.02167172356254957
0.02794294042775517
0.03181982552763004
0.034331266586201954
0.040789363017128995
0.026273200668318328
0.011687645711837927
0.047819506311794976
0.017215902328091868
0.0319705815730246
0.03691370862915419
0.05320779189802463
0.02506551135596178
0.016808584227399677
0.04330973774119577
0.0228615722048943
0.08491895912207764
0.053915065652711015
0.03246632077760956
0.018459386165381512
0.014216046473381707
0.015049094054363986
0.02803441278160904
0.03786606483743806
0.021945218281206193
0.03986028997646516
0.03886710019109086
0.02612862635322579
0.027748350614887205
0.02701320185190074
0.022109145937079085
0.013846952629270801
0.02953855224382098
0.03056715795380819
0.03529329486080601
0.050872111150226
0.023965201979845356
0.016070732022351743
0.04140855528227711
0.021858009903986973
0.08119124235599438
0.052568301131666
0.020529936071499416
0.011035351188406817
0.009167012247783383
0.021596524483706605
0.05007098094960471
0.06567190346589936
0.03882754387456089
0.03811052911290343
0.037160937721257906
0.024981649052295565
0.026530271720755078
0.025827394035955173
0.021138613150932344
0.013239108185474815
0.028241888252840776
0.026672177806125182
0.023187055050281007
0.018921859571120983
0.033971160014642995
0.02864119923047235
0.027388472078511975
0.027877246612894528
0.02741650887478044
0.05426115678707841
0.021191061077172422
0.011390722320183858
0.009462217308491477
0.02229199680870956
0.051683415467134244
0.06778673409178347
0.04007790627583373
0.025104669821168803
0.01768313412783285
0.05100739324485587
0.02463561268076958
0.018724131478886224
0.037001245487413986
0.05715898417589271
0.026225794682807137
0.02753110126511567
0.023933747190396263
0.01953119973042463
0.03506513241081515
0.02956353103597732
0.028270462343616524
0.028774976871815475
0.028299402008117383
0.0350663244017997
0.01053571813382603
0.02416524365524889
0.02116133949438724
0.022914005853503144
0.05883654989019375
0.041305187838944026
0.029359829159738067
0.021867138885980436
0.015402694107001756
0.04442941334191801
0.021458571965657043
0.016309443083091735
0.032229516651331475
0.04978768709006713
0.022843682024472498
0.048172314111541215
0.029525285723116593
0.0186990478480629
0.022818475970331795
0.01498115940285
0.08792030905898819
0.03454122692954839
0.023884805271294666
0.0305441255104027
0.009177018193708723
0.02104886234262702
0.018432345576875828
0.019958985798339962
0.05124891174373883
0.03597841698854287
0.025573547331153874
0.04042162349030315
0.05879281403994173
0.05383091737423625
0.010071137656241772
0.014003270750839802
0.027539816310886017
0.031679787352144446
0.046827584593405115
0.04195900118507567
0.02571708504136696
0.0162872260817689
0.019875326272760212
0.0130488745814142
0.07658026026020776
0.030086065168367298
0.02080411936123803
0.04487265826807958
0.04927520756187551
0.03172537793640526
0.03475476058247797
0.017763742101158275
0.018560777791922247
0.06869462779537432
0.03370163739308675
0.035208002339376286
0.05120965848275134
0.04688775217792886
0.00877215231709343
0.012197114979133901
0.023987703446208024
0.02759369691009113
0.04078771621598674
0.013233080506498554
0.03196980376171042
0.026970112460830045
0.0349681852875206
0.056337324981395175
0.007733870538312663
0.01567024631070629
0.022766776608408174
0.038701654848561806
0.042498754235996014
0.027362422335214187
0.029975196485390397
0.01532082658243006
0.016008251874278106
0.05924756583405276
0.02906690150662314
0.09258787782019902
0.0754015383080289
0.009869729827132355
0.04433490974400262
0.023306372750841523
0.02320018575120826
0.004342890753211861
0.017484514044312324
0.011413233227371637
0.027573234092131305
0.023261113202835252
0.030159270475867393
0.04858967109760505
0.006670288763127635
0.013515233719512349
0.019635830911753843
0.04246453498872684
0.009337503761871606
0.014196246313506923
0.006699309063422517
0.07410063386220488
0.06723029678262642
0.03934432996982173
0.017099629376762036
0.08874552934983326
0.07227241393233363
0.009460141204981952
0.04249503419388489
0.022339170479904132
0.022237390185178892
0.004162663059960545
0.016758915862618223
0.04763777260464555
0.03179254500412168
0.008858853123995421
0.025015240692596048
0.042492693264543295
0.02751430700401061
0.01646734374068722
0.033688458010821536
0.040702279012025624
0.008950002242870004
0.013607109521608892
0.0064212912436131375
0.07102549634013651
0.06444027465352428
0.03771156086833435
0.016390003707328134
0.012856334902199054
0.029739743959173844
0.02430478389487715
0.011224864084921104
0.05484062038072869
0.04000029228080712
0.03464954028371993
0.021197285199729878
0.041766297903199655
0.0324603496109849
0.00620794824780962
0.006064151835357706
0.011901535166053192
0.01846253635583946
0.04256724377723337
0.056256825631383005
0.03418590369393897
0.04556277257472464
0.01839720093016386
0.02822852997501988
0.04049048705797867
0.017887399436003135
0.026583090831398384
0.03772793052047005
0.02751456996627602
0.06066613702173899
0.07183834288941483
0.025251329379685848
0.028804432242052952
0.006819592515577526
0.038105430142474535
0.006396328284323546
0.028958791592407496
0.028753976656445884
0.01734411328536763
0.008450766676709898
0.02352304211863404
0.042025527018321525
0.07857355301008243
0.04222380353871844
0.04007576958418399
0.05341275139802661
0.02156684205489936
0.033092004034975954
0.04746656529002723
0.020969207211117814
0.031163073310343292
0.044228049782241916
0.05872704408910781
0.04434990546028549
0.020557914474784347
0.009630047945072245
0.004837512986829111
0.012031072392570131
0.026549387761809
0.046607348850635166
0.033948081925343036
0.03370797956460152
0.02033231866237347
0.009906743468816688
0.02757581090455628
0.04926607623184627
0.09211093654373738
0.04949851367789189
0.03096013620893393
0.016913877598920803
0.011541650283533019
0.02322644394111949
0.01596452196432482
0.012545409674782494
0.02923758020418231
0.027999352046881223
0.08085473428642904
0.06106045140257134
0.028303905604711223
0.013258541781584457
0.0066602335129235975
0.016564245256513278
0.036552898689933874
0.0641684740916825
0.008740622156493301
0.018390291631426563
0.02696483291989269
0.02839857003395904
0.05483727664060535
0.03563906529266016
0.012615304583815573
0.019539859652050403
0.042625567580870105
0.023286836588248625
0.01589041439725777
0.031977906983167326
0.021979774420057205
0.01727237904618238
0.04025397183281309
0.03854919322191204
0.046775317686858955
0.023905843828190464
0.025191335099753197
0.019150281162621175
0.039907264488394
0.03564846858432725
0.030997561200825006
0.03403847931724967
0.008759474353505043
0.018429956702714592
0.02702299197693611
0.028459821444619112
0.054955552333605995
0.035715933354015766
0.01264251388346486
0.01958200416729736
0.0284964029905422
0.01858659781597505
0.05512226032666183
0.04681254657557023
0.05432700348238227
0.023236067097467054
0.020015590533595126
0.02646427029584859
0.04687620495649849
0.023957405109471357
0.02524566899084086
0.019191585416122144
0.03999333840840391
0.03572535692715755
0.03106441824145424
0.03411189515728711
0.022050648824673714
0.010598449299236007
0.03498901306301382
0.026284376255060787
0.071268538682907
0.028922376315216936
0.04732849937574932
0.0237631404094201
0.020659168754420264
0.013474811574576966
0.039962239395321106
0.03393790787735006
0.039385698371721324
0.01684555877157289
0.014510795018239974
0.019185924138775835
0.07090772581603941
0.08252107303495196
0.057126774194867135
0.025201378451687937
0.012737498518689772
0.005757026722530342
0.022920217420458446
0.017625952826301187
0.015986160616993907
0.007683606688210925
0.02536614623464321
0.019055505526020276
0.05166788131188938
0.02096798860099029
0.034311960559429026
0.01722767354238109
0.04564683714967284
0.03313961823771684
0.04202954919532823
0.035716158939663185
0.043352279639548054
0.03826089161757587
0.05383939491122731
0.022988525849541395
0.05968970818760206
0.06946575584109185
0.04808898384693839
0.02121437274140175
0.01072235163193777
0.004846231368180935
0.019294104749218905
0.014837423829666446
0.0661829279980136
0.03177236708832157
0.021627179421172114
0.00840007726223919
0.009757442102671012
0.00209796702469549
0.036739911924907734
0.038172085198967795
0.03842524009611724
0.027896736488062724
0.03538022828759415
0.03006565335660892
0.03649369502648199
0.03220779441686705
0.04532168722468451
0.019351606384644258
0.02309852041437279
0.02121939656551836
0.014046090182416742
0.023015570018539228
0.03071939279425996
0.057358025642635826
0.06249040736896411
0.0400010061757361
0.07472568950005726
0.035873481417972544
0.024418772983828104
0.009484342628259304
0.011016913438777802
0.0023687684605531423
0.04148222712120724
0.043099262490070116
0.04891461306832158
0.029455171747693635
0.01674733621905481
0.012897552923072037
0.013653337963819746
0.025434309264187317
0.03435410654739925
0.019909868381493518
0.026080031763583505
0.023958354323355066
0.015859131733980982
0.025986374294649044
0.034684591283768273
0.0647616861955181
0.07055654560833959
0.045164256970734847
0.05022472183207218
0.0502462480984687
0.045360395824867825
0.023302522018376834
0.029355351594301044
0.01950848082629529
0.011568258051745852
0.019547228425284637
0.05548784162336635
0.033413407617928464
0.018997871626587656
0.014630747930578765
0.01548809664524084
0.028852214823404946
0.0389706695737694
0.022585390217669962
0.04102306897894581
0.04000090649345835
0.026890834006635538
0.028557807833274537
0.027801213778600405
0.022754099866756836
0.014250887115827896
0.030400232084411005
0.056974005021834626
0.056998424024370414
0.051456002646651185
0.026433954396709453
0.03330017346324892
0.022130063522939277
0.01312282016290172
0.022174018089910978
0.03550943361148805
0.023471987011875688
0.009207380062439915
0.01509015351924742
0.020983794664368102
0.04792199892659065
0.07476382459673295
0.03035660005991863
0.039845839050103034
0.038853009335176304
0.02611915369621309
0.027738290743982034
0.027003408501400848
0.022101130500160417
0.013841932563112138
0.029527843354257677
0.02788665832557966
0.02424284535232443
0.01978344012925982
0.0355179895371869
0.029945336401874793
0.028635568061403067
0.029146598264397604
0.028664881474194694
0.03449042725618212
0.02279841659680093
0.008943157915108678
0.01465711472434869
0.020381627354256235
0.04654679193231854
0.07261834367342132
0.029485463428312944
0.07234610822238814
0.04688950981677431
0.03130172987703658
0.019530783327514796
0.02470851940715684
0.03396919587993389
0.049513309306831024
0.0229655021696948
0.028154217044911833
0.02447544348508407
0.019973252470457913
0.035858767111999666
0.030232647121004864
0.0289103121999229
0.029426245485425818
0.02893990686043859
0.035859986081505146
0.010774174712713048
0.024712179446127844
0.0216402874461455
0.02343262218084022
0.06016820685198037
0.042240054703950355
0.030024334827905185
0.07304023341439417
0.0473393915146894
0.03160205452192597
0.01971817155143371
0.02494558545257502
0.034295113544225785
0.049988365065515517
0.023185844825225798
0.05187310515180419
0.04311693090156559
0.03375119371395421
0.02153430462226092
0.022252515768734348
0.02231001345861526
0.007911913483050596
0.018312550450043687
0.03165030552281281
0.00950937127076595
0.021811163780900505
0.019099887761117824
0.020681816483100652
0.053104932202055304
0.03728140422703257
0.026499713866663676
0.04188552501725673
0.060922042972758224
0.055780447238131026
0.010435871987030559
0.014510410436592808
0.028537192855130917
0.03282709626935046
0.0485234831415245
0.0457836102540586
0.038055342050017905
0.029789068807174864
0.019006346487886613
0.019640245289857913
0.01969099320279493
0.0069831170162602246
0.01616280093719095
0.08137142874502988
0.030708095662907258
0.009064837714659995
0.013885833768081477
0.010210689297699747
0.02626025548422732
0.042358312761678306
0.07796829170786312
0.041756759000619294
0.06073475419469504
0.05560896494217915
0.010403789646762543
0.014465802000840255
0.02844946277060994
0.03272617800647477
0.048374310470657086
0.015694459123790267
0.037916249212521576
0.031986605641268255
0.04147233551240061
0.06681617659848636
0.009172385445144588
0.01858494249032414
0.027001441175065484
0.08112127371549932
0.03061369170938382
0.009036970258217689
0.013843145428821823
0.010179299222311039
0.02617952524405026
0.04222809328362337
0.07772859872697986
0.023310743329941576
0.03657070287597219
0.020064614121995613
0.02019859557463765
0.007922812531141412
0.010712696844941758
0.03248043563734824
0.01664411968513311
0.015171316248769195
0.036652388160248274
0.030920397197552418
0.0400899395557978
0.06458899524435721
0.008866642631408454
0.017965451231033044
0.026101403049850713
0.05644700996084549
0.012412102663922314
0.01887070368904013
0.00890521856730995
0.09850005937508205
0.08936749768169994
0.05229940199036439
0.022730095832041792
0.022533727111139972
0.03535169287421451
0.019395801018264124
0.019525316471677913
0.007658721689074004
0.010355610883425773
0.03139776637507961
0.01608932180674834
0.040359054449709234
0.0411247875708331
0.017394735649088427
0.022322716054076822
0.03089981510281202
0.015488227306880238
0.032132050514902394
0.03808196865050308
0.04618325788195485
0.010155211738989282
0.015439446225573703
0.007285983896658601
0.08058980708921046
0.07311781783591094
0.042789808899859096
0.018597085624568827
0.014587572111861622
0.03374450517141892
0.027577672052482752
0.012736407034373707
0.06222547176538399
0.04538674144541831
0.039315455872665696
0.024051716821243175
0.033020573114779385
0.0336470730875175
0.01423185325188217
0.01826377965575489
0.025281305960896207
0.012672005060040403
0.02628948417701999
0.031157529514117075
0.04226494288711511
0.04336398450974052
0.03400874604796382
0.022303479159427136
0.04302881378838161
0.017035586607363973
0.009041289193203276
0.040605540651579376
0.029615468501722496
0.06529835182925309
0.07732362103660226
0.027179416243368663
0.031003819315369684
0.007340308337990131
0.041015002869833346
0.006884725404149184
0.031169964906013998
0.03094951115034608
0.018668437897546127
0.00909603219807769
0.02531916412951251
0.04523442209726969
0.08457310388970864
0.0454478381910572
0.011162631890435084
0.008035778045190239
0.007743201367945686
0.003702858007888883
0.02710897174707171
0.01468547145939491
0.024096150547275676
0.024274234863323856
0.050203986352459665
0.01964940496801245
0.027566743730059583
0.007469692866867885
0.011707104257941033
0.05475154080741309
0.06888188853225838
0.06284108785435924
0.029913035077423197
0.029701471126481055
0.017915632544143457
0.008729234409691977
0.024298168028768413
0.043410342584040744
0.08116269077901009
0.04361515266704218
0.02728023463759455
0.01490350515308673
0.010169817268083725
0.0204657639822604
0.014066989309244042
0.011054270473592332
0.025762420514655986
0.024671367347509306
0.048179509002201346
0.018857042086218193
0.02645511391026646
0.0071684772638638955
0.011235014905495553
0.05254368317877437
0.06610422418111381
0.06030701898314279
0.06552798689246332
0.013713179602168949
0.02742842889030482
0.0152641501535161
0.04386001220982703
0.03590901599501856
0.058319291396140616
0.022007693351776363
0.03354019468990153
0.018323393146612448
0.012503472043535439
0.025162016293534126
0.017294923097274744
0.013590879578732572
0.03167408972919542
0.03033267400718021
0.03680545153851108
0.01881046286838726
0.01982195972267743
0.015068518614844841
0.03140128088482818
0.02805022066736706
0.02439062507766814
0.026783390533926955
0.08056460903682056
0.01685992513570582
0.03372239488553244
0.0187667948874344
0.05392451231309384
0.0441490113115064
0.07170174353662122
0.027057770195165625
0.025949499736468772
0.021996976833248673
0.009994596281788172
0.026278113533861475
0.027627882070040025
0.04876850160218744
0.056725229649933775
0.05235881015245693
0.039970844044155525
0.020428225881809182
0.021526714864390534
0.016364461848816188
0.03410189655521243
0.0304626338988486
0.026488300791496847
0.02908685211714193
0.01880235497010488
0.009037185592195083
0.02983476127597153
0.022412409559688394
0.06076992895634201
0.024661804302518502
0.040356510710445895
0.020262578427279975
0.02818124390907032
0.023888790754942966
0.010854165145770488
0.02853811959724379
0.03000397276301325
0.052962756611436484
0.06160379000741185
0.056861843761150214
0.03138990897345913
0.013665543374637193
0.03597366396632144
0.03026655083223111
0.05561137636720329
0.043309087288943844
0.026522897406601683
0.025798742534351608
0.014470663449982633
0.006955196380858327
0.02296142106781799
0.017249032706652234
0.04676973662101192
0.018980211292601096
0.031059167079602507
0.015594480240174478
0.041319490888068564
0.029997963480307113
0.03804512390007817
0.03233024665050202
0.039242458741879004
0.034633737215528766
0.04873538948951091
0.02080920045469267
0.024158293426686815
0.010517271870993283
0.02768604172972389
0.02329373483169407
0.04279961274423424
0.03333152828359411
0.020412545274226857
0.019855221393326974
0.04905714069089716
0.08442037475069349
0.04210547150305809
0.016388411301883267
0.01251162378314623
0.024392220032080615
0.07212403068709375
0.0377928942283852
0.03767624778639881
0.027352967833825695
0.034690589944744395
0.02947960774975179
0.0357823527717642
0.03157999377669192
0.04443826801611638
0.018974401080876717
0.02264827952809691
0.020805783929535252
0.013772301040125744
0.022566946017633798
0.030120604370178123
0.056239991766998246
0.06127233210298144
0.03922129872480847
0.04473164960742975
0.07697681866274442
0.038392926520071265
0.014943403990814152
0.011408442546907977
0.022241496839313746
0.0657646740827933
0.03446059999555722
0.020847213637262964
0.03049606577821448
0.015364627289570042
0.01935063653890009
0.020022779654592284
0.022340315833802436
0.02371006664513586
0.012326257753549275
0.024037681441272874
0.022082154435337245
0.014617189120487314
0.02395135837145261
0.03196841030554836
0.059690141349492104
0.06503120020344898
0.041627404116517844
0.04629157950496329
0.04631142003042547
0.041808183163746154
0.02147768093741861
0.027056508083156305
0.017980754462134593
0.010662337546175528
0.018016467702423686
0.022126125727519874
0.03236690510991853
0.016307199661342517
0.02053773825207731
0.021251115269431322
0.023710825126657696
0.025164605914549824
0.013082435549917214
0.04295542959999092
0.011106225870956018
0.006193427026420412
0.022862826698893748
0.031784698464707654
0.1044145666869837
0.04574554987011577
0.04777979264436802
0.04659978355040856
0.046619756171821576
0.042086537268781636
0.021620676882307146
0.027236647221548786
0.018100468270232102
0.010733326170905472
0.018136419285193196
0.02904362997930001
0.019198045035314366
0.0075308365246855
0.012342433842765193
0.017162919985193696
0.03919602942475617
0.061150309553861845
0.024829060052499283
0.043241421940674325
0.011180169853418109
0.006234662155684216
0.023015044785946872
0.03199631735425171
0.10510974693791664
0.0460501185126607
0.04809790504280003
0.022256188918430366
0.04669124618120704
0.02040628488462385
0.015083262629077403
0.031074588879317383
0.07835840358926843
0.028220750863059873
0.0013969460888012552
0.028611101055422073
0.01891214035447375
0.007418684406639496
0.012158625564259692
0.016907323170432944
0.038612307058114644
0.06023963559179217
0.02445929612722333
0.06001380609010102
0.038896604377855935
0.02596595716456059
0.016201516186637514
0.020496642167902084
0.02817872010901261
0.041073144314621196
0.019050744094446632
0.021924741181030678
0.0459959021598271
0.02010238663059074
0.014858636872649128
0.030611814133271523
0.07719146006308333
0.027800476571914916
0.0013761422296095721
0.030683938945029927
0.06362002915782398
0.03394047347703922
0.025545454911844775
0.024072032608606544
0.013898470206057875
0.08279867653181076
0.028383055248786607
0.06332091658636677
0.041040033981603746
0.027396832742683085
0.017094314156421438
0.021626126612696406
0.029731531822103092
0.04333651395449355
0.02010055112821197
0.04497045547154444
0.03737944770231427
0.029259990308716996
0.018668778055450114
0.019291418290445315
0.019341264878478544
0.006859091082806787
0.015875736225431224
0.03237480281724521
0.06712586356340547
0.035810791382149716
0.02695315836501369
0.025398541905264947
0.014664356919383196
0.0873613661873237
0.029947127019012747
0.01896716283084638
0.019232875738834376
0.03326644948903782
0.03843159921681528
0.05253366388581918
0.02490013148191916
0.026837589086089502
0.01090145249999956
0.04630601620468048
0.038489565935586605
0.030128971814430024
0.019223215110735617
0.019864346905133775
0.01991567386833688
0.00706279666281802
0.016347223776312883
0.08229990333126545
0.03105848506683476
0.009168270474490032
0.014044275667912847
0.010327196598444922
0.026559893578595273
0.042841634948858634
0.07885793538869101
0.01953046150394754
0.01980406572018392
0.03425441732708931
0.03957296490429599
0.05409384151617613
0.025639631171403485
0.027634628604137117
0.011225210659450709
0.03546962815030921
0.01470000704724584
0.04007215840456781
0.019778973278410328
0.024405771139135467
0.06843110344381935
0.04833872447316387
0.02455294079257461
0.0860902996353553
0.032488911619513804
0.00959052344338509
0.014691097455430704
0.010802824955635035
0.027783133441370206
0.044814745100855986
0.08248980875362483
0.02473862633167825
0.03881081526788766
0.02129365778807226
0.021435846179294837
0.008408118777237489
0.011368895470234106
0.03447000161897015
0.017663643397478487
0.037103213877709436
0.015377029135081124
0.04191771781552127
0.02068991173858586
0.02552980094937582
0.07158275965578607
0.050565008043024294
0.025683748633989856
0.036404207098309514
0.019545490403138223
0.038920184826883676
0.016926778562763263
0.04074849859101826
0.023822835062142268
0.0157322537105598
0.03250954306498147
0.025544505660977157
0.040075106718766594
0.02198731468019316
0.022134134965030857
0.008682019560167745
0.011739245777223043
0.03559288780566423
0.018239049845002506
0.04575151237864296
0.046619556708410156
0.019718882769272233
0.025305300973927688
0.03502840421932303
0.01755764184805059
0.036425281189766054
0.043170180369008555
0.03759010148091221
0.0201821994299741
0.04018803907327387
0.017478181084975394
0.04207591153117886
0.0245988818031569
0.016244743688727723
0.033568565842146486
0.034547603038219625
0.04299648994860425
0.07415805155983414
0.03300685784846089
0.03262045423090898
0.028072582271528673
0.03490989326624374
0.0341903465702092
0.03613541339156639
0.036821011289156
0.015574348113137118
0.01998660730869608
0.027666098913551804
0.013867358987165186
0.02876937887436203
0.03409662834557598
0.04625180725628516
0.04745452179518975
0.03721680096527249
0.024407372842822014
0.04708773432209066
0.018642558452427453
0.009894156635424131
0.04443587312468964
0.027286353009317282
0.03395944435280388
0.05857143753522373
0.026069443196539397
0.025764254280800886
0.022172258633880268
0.027572496712044085
0.0270041850658507
0.07045006436391286
0.016157304302119528
0.012217175314639703
0.01901582784753351
0.04275712569230548
0.024530908262449594
0.017887857041433284
0.060276137013589026
0.013405733539979542
0.0096505466020558
0.009299177407617536
0.004446937628810676
0.03255644863604941
0.017636478495928372
0.028938208905088185
0.029152078798140652
0.06029234595315599
0.023597901445270904
0.03310620870036381
0.008970708089417585
0.014059616204059945
0.06575371956827
0.08272352366875699
0.07546883991219291
0.04481485307880926
0.006951530190870777
0.005331756943753295
0.009181139434652546
0.042104632670896654
0.022886251733656108
0.04478029715537597
0.11545487507703685
0.050445890127130064
0.01386236565001446
0.018232936855656627
0.005078800896097952
0.017822258269363886
0.04263130481338896
0.03310771677036567
0.018254839071334746
0.050292249053679496
0.019683950223993985
0.02761520831309823
0.007482825195943979
0.011727686301725639
0.05484779848013419
0.06900298850834986
0.06295156761034273
0.0684014823943398
0.014314522047923052
0.028631204540488796
0.01593350486569543
0.04578333617831721
0.03748367746154324
0.06087667533919454
0.022972762032381286
0.042078927762726676
0.011563151752054288
0.015208819408638323
0.004236430271913125
0.01486625602988218
0.03556047065781913
0.027616466254399483
0.01522708891977274
0.04163498266015467
0.030294944724313874
0.02748345827907238
0.0244882845869641
0.026132484955294036
0.0208009541926514
0.02985284480836802
0.03495293137078684
0.06341483597634041
0.01327095606664608
0.02654391507588721
0.01477191081563328
0.04244561159449211
0.03475101963887423
0.056438606975854115
0.021297987780561765
0.0204256346444153
0.017314484542689152
0.007867048465035926
0.02068429648502197
0.021746740048655077
0.03838715990666788
0.04465014076251209
0.04121320015612451
0.038599683864307115
0.02808636426224058
0.025479842509585595
0.022703024789310373
0.024227358663666716
0.019284510395165252
0.027676494582907725
0.03240477153685412
0.05533522343750454
0.025946310360788934
0.011281865725156347
0.006225464365627666
0.038480782429426305
0.05364998364257229
0.061704328731045976
0.043690381675795996
0.0230975014713677
0.019579383415147936
0.008896133053382042
0.023389998735125067
0.024591419998232333
0.04340856467186014
0.05049080285203643
0.04660427780177338
0.02572734088814352
0.011200354009254038
0.029484211522869137
0.024806630418314476
0.04557938789397587
0.03549636455394395
0.021738311617846773
0.02114479032825207
0.06257359572989701
0.029340333956220176
0.012757640813761406
0.007039814177051653
0.04351443390896397
0.06066791057882644
0.06977584043121851
0.04940549816978291
0.04551456311640726
0.02962075312548654
0.0269269119589089
0.024519022717155878
0.01586129715386566
0.02525727052330072
0.02191196723637295
0.020077605217935158
0.02365017165141663
0.010296061922107368
0.027103720767500148
0.022803797331296033
0.04189940779910955
0.03263046571163201
0.019983207880259056
0.0194376062015347
0.04802532105954845
0.08264475964702432
0.041219866441854214
0.016043713582657288
0.012248466598326953
0.023879178074746397
0.0706070447864306
0.03699799567455307
0.0418398168323078
0.027229238299743417
0.024752891977431718
0.02253941044692102
0.014580690710866456
0.02321805373977114
0.020142842923936255
0.01845658328305413
0.042171406635681995
0.02411960019238126
0.02861760416903905
0.016764037191335502
0.03174142663029054
0.03562802299829957
0.06350157708429975
0.03522594928772605
0.04822271253063297
0.08298444234615558
0.04138928644562215
0.016109655718094817
0.012298809683745903
0.023977325176826547
0.07089725062226547
0.03715006313880435
0.022474225724227383
0.0328761185032141
0.016563753213388984
0.020860848890874587
0.02158544913548719
0.02408385645849434
0.025560508900182112
0.013288255395105395
0.04234473761629531
0.02421873546641808
0.028735226932639878
0.01683293996781898
0.031871888785642
0.035774459663715036
0.06376257835280381
0.03537073336822457
0.04530833417787793
0.02407762940995405
0.04200088011553635
0.012890972988222062
0.01159594578652358
0.010111614963296394
0.031235943228496744
0.033544754569747134
0.02594886892481561
0.037958953525903304
0.019124603726565093
0.02408605485109761
0.024922682417317724
0.02780735773120958
0.029512309044195564
0.015342695304308098
0.05037686335267199
0.013025054766654694
0.007263468900210759
0.026812850137721233
0.0372761587108606
0.12245433015107703
0.053649034272495115
0.0560347343159813
0.052313260497160716
0.027800167945526047
0.04849445521364739
0.014883990776336857
0.013388744999094405
0.011674928183084384
0.03606519781927252
0.03873096453361363
0.05104623170914718
0.020102480192362816
0.027415823482455602
0.01245755983722588
0.009288339776309492
0.010794813118731374
0.02487231593115332
0.029074633430691114
0.039679690081734754
0.010259275827085957
0.00572112227117044
0.021119329645924587
0.029360828099394838
0.09645201281281132
0.04225703847843996
0.04413615186608385
0.020422979611897672
0.04284535741082027
0.018725449432545553
0.013840876633620477
0.028515021033311716
0.07190413798111045
0.02589624942621861
0.0012818817091763035
0.0402069227668965
0.015833859649478556
0.02159426583397405
0.009812284461921957
0.007316026031983227
0.008502610336075769
0.019590854254938662
0.02290083913508833
0.04975276002365887
0.07176048275532894
0.04309254210234373
0.010846444870294849
0.029054907259397
0.05472512832283317
0.04637079928943609
0.036221813542014154
0.020517302644160545
0.043043237647013656
0.018811932463157495
0.013904800384124488
0.028646716961134838
0.0722362254852607
0.02601585062136908
0.0012878020485248963
0.028714211787129892
0.059536000068760246
0.03176169608866423
0.02390558799674906
0.022526750679191555
0.013006270731043244
0.07748349186484008
0.02656103119744597
0.04998254193002403
0.0720919067913294
0.04329156395499449
0.010896538910874621
0.02918909663856214
0.05497787499067871
0.046584961692794934
0.036389103102708466
0.028564539961047825
0.011524876801565886
0.014188394788125771
0.023015951538453278
0.013523469646464698
0.016352431934233917
0.020123109633385018
0.021344671709745827
0.03326792090621985
0.0689776531580771
0.03679869749371554
0.02769671048567615
0.026099207090385063
0.015068899998821043
0.0897713890949497
0.0307732732353923
0.019490406673175906
0.019763449757225136
0.03418416528061616
0.03949180510108023
0.05398290099040925
0.02558704710484622
0.02757795301703172
0.011202188985679746
0.03309451303039511
0.013352575816142407
0.01643849391015341
0.026665988989669806
0.01566812009020226
0.018945719849300234
0.02331437911768492
0.024729665417015764
0.06591674280165834
0.06946799983661374
0.03513190439783657
0.015258998695330202
0.019879870764248724
0.009025450477302289
0.017253895271300355
0.03612194676733036
0.01818768427131267
0.018442477385095538
0.03189932440239359
0.036852206037916564
0.05037472925664254
0.02387683038028254
0.025734665814499225
0.01045344408844602
0.03303098587241765
0.013689337904654193
0.0373170785024715
0.01841911012321685
0.022727801889719398
0.06372626184599692
0.04501529360267189
0.022864853192400017
0.061510923110694185
0.06482481710998866
0.03278371743352005
0.014239100046536671
0.018551116909852478
0.008422196952588992
0.01610065941192449
0.033707586203090535
0.05338065222777064
0.055852911193431574
0.026264314887430428
0.03537104749724976
0.013093652202208686
0.019174715108692172
0.032977397306361955
0.04113304587176075
0.032883034825024145
0.013628021179536142
0.03714992936343484
0.018336607994902783
0.022626000444630104
0.0634408217679137
0.04481366293191425
0.022762437872694427
0.03226353419778213
0.017322354977574984
0.034493340584376385
0.015001499621821398
0.03611369900872376
0.021113187595046993
0.013942841942089739
0.028811855497877518
0.05314155178317136
0.055602737107106615
0.02614667283727554
0.0352126149410785
0.013035003648241643
0.019088828505284063
0.032829686290692196
0.04094880440701252
0.03733803007801302
0.012862602502342214
0.0214423932565155
0.0229423741056967
0.029269719389367017
0.03505604277206724
0.07741837305053591
0.03296167384101
0.03439088685913566
0.018464534806249426
0.036767719437025184
0.015990649785877806
0.03849491903336725
0.02250532261486969
0.014862187656992083
0.03071161567592263
0.03160732907159234
0.03933714895431373
0.06784661547623773
0.030197713470350704
0.02984419585348722
0.025683383728936176
0.03193878553888798
0.031280477951563315
0.03979997851705352
0.013710720736927045
0.02285623502848024
0.024455119743305033
0.03119966962539297
0.037367524379460615
0.082523089134555
0.035135059563060254
0.04771273947152166
0.03796290267088144
0.03686494587322634
0.004790609038370327
0.011775055503754519
0.032264131848373796
0.026937218521225006
0.014721448683427436
0.029205977717051163
0.03634852831790161
0.062692002076103
0.02790345697111213
0.027576797682144258
0.02373210122205352
0.029512251941490757
0.028903958950873904
0.07540630326356466
0.017293988289830628
0.013076666928806343
0.020353612085745005
0.04576513613923499
0.026256684425635342
0.01914628730264927
0.06451662902285565
0.044087787445385884
0.03507868972316452
0.03406414965576539
0.004426644861665907
0.01088045142570377
0.029812880224369228
0.024890676529745793
0.013602993825799823
0.07601717154512448
0.03460179161060276
0.027551569100791862
0.010591036811261988
0.04437578260812682
0.017907175491975194
0.0212815699446528
0.023139186107669206
