0
0.016706740692468483
0.01242914090073329
0.022283445191613946
0.027196274085686693
0.04124746382690325
0.02578135832822808
0.01584882212813751
0.01076494439121473
0.08264634425227729
0.010772812289445292
0.0068576917164152856
0.0028831898359546844
0.0
0.025404040400523572
0.04915655160767979
0.07405001688527123
0.03756042259381339
0.0158500633442322
0.01072651742919314
0.03444115830974464
0.05621312982032947
0.030012537520402952
0.014503436531509326
0.014330839845128887
0.22688008989105066
0.026747450934100605
0.022027989977736986
0.0027862299391738575
0.0010797528519653134
0.0009252436915334672
0.00698486562920726
0.0749013734754144
0.07316018758730097
0.009536307686312234
0.00607056509187335
0.002552256983132463
0.0
0.022488161793393115
0.043514357099510785
0.0655505476398609
0.05857378721554812
0.0072322606146437264
0.012348946092027743
0.007980519215525188
0.015436039413128362
0.05305696241511213
0.050078300275638345
0.010764100001695948
0.20083876772075862
0.023677375515215347
0.019499614816877002
0.0024664261541816087
0.0009558186984844024
0.0008190441168205706
0.006183141968688026
0.0663041854250778
0.07655967065968752
0.025843780820039616
0.0024304115256609344
0.0031348589678700197
0.005806561962896027
0.02152139010182882
0.02794455538936383
0.0776710424289075
0.054754724837141146
0.00676071086966004
0.011543783959357578
0.0074601823524842415
0.01442959608418074
0.049597601859742046
0.046813151108256325
0.010062271226264206
0.06439435925958444
0.010495433471225172
0.001993750716456274
0.0055056070809094155
0.010640118431634609
0.002060480449497385
0.11150796187809439
0.08194506565848635
0.07156791288169585
0.024158743609070096
0.002271946559283712
0.00293046340946525
0.005427969022357963
0.020118176562529153
0.026122545831127504
0.07260682223531971
0.11406605905667588
0.006439311918275223
0.0006655163932775243
0.0012947450230408318
0.00713973080032795
0.0043159584172782865
0.025078527701702297
0.12583072029281903
0.0670081882283517
0.010921453209014158
0.0020746789753766895
0.005729084966926106
0.011072011071106466
0.0021441173324542296
0.1160341772851027
0.08527129467805387
0.03998246249590106
0.004300048463223379
0.003743646928876668
0.0008040574942344151
0.0023034973944270907
0.008272604355322333
0.036574840818290946
0.11824887506589346
0.11869611008821994
0.006700689781560832
0.0006925303436908811
0.0013472999686494822
0.007429539339611139
0.0044911473199832665
0.026096489258497894
0.1309383102377142
0.025529087557031177
0.006757538857984177
0.0023822071897764605
0.0026706674664120425
0.003264977249505364
0.008310757010015431
0.049877813429622046
0.09032974302451553
0.05041063149924969
0.0054215809876815724
0.004720059596485503
0.001013770626314389
0.0029042923087053583
0.010430253257612515
0.04611423878215606
0.1490903784817827
0.025346390087430632
0.0065583896056166475
0.010851610596960748
0.009473314140967784
0.005891074633981578
0.016637108994616172
0.09360796830717176
0.03232726346205385
0.032187547865054934
0.008520030532051998
0.003003531080933187
0.0033672271566598565
0.004116543972125833
0.010478356833440268
0.06288687378989662
0.11388941812920099
0.0281095372074215
0.005532272060875894
0.004194250454669214
0.011158087279240121
0.005945949560880941
0.019500668816539043
0.11601942556263396
0.10029188736164507
0.022656412074703834
0.00586235660931421
0.009699943878039173
0.008467924156084126
0.0052658628708042434
0.014871435175327399
0.0836734815540783
0.028896414823467057
0.08453763995764818
0.004478681794408358
0.0037230091691256304
0.007425217743940432
0.023031830369100243
0.01390945567774685
0.03786477991362138
0.06430396013956581
0.025126310137410183
0.004945139528280698
0.0037491203409129132
0.009973894605580963
0.005314913996116869
0.017431089276059613
0.10370644123878561
0.0896480453420478
0.13605505967586387
0.0048103855872031935
0.010811722763554736
0.011693903734276642
0.01852113061641423
0.02185120521997632
0.03193362841957254
0.08575954375024201
0.07505663265224757
0.003976391751385826
0.0033054688031036172
0.006592469825856158
0.02044878035616418
0.01234949196263804
0.03361819513602077
0.05709218658928873
0.05282992754916513
0.04010563512361557
0.006558126812315025
0.018572622654157454
0.019173005131188213
0.039561380152204284
0.038897883216941216
0.021769613442576493
0.12079630611508528
0.004270894528345675
0.009599173861591278
0.01038241707828681
0.016443961502555903
0.019400563867483008
0.02835223006866525
0.07614149833034137
0.10009015146314496
0.04268871936078607
0.024662328400215462
0.008425866972390832
0.005172501588080382
0.027263542727698712
0.015500485946587345
0.04090149388260589
0.062357395290369766
0.04733837540184465
0.007740834125114435
0.021922051120482275
0.022630707921322615
0.046695968266997484
0.04591281480483072
0.025695594405159127
0.02484555114025588
0.018843863851462847
0.02153205229655823
0.030368434092809468
0.030178651496176132
0.00852471447152711
0.009898612443803799
0.006968874829899379
0.11814063408759953
0.05038729884955643
0.029109988072611906
0.009945406738869346
0.006105322137112998
0.0321803112318268
0.018295878381901037
0.048277761116191455
0.01483352082374423
0.058691368056930864
0.05474237645260179
0.047629643602638744
0.03549887283925369
0.012918822468155448
0.015689156311271893
0.016099080139154873
0.03500517704982258
0.026549332180216437
0.03033675118060984
0.042786429093225394
0.04251904225368127
0.012010566305832327
0.013946266644957203
0.009818526297990893
0.022398362746437025
0.011672083520355666
0.018908249084664486
0.010895748200021286
0.0188501631974233
0.03071723112671472
0.030773677586411058
0.020538248867509545
0.020899114685610037
0.08269092999914864
0.0771271512164825
0.06710594173251846
0.05001476207117922
0.018201474590768527
0.022104629168341237
0.02268217546992982
0.06481339406928797
0.06298139068322454
0.07763402512604152
0.009586758023730197
0.009510932392547786
0.0048951884106549545
0.015191720574952172
0.01683446806593674
0.022250513867581992
0.011595037511148525
0.01878343802325224
0.010823826686208134
0.01872573555391544
0.030514470405539326
0.03057054426899388
0.020402678375010495
0.05779298046936448
0.02555693967357388
0.008835332397169491
0.006530949273364626
0.0044264162918852285
0.004988079652200037
0.03436513317490746
0.029091745008032136
0.06438556870738925
0.06256565815372407
0.07712157233179813
0.009523476995482342
0.009448151880104845
0.004862875865024153
0.015091441867963068
0.01672334578178383
0.01689940896293783
0.03816313001189597
0.2572885639903181
0.05676409509665303
0.0163689366499198
0.00306701707798559
0.006481633705656628
0.009991214488853921
0.053745359490704164
0.023767019784809034
0.008216536196077602
0.00607354411663543
0.004116405364990468
0.004638731761167215
0.03195831779969169
0.02705425954796373
0.030048178091514992
0.02775755885848127
0.03752339077450725
0.020452965975005476
0.02639790525958481
0.023757467256356444
0.012090209126621627
0.020579101399614632
0.015715832658517837
0.03549031604049377
0.239268960558918
0.05278853370006308
0.015222512796287637
0.002852213782396006
0.006027682441161546
0.009291464293606293
0.017078316780416145
0.06219623826805956
0.07693501682471747
0.0593976024510608
0.02235626882157111
0.01401021867772774
0.0027680770215125954
0.010423712428636982
0.03047377817081131
0.028150714783451568
0.03805486919028536
0.020742660209188187
0.026771803155740737
0.024093966192078615
0.01226145391714862
0.02087058220623286
0.0282192107208141
0.02007468760690856
0.02659753278071939
0.017279370653831626
0.02459168412051276
0.03366292800798968
0.006387231351898328
0.024825151537843385
0.017320212743421142
0.06307718099471006
0.0780247184752315
0.06023890551563234
0.022672921290624374
0.014208658335601155
0.0028072838511668283
0.010571353088336169
0.005564941513207902
0.033202073979435434
0.06140469081215557
0.06839740461214551
0.07369849343322087
0.06425585444131983
0.027130894499236634
0.014366705001471738
0.026005149581092346
0.018499640517100093
0.024510707450100526
0.015923642335913833
0.022662236386831812
0.0310217563080042
0.005886093284410856
0.022877386100622926
0.04116584316618151
0.008290738929789298
0.024831408863162627
0.037416866589947445
0.06237826514987495
0.05586093577028062
0.015556632082008078
0.012496012145204021
0.005128319778067375
0.030597060590389302
0.05658691822918444
0.0630309881978877
0.06791615699649767
0.05921438139213884
0.02500222195091677
0.013239502558983046
0.02320770660933349
0.008209064857015464
0.004482396686549071
0.03140823763466007
0.04707037047312126
0.08259400545674277
0.04616231474432439
0.010766962873068614
0.04049131501953817
0.008154889975061492
0.024424530662432074
0.036803767774693436
0.061356158171219935
0.05494561931914463
0.01530172691308129
0.01229125715260711
0.0692245667860717
0.010601375310719252
0.029713586083105658
0.015547000634522076
0.02320233355354401
0.007681603873666724
0.0831884310172706
0.05421156446491998
0.022827433787911088
0.008074554183170539
0.0044089498068801015
0.03089359397157472
0.04629909294507749
0.08124065090015846
0.04540591627864603
0.01059053943671556
0.004887393462177205
0.0023181607595695332
0.00010615114601685421
0.0
0.011955596493719346
0.010522594659127095
0.12381263268586214
0.04951693771159804
0.0320100018557498
0.01350785007265047
0.009141426509688936
0.029351680978975087
0.04790634038719864
0.02557749128951752
0.012360218502036524
0.012213126966057796
0.19335331172875073
0.02279489672669871
0.01877284522836916
0.002374500055230767
0.0009201944069940711
0.0007885175468682115
0.005952690260463533
0.06383296401838495
0.012893486419057751
0.06575248086464945
0.09719051494782042
0.02061418280168942
0.016349847998830366
0.002687629957582358
0.0011529026994924812
0.0008041332230881717
0.1518009918127604
0.09108060511417494
0.04083405771566953
0.001979977380691154
0.0011805232518850718
0.001672906942250992
0.0
0.0031476497688881677
0.18845226863540301
0.022217100721204436
0.01829699858976564
0.0023143121691697904
0.0008968696839644376
0.0007685305166875058
0.005801803827606303
0.0622149513521778
0.07183794137722227
0.024249895480459013
0.0022805187012760867
0.002941520160930968
0.00544844895882466
0.020194083218615305
0.02622110720403996
0.07288077057590589
0.1479532004517778
0.08877193004343716
0.039799012208812636
0.0019297896989811326
0.0011505998164990545
0.0016305027602805543
0.0
0.0030678643903903394
0.054004704065604155
0.02800319912790274
0.01794072850071512
0.01307864925549473
0.008196299670805773
0.009967110614495468
0.016570345323637062
0.04091889166254743
0.07895088758002107
0.026650969323461563
0.0025063214807777372
0.0032327711942711874
0.005987920491413746
0.022193575754107096
0.028817358173159367
0.08009697124071655
0.12583315961953853
0.007103593927530366
0.0007341713322724727
0.0014283114407410992
0.007876268303368034
0.004761194424739655
0.027665638713294628
0.1388114680439739
0.05935191401277714
0.030775901756686454
0.019717107865409277
0.014373615770071178
0.009007846292309381
0.01095399192316184
0.018211037868401444
0.044970425844819216
0.10126543566932157
0.028446439890054426
0.024426592691649186
0.004967155161828938
0.004831388182568113
0.007985769008284804
0.016253229972807835
0.04181151073808915
0.14516286183712243
0.008194803555493
0.0008469501361459647
0.0016477197024979374
0.009086171331713029
0.0054925793053903675
0.0319154609350694
0.16013481675260038
0.03122154051312007
0.008264328787788114
0.0029133896039213163
0.0032661704933003096
0.003992998936688263
0.010163882124781594
0.06099952335624665
0.11047138778772737
0.11682119793691664
0.03281620390049237
0.028178852941231892
0.005730178441519198
0.005573555788856962
0.009212492849403288
0.018749949409863936
0.04823433326180397
0.02517776869098552
0.012909091156634892
0.005359910737373694
0.009170994840863957
0.01427203629285414
0.008366721000386332
0.013094895992555365
0.05255716664053882
0.03835642814747868
0.010152930576975446
0.0035791705717230825
0.004012570545359321
0.004905497111639371
0.012486578433079026
0.07493941029787149
0.13571680892080276
0.033496849423745347
0.006592555502672116
0.0049980963716626655
0.013296582106340554
0.0070855160528729205
0.023238054834907547
0.13825504132721622
0.11951325361874995
0.03093150625619517
0.015859135047825258
0.00658478177873961
0.0112667920568069
0.01753354657035666
0.010278721921055169
0.0160874008451341
0.06456776804577459
0.020089077807583167
0.014550589420910438
0.01008371622729259
0.010548675579398873
0.01848248219207651
0.030347345364289954
0.05093410513085775
0.041228932109972236
0.021785964286729485
0.0042877220159602
0.003250704198392042
0.008647943549549265
0.004608337868680609
0.015113762680244062
0.08991948331355225
0.07773004088208973
0.11796760666079774
0.0041708825543856345
0.009374389025554776
0.010139290955741677
0.016058891574305866
0.018946258879278022
0.027688302997528984
0.07435848507685268
0.013065704363201605
0.009463535434771478
0.006558332660670501
0.006860736857304816
0.01202079311618049
0.019737563194071356
0.033126954159777816
0.02681482163188525
0.17187643509497633
0.11554893241833074
0.007147860933714147
0.005128251445951113
0.0028252809888085653
0.0
0.020227799147165822
0.04554888013083444
0.09769755682178052
0.003454211260941657
0.007763613507282967
0.008397084439709351
0.013299536342945336
0.01569077525443722
0.02293069794302014
0.06158167082143131
0.08095084671343321
0.03452575430101342
0.019946381704271043
0.0068146671349672665
0.004183412424306947
0.022050190113137514
0.012536472804798882
0.03308028325704383
0.1423433793337837
0.09569447673119053
0.005919663622011815
0.004247078085408696
0.002339820716506469
0.0
0.016752111978012327
0.03772234116392791
0.1598891603205697
0.0575520256762514
0.004479610332545
0.0002718573087334889
0.0005796097390666896
0.0038119039878572653
0.005997198539923297
0.017496564635279117
0.10778329143317272
0.04596986429245987
0.026557926934098294
0.00907349686444175
0.005570070960596974
0.029359076076554212
0.016691885961947036
0.04404526889765305
0.01353307192121696
0.053545919037485325
0.04994313396490013
0.04345397159012042
0.03238670070066967
0.011786234413014489
0.014313694184039563
0.014687680152096514
0.2128869636761623
0.07662855927859587
0.005964448373084501
0.0003619687344245806
0.0007717305989952465
0.005075420148388809
0.007985065311291988
0.023296079061896843
0.05221694921986676
0.00976463842894385
0.024245198187946498
0.014357807875621204
0.009038232792296303
0.01157514530229975
0.009276813647300725
0.017853634746139303
0.01717335858168288
0.06794933726575537
0.06337743220942903
0.055142737750875116
0.04109846069304162
0.014956635941994374
0.01816396190621555
0.018638547068501623
0.05325889034018242
0.0517534844153378
0.06379394398686572
0.007877694134608672
0.007815386196039649
0.004022506559043841
0.012483440989297958
0.013833330309789737
0.06626288533857572
0.012391247023362723
0.030766959991751157
0.018219941823288597
0.011469444158017263
0.01468876557138699
0.011772201329306056
0.022656117788094298
0.0467291582889811
0.0581237804541534
0.048473091404170186
0.024813310792809424
0.01901611064850801
0.05598530918111552
0.024970587537769918
0.022321867692750755
0.0496584528133031
0.048254816188389005
0.05948130982474055
0.007345141815054937
0.007287046052872119
0.00375057480314744
0.011639528374608321
0.012898161716321938
0.013033953406121715
0.029433955915127177
0.19843813250110218
0.0437802630999125
0.012624817712306736
0.0023654885077882834
0.004999069014801219
0.00770589222403501
0.04357014738904512
0.05419446388344484
0.04519618615472394
0.02313586736929996
0.017730572817042496
0.052200558750865766
0.023282511803090537
0.02081285221012101
0.04153536606301781
0.028237548255133492
0.04989879217301126
0.02319438048261661
0.01933245365229372
0.013909891903222569
0.016297753902983256
0.014773981502949356
0.014116005766216686
0.03187750320062967
0.21491206354222495
0.04741481169286584
0.013672904457419251
0.002561866563077914
0.005414081579078357
0.00834561975779605
0.015339792894712939
0.05586483879701201
0.06910325177922275
0.05335109611543139
0.02008046448785174
0.012584018418748743
0.0024862946842225285
0.009362608265510832
0.044983547859861445
0.030581772204745904
0.05404128863239987
0.025119930878582303
0.020937394720371042
0.015064662899678543
0.017650760356626653
0.016000487464353015
0.03887682580138071
0.0294476312091234
0.028146589883302684
0.02220693776384594
0.01849344694486989
0.026660888259825866
0.011096576993399264
0.02420396278633589
0.016669482180032794
0.060707334265129476
0.07509328398515054
0.05797569446246705
0.0218210863239487
0.013674830698453322
0.0027018125484107643
0.010174181145193433
0.005355863392762269
0.031954652563407716
0.05909768052083805
0.06582767395716449
0.0709295977583748
0.0618417242582202
0.026111570861342862
0.01382693945828042
0.0422467603937284
0.03200022106255732
0.030586402418126366
0.024131887299150823
0.020096502372019768
0.02897191668762289
0.012058454355963614
0.026302019142126973
0.038782266182050475
0.06609814357783628
0.028173755410298994
0.014773072950412287
0.007463751348858982
0.008832713086289929
0.008486984757834473
0.017231660879448857
0.005517696796458211
0.032920198136367235
0.06088338304681118
0.06781673076325684
0.07307281489933734
0.06371034113531573
0.026900561184368912
0.01424473590138148
0.024969793997463765
0.008832353055905092
0.004822730817918541
0.03379296527496794
0.05064427407167629
0.08886510573392216
0.04966727255799998
0.011584464137044045
0.03995411573813975
0.0680953729260754
0.02902505694631411
0.015219457875360987
0.007689276945116407
0.009099603392819343
0.00874342849617403
0.017752334788948474
0.020681407251247706
0.017012164627971275
0.0035098872361333908
0.01007971541622363
0.024250473452038894
0.02163333089196929
0.042776955190730104
0.046231915209927005
0.026318052665510717
0.009309261138049646
0.0050831369962625154
0.035617636249650905
0.05337884134568018
0.09366342922448996
0.05234908606240357
0.012209974070727724
0.005634741063306481
0.002672638436904835
0.00012238307105967233
0.0
0.013783766545669787
0.012131639631055988
0.14274523443838386
0.057088737465478566
0.021798111962417373
0.017930746432219792
0.0036994056554869852
0.010623975560410257
0.02555989198545871
0.022801435278284533
0.04508672196871858
0.04872823457998377
0.03901315061923092
0.016184611794004364
0.0036796420292427323
0.0012238308073103657
0.013416765352720407
0.003062499124266283
0.031210683902754874
0.1738716480049533
0.015116132140881625
0.0770872328117337
0.11394471743655418
0.024167762006251738
0.01916831916527587
0.003150937478365605
0.0013516460160339682
0.0009427538575685066
0.17796923010419297
0.10678154981745752
0.04787324329640517
0.0023212960986444663
0.0013840279417754353
0.0019612912734825873
0.0
0.0036902578785363307
0.004689700126287545
0.01354666227907337
0.04145025203220255
0.03669511361465009
0.06629550275844916
0.007953157743639708
0.0019630157601691436
0.002948144713320651
0.012922501321622062
0.0317127521733813
0.07364073679259138
0.04813648346159417
0.019814366354867982
0.012491566627024924
0.017331622743663094
0.011497962544554237
0.17877020937051577
0.10726213743015621
0.04808870456052143
0.0023317434666806245
0.0013902569830806348
0.0019701183816538126
0.0
0.00370686648018259
0.06525328430423144
0.033835954584646256
0.02167758305017378
0.015802786682200757
0.009903497888110952
0.012043149089925853
0.0200217642727765
0.04944184247036448
0.012980661126109549
0.03185548053689695
0.07397216882324671
0.04835312948059338
0.019903544111136758
0.012547786940313232
0.017409626511287843
0.011549710982178833
0.051486946767288294
0.03343526416114212
0.017901485319532336
0.021831269555501614
0.019307771823568423
0.009969448402149951
0.02084857626971801
0.025147168266991312
0.07528964263014419
0.03904013347206509
0.025011729269035724
0.018233352919312655
0.011426717056997387
0.013895459834552202
0.02310123533237361
0.05704630334335891
0.12845817340764695
0.03608514281377701
0.03098584881408287
0.0063009819184949665
0.006128757525742929
0.010130182063399154
0.020617698630153947
0.05303912693732977
0.05940595731784523
0.03857781438556064
0.020654844374920794
0.025189053708511606
0.022277426432719318
0.011502811167603688
0.02405521612331451
0.029014958130760375
0.06627908494885099
0.02146181234893785
0.019558169564448714
0.02480756391248345
0.019494680177384125
0.014316820168654881
0.018329124295089896
0.030284105545624863
0.1364941379694637
0.03834252294901678
0.03292423215227346
0.006695152768496009
0.006512154525547271
0.010763896383840994
0.02190748106394552
0.0563570983295083
0.029417758884191476
0.015083009766306226
0.006262531189640396
0.010715410021750407
0.01667547778369788
0.00977569474330699
0.015300104534699353
0.061407906111283134
0.0704253090754265
0.02280440004805703
0.02078167098397424
0.026359451964270534
0.020714209888057125
0.015212438224410024
0.019475740266477422
0.03217858989407249
0.11095584719735525
0.04879156469464028
0.022892706932042203
0.01283592790814099
0.011680660485812087
0.01742660653750843
0.01569494764650715
0.057135283179082175
0.03224257300342006
0.016531342357379998
0.006863885174362601
0.011744347733896454
0.0182767256990714
0.010714397132053596
0.016769283457724573
0.06730454565130714
0.020940576007437584
0.015167332549559633
0.010511125902222583
0.010995793080398138
0.01926588302640718
0.031633651793861295
0.053093004570918145
0.04297646685546013
0.12161028368954126
0.05347673127688256
0.025090958743934848
0.014068486463368045
0.01280228551483388
0.01909998092306873
0.017202041027989442
0.06262164790406896
0.055712238815725436
0.03171901452464181
0.03930691065848792
0.004273880143225081
0.008423451714626523
0.01998027949788759
0.08410127980852133
0.04547951211255696
0.013417814156051493
0.00971856979104773
0.006735074234671911
0.0070456279712065575
0.01234474342581328
0.020269473996155588
0.034019697837631
0.02753745862317534
0.17650836111096033
0.11866287939943895
0.007340489801069995
0.005266453528603587
0.0029014199458872133
0.0
0.020772921397717987
0.04677638431289619
0.03569798970102137
0.020324170736926196
0.025186165942941884
0.0027385172913421733
0.005397383033742171
0.012802497743777527
0.053888457621988295
0.029141301615458966
0.06108668137949752
0.1414815956406526
0.06654599584988649
0.006291646342838039
0.004224534689698762
0.0040119819808398715
0.003821566386593531
0.0180420912090203
0.15008548012794068
0.1008993291645425
0.006241635972560349
0.0044780779869972726
0.002467084294989956
0.0
0.017663264572926125
0.039774071064184624
0.16858558161454681
0.060682298301356186
0.004723257735574438
0.00028664371253880715
0.0006111348935356358
0.00401923463456361
0.006323388038837612
0.018448208242391816
0.051942150765882995
0.1203021379686696
0.05658421887132904
0.005349801880299787
0.003592131915054129
0.003411397840131034
0.0032494870065227412
0.015341233155043809
0.057904306759194356
0.018829085031792297
0.00608588330151197
0.012213925001387694
0.006557412803795436
0.005085335866604182
0.00958732981647177
0.03867542633647518
0.25109290025066044
0.09038076761036899
0.007034863077249175
0.00042692975538410595
0.000910229874895781
0.0059862846603804636
0.009418111720326791
0.02747692932958745
0.06158810758277504
0.011517057412459605
0.028596382911563013
0.016934543846543585
0.010660286782099567
0.013652488412575804
0.010941684749325357
0.02105775220338703
0.0862432017134938
0.028044210687653927
0.009064370002042021
0.0181915311064648
0.009766670336081322
0.007574145542374011
0.014279456322555456
0.05760353213040361
0.029539648023923535
0.035363034716379596
0.04568292419709533
0.02583093658502841
0.012453716704501742
0.010500291383780287
0.018004802615588924
0.0241821402495339
0.07093319077077485
0.013264600303849019
0.03293546049769091
0.019504110069764265
0.012277827419352683
0.01572405133188211
0.012601923360519702
0.02425295422885039
0.05002269796332534
0.06222042982593909
0.051889546044556784
0.026562189363284822
0.02035639404255642
0.05993123595831391
0.026730551204111493
0.02389514569610981
0.03402185212082301
0.04072885149781808
0.05261463136668442
0.02975039864816462
0.014343383771263526
0.012093555088916576
0.020736764756170315
0.02785142188790942
0.017614735026311872
0.012575637270562056
0.02537121687875999
0.03381825494511129
0.026588125120332096
0.04368810432366971
0.06489781109439002
0.020202870376055327
0.04536207555644105
0.05642334287902252
0.04705498911690724
0.024087386124699184
0.01845978570152568
0.054347433553566145
0.024240061667109954
0.021668831323208466
0.04324360890476996
0.029398886031771307
0.05195100123293141
0.024148305731961747
0.020127547777982438
0.0144819700025747
0.016968038628514974
0.015381597386442507
0.015973567474430767
0.01140396322597131
0.023007376728399396
0.030667402968385295
0.0241109054433024
0.03961767697338015
0.0588512721258999
0.018320565858473026
0.07812150779492286
0.052772546899549605
0.018612267939073716
0.004912200137594231
0.025618654797123757
0.018879811954568247
0.03765223717469645
0.034133110382246624
0.04559252483937173
0.030995781240301223
0.054772887234242645
0.02545999875583384
0.02122084038000082
0.015268604859493873
0.01788971231216215
0.01621709840302529
0.03940313137477007
0.029846286503350784
0.02852763197771567
0.022507570206749955
0.018743806998645675
0.027021817265561698
0.011246799914041176
0.024531630497111417
0.0823649291730671
0.055639057800497965
0.0196232532348996
0.005179022113589748
0.027010214567459858
0.019905329765536113
0.039697439740185705
0.0359871602385142
0.06944607005349468
0.05626093902550541
0.04153417857237301
0.002145875328810826
0.015164559830799687
0.009778107810278712
0.01800566308789286
0.07301200256259023
0.049504363831573105
0.03749756363346563
0.035840863997482146
0.0282775227654385
0.023548895960179415
0.033949024522482024
0.014129985497601796
0.030820463225628716
0.0454447014965472
0.07745319446445696
0.03301374650587981
0.017310950506778937
0.008745954929532552
0.010350091655986602
0.009944970392267615
0.020191901145754046
0.08724899262200261
0.07068377303657435
0.0521817179435851
0.0026959835248694768
0.019052087004695496
0.012284785237508512
0.022621524367033265
0.09172907362495897
0.03596090537011246
0.011467125010903016
0.006747122686425983
0.011675120056462984
0.01032730753004295
0.025853853296995525
0.03849446766764514
0.024951873101510025
0.06015261573148139
0.10252047192234641
0.0436984542097962
0.022913539301387693
0.011576532549586632
0.013699838829736327
0.013163602417159343
0.02672689291623765
0.031136735732660174
0.025612535347646317
0.005284284091273778
0.015175439048348194
0.036510116265056014
0.032569897145650166
0.06440252024635576
0.0696041090830221
0.04759944395825533
0.015178393555475688
0.008930789836535263
0.015453704991960124
0.013669680753491282
0.03422130306368993
0.05095297900847083
0.03302740220595037
0.023746316868247526
0.012713179332547288
0.03349811045022183
0.03653982048185205
0.016180084936558783
0.019577620776214187
0.04236806249061457
0.0215953988401901
0.024491156255362072
0.020145997662729252
0.004156448141779992
0.011936512939825292
0.02871768479606546
0.025618434991516687
0.05065695389957507
0.054748356610146195
0.04383302413883002
0.018184137096953372
0.004134242821458897
0.0013750287907338613
0.015074337505080106
0.003440855093947192
0.03506660290657184
0.19535259324332716
0.018678090147374076
0.009999778531994952
0.02634853776387395
0.028741049178935937
0.012726735127556543
0.015399127694543342
0.03332535714738312
0.016986247111227745
0.016431982241049855
0.016538828104039702
0.00857737059654711
0.004457058258103619
0.06881564377825672
0.08119133942679413
0.0887996299959582
0.01605076077324477
0.005527329997338586
0.015966238941211634
0.0488537039224734
0.043249247665343556
0.07813657829237315
0.009373675541336748
0.0023136310647266407
0.003474714431972033
0.015230596258228571
0.03737698395757668
0.08679374854230253
0.05673416675668882
0.023353421025283493
0.014722692085211377
0.02042723323749911
0.013551619841224242
0.008434677399352924
0.023050608453075543
0.0605758286143817
0.0806089966271317
0.07411905782512007
0.029982010450067053
0.00514295079865913
0.002700609713635056
0.01306029170942389
0.021081936210055226
0.08838128007560285
0.05737495461759291
0.012311209297259058
0.011008177287235221
0.021245767383346187
0.01583598933979925
0.013636837951380418
0.03346578588907463
0.0777114870617613
0.050797396585807945
0.020909675020772386
0.013182081828584281
0.01828968903987126
0.012133552792041534
0.05408962939989277
0.035125428111668626
0.018806411477798386
0.022934847640576777
0.02028378624187568
0.01047340740228642
0.021902478875692695
0.026418366157274133
0.011693638162258341
0.0188758826590614
0.07913289630242888
0.05137113119686362
0.01102294114595459
0.009856260862078216
0.019022570229506736
0.014178881559542238
0.10961029411668195
0.048222548343151275
0.024048219340737066
0.021959187132754743
0.005876126436200413
0.0052881678554658985
0.024210411282350602
0.09546991686205508
0.05251368149697992
0.034102018534164474
0.018258470494312718
0.02226662111649443
0.019692800673187724
0.010168255664049183
0.0212643313040473
0.025648644323239482
0.05858938924749379
0.018971814089451873
0.017289031833560897
0.021929391745106913
0.017232908481606315
0.012655783499350079
0.01620258032710414
0.026770545326539847
0.106416703865328
0.046817542896124616
0.023347553773986153
0.021319387317235868
0.005704920435399099
0.005134092533920265
0.023505020113795957
0.09268831867143561
0.14653397271017113
0.04050084540747085
0.013412358078048681
0.010897285676595777
0.007653014656190364
0.014237538904396921
0.013960395135502988
0.03431471852605479
0.05565203337054198
0.0180206696872345
0.016422253054751743
0.020829970355879454
0.016368943424868946
0.012021290794839837
0.015390270365234401
0.025428414615602628
0.08768038922300714
0.03855644827456704
0.01809045223727099
0.010143306400269532
0.009230382027151205
0.0137709880338903
0.012402583128699398
0.045149886139827226
0.1391875498946828
0.038470351527826255
0.012739934806013575
0.010350954565517665
0.007269333790670493
0.013523745517722403
0.013260496242162106
0.032594363673016866
0.20494012585038004
0.038233822129522206
0.01951102996926117
0.002042711451195759
0.0017362266587385834
0.0028262415369861714
0.012617283047917838
0.03553748822867776
0.09212365690873378
0.040510324417373005
0.01900719910117469
0.010657325851530314
0.009698138369836226
0.014468842898287473
0.013031093076290145
0.04743788955629348
0.04220379246363627
0.0240281621167088
0.029776234721144833
0.003237600111094705
0.006381032526217819
0.015135697060809538
0.06370939374210143
0.03445217660152639
0.21532561622934843
0.0401713489570759
0.020499765646028834
0.0021462273441199696
0.001824211211227842
0.002969463388584133
0.013256673070536138
0.03733837636886113
0.08553109487317258
0.029195892002342034
0.007490228315262674
0.0035395668465622353
0.00686902170222695
0.00303615980994775
0.009628803163141039
0.05531892853340028
0.03685247478580083
0.020981461306305828
0.02600069508498696
0.002827081868612325
0.005571936230196221
0.013216534859505951
0.05563122860397935
0.030083741185526532
0.06306224535724407
0.1460571583909903
0.06869811590773646
0.006495120317769068
0.004361157573234725
0.004141730837738417
0.003945157138643373
0.018625578553083506
0.07468600173625138
0.025493938128719796
0.006540489231292324
0.003090760103561378
0.005998049803286016
0.002651183609581253
0.008407899031653067
0.04830464988925318
0.037505301736125866
0.1581181408243134
0.05919666830373973
0.02356783506378544
0.005584657105493792
0.011268180594043352
0.01536603284098713
0.0076687389713249515
0.061061472067850925
0.14142320887685697
0.06651853358298429
0.006289049900048138
0.004222791304575369
0.004010326312177054
0.0038199892988250972
0.018034645581106436
0.06807038518141562
0.022134848726501906
0.007154362839121382
0.014358285695033685
0.007708677304508538
0.005978152413708837
0.011270547390930963
0.04546555023493662
0.036315372555850475
0.15310153301186338
0.05731853802004562
0.022820099320833044
0.005407472917017889
0.010910675487383994
0.014878515343029006
0.007425433202394021
0.07154667198470942
0.029237683883421392
0.01265441701780182
0.00489157492754511
0.01909079411886011
0.004881032864765465
0.023378250670257547
0.03862105468418921
0.08948483498955583
0.02909831170384764
0.009405073533930502
0.018875298306726417
0.010133771312491565
0.007858835833783438
0.014816179911888848
0.0597686828073573
0.030649958217596786
0.03669222922448675
0.04740001359409013
0.026801847009528278
0.012921816005987276
0.010894967060027636
0.018681551230297296
0.02509107717397351
0.09405473642525455
0.03843564732022498
0.016635404893171984
0.0064304289459188825
0.02509661957976088
0.006416570426596978
0.030732878887008576
0.05077095856482432
0.021403981287034853
0.008624704802951313
0.005313889257342233
0.014857251159355076
0.02180752821085845
0.06436984481441475
0.12174977243614486
0.02472526503278843
0.037143281485712255
0.04446563315838182
0.057441906930270605
0.03247993164442103
0.015659357373655834
0.013203111906881396
0.022639316863352445
0.030406727984300056
0.019230847840235394
0.013729424057922254
0.027698969674436403
0.03692100472134622
0.02902752654425277
0.04769639085809924
0.07085204111536761
0.02205643885971449
0.02593850524085932
0.010451884989627017
0.006439659169128907
0.018004822649285813
0.026427545287108632
0.07800686866061542
0.147542976610678
0.029963416993972914
0.029818839353478704
0.03930538735213127
0.024691804129904567
0.014505932649393684
0.010511350773061676
0.007439910173891081
0.0024581707436066723
0.007840929325691453
0.020492469149335685
0.014630129741678365
0.02951613398626032
0.03934317178838453
0.03093184955397897
0.05082546678723508
0.07550022124798644
0.02350343035480933
0.10022198178019051
0.06770183248056358
0.023877654578488564
0.006301855232786658
0.03286613925899153
0.02422088645154305
0.04830400659971754
0.043789323368040235
0.03177507568031798
0.041883979552426225
0.02631168623334681
0.015457580433770554
0.011200937848623506
0.00792799833782188
0.0026194366751613124
0.008355325966059268
0.02689056951828353
0.01654378016281746
0.023918061944617607
0.01166852512687403
0.01809596170079676
0.03576740453599799
0.052348689497177935
0.0372083439782823
0.07718412210811655
0.05213932524886396
0.018388937974540883
0.004853258288804056
0.025311254684147234
0.01865327170982201
0.03720044522648612
0.033723544693851436
0.06507786754329517
0.05272208974450096
0.038921652003783044
0.0020108983892854347
0.014210699255709643
0.009163058534647146
0.016873095289056242
0.068419500602106
0.020709279185958315
0.012740889029886753
0.018420056966861467
0.008986300731804979
0.01393627318846501
0.027545610954407763
0.04031538361725639
0.028655324052155113
0.04210735463101291
0.019034725986005283
0.006206570336963789
0.001963338876926556
0.004084890875953055
0.008719622858533645
0.07152106337305825
0.14020022438114715
0.07614188717621442
0.061685478651391894
0.04553880063160211
0.002352775283823476
0.016626688923135083
0.010720888613475064
0.019741724280656767
0.08005163801706687
0.03138295488760886
0.010007319426580253
0.005888190097273036
0.010188835966958564
0.009012604743682725
0.022562566301926528
0.033593985740978216
0.021775411376512326
0.049266110993425684
0.02227085817605118
0.007261761889077523
0.002297130082760667
0.004779371419892354
0.01020206354290741
0.08368050373579498
0.16403594754863915
0.022740135457723114
0.009737168897673612
0.025625989338867495
0.011861954790003309
0.011545014686532113
0.03877660343267374
0.03543221366388537
0.04321534072616134
0.05407575732093449
0.017243544423488757
0.01014590053422234
0.017556314346601026
0.015529558280737897
0.038877405402070936
0.057885569630963585
0.03752106407369324
0.02697720732535281
0.014442916622455965
0.03805581621929623
0.04151137703751375
0.018381524524294677
0.02224132430925664
0.04813260145244428
0.024533638417185262
0.039183373613506975
0.01677804987418341
0.04415596891880299
0.02043925407512793
0.019893136726332732
0.0668157031249885
0.06105300773281487
0.07446406133579511
0.03947614017633884
0.013586199771219982
0.023463591730069087
0.04014908609473849
0.010809136059174296
0.0055498435008377485
0.01766048449446347
0.02341130242064082
0.02548437518203808
0.013643691931879698
0.03594992938649374
0.039214270550267404
0.017364349902694504
0.021010560745099934
0.04546909763891059
0.023176025541251435
0.022419786879247613
0.022565567311700698
0.01170295938359198
0.006081207658893462
0.09389202378837068
0.11077741563291017
0.12115816279863675
0.021899648533392276
0.0372916571704254
0.012834383043885431
0.022165191806391933
0.037927364419692855
0.010210993132221546
0.005242732958649386
0.0166832099158947
0.022115796019666917
0.01506661161868471
0.004788461723887063
0.006842012288088638
0.005937428123483879
0.020453810846228083
0.051560921003497615
0.06633440931010841
0.03273581109433246
0.011640343968838148
0.03181117645416905
0.08359815650126534
0.11124509015539956
0.10228859823338246
0.04137691318732053
0.007097570360639497
0.0037269980230315858
0.018023959972994597
0.029094294588311483
0.12197129205737775
0.07918076475532973
0.016990182802183704
0.01519192306076815
0.029320391108620773
0.021854583675750182
0.015832785200124964
0.018003395206142223
0.010666435137531993
0.004299773504397088
0.023612200248741305
0.004669263833600488
0.008669024348837
0.003332326639315246
0.023970590515297256
0.014620209636264756
0.00584879045841315
0.006546835770727122
0.0033097199150360045
0.014089665180488837
0.052049583838446316
0.06606706141733029
0.01075850391727455
0.017366388006169298
0.07280467918040523
0.04726300818850942
0.010141442197296145
0.00906806073721282
0.017501345046857037
0.013045003675010842
0.10084481512639831
0.044366215890381235
0.022125095576826997
0.0202031222028407
0.005406215619558184
0.00486527578490147
0.02227431711207438
0.08783523658679152
0.01430804841691861
0.008726804924045572
0.0034911437415770805
0.003907807074064346
0.0019755722229935916
0.008410122873358284
0.03106840297345587
0.039435437058567384
0.19311307258372926
0.041996515140599724
0.017496540284613126
0.0022213280368426585
0.005440807625166965
0.005492482714706947
0.0472228752991253
0.06982425434611698
0.08729405423699958
0.038404620518874395
0.01915209315284621
0.017488379973933262
0.004679769395373588
0.004211516950205332
0.019281263430712122
0.07603260412463125
0.12020241274821473
0.03322300792287557
0.01100221178615841
0.008939087683947392
0.006277798994032723
0.01167911096828056
0.011451768809441565
0.028148502926115964
0.16716400353224356
0.03635334217087398
0.015145487992124356
0.0019228428341433986
0.004709713189806597
0.004754444573005138
0.04087742371704558
0.060441800982115414
0.03334599630388683
0.04732502605608475
0.011003561529119283
0.007366776677945757
0.007827958408788098
0.006027010453925076
0.025207594544302676
0.033058761616591846
0.12548429039662987
0.034682877645528555
0.01148566578003261
0.009331884852952355
0.006553655072373521
0.01219230894631064
0.011954977025703476
0.02938539114693088
0.1847634094111846
0.034469634983188537
0.017590134695615094
0.0018416029101189176
0.0015652920854226904
0.0025479930785945854
0.011375089303600717
0.03203875990509531
0.0348112703238898
0.04940455999905055
0.011487074832761178
0.007690484099340138
0.008171930859979309
0.00629184650068591
0.026315254758018655
0.03451141410562896
0.11911276280209804
0.07526447543589258
0.018396896666107148
0.004466468645808123
0.006125751026259098
0.0063827961488780414
0.01056946630665458
0.053734526178343504
0.1793835326891875
0.03346596013516114
0.017077951268781203
0.0017879797568177036
0.0015197144546551663
0.0024738015019451507
0.011043873407822948
0.03110586643249498
0.07125427165517406
0.024322522972899687
0.006239961781459732
0.0029487434716061432
0.005722446779168773
0.002529364977816915
0.008021566394280413
0.04608511053479344
0.11564447878453227
0.07307295060594228
0.017861222224688313
0.004336415564553071
0.005947383537501736
0.00619694410960233
0.010261708261226014
0.052169902925959875
0.028864847177517198
0.08490432670852656
0.0802987779974075
0.023293998906964385
0.009838220218321007
0.0010822511755396434
0.01438660290620495
0.02685724818455586
0.07348136921493495
0.025082738891214245
0.0064349957539314865
0.0030409083234448613
0.005901305491239025
0.0026084218882166392
0.008272285551562888
0.04752552996269866
0.036900367676960755
0.15556780675609394
0.05824186780385363
0.023187702509962074
0.005494580526037359
0.011086432790116356
0.015118189571116589
0.007545047621572849
0.029767036326583483
0.08755806541686362
0.0828085673528478
0.02402206765172442
0.01014572004579306
0.0011160776240613113
0.014836265326174845
0.0276966885507865
0.02190506207166888
0.03843611521573745
0.0899640013988133
0.038939074161023914
0.014255120870344012
0.010274179379148337
0.013120428059574455
0.009665926078182493
0.0405619665981403
0.17100469666394263
0.06402116957626451
0.02548860279470694
0.006039804094067932
0.01218653213599266
0.016618357458558837
0.008293737674562448
0.07991309230791174
0.032656637495937425
0.014134180768918586
0.005463578778332561
0.021323205543059377
0.005451803963199222
0.026112022432141342
0.0431372672186082
0.024078686799535003
0.04225010534289134
0.09889106937143308
0.042802972569514756
0.015669647025126077
0.011293679359745637
0.014422359402072897
0.010625069488619897
0.02118976378644946
0.013782291291235121
0.025926068603848093
0.041669551197059354
0.02394125673043686
0.012298843356178809
0.007953220066175732
0.02079870059556784
0.09699240006630339
0.03963612916669245
0.017154987701717025
0.006631274092359606
0.025880476189802923
0.00661698272223318
0.03169277590360242
0.052356716014855656
0.022072503681444845
0.008894084981742673
0.005479860901697006
0.01532129590814296
0.02248865480969908
0.06638034380551594
0.12555245046582458
0.02549752292072416
0.02571851479062706
0.016727891164555263
0.03146707936769333
0.05057531455191045
0.029058066504813636
0.014927395508097373
0.009653010291500086
0.025243872196206524
0.02032973317476499
0.017074279948528063
0.021559750192667405
0.020174274271503985
0.030789070180300113
0.043089756977114105
0.0541092213227555
0.020854237996202115
0.025605280320062734
0.01031761246638396
0.006356930619558914
0.017773519590549264
0.026088037801871095
0.0770047356390843
0.14564753212616935
0.0295784851267779
0.02943576483590177
0.03880044173303441
0.024374595239141223
0.014319578878685244
0.010376314309075266
0.007344331671760462
0.002426591292757959
0.007740199039606603
0.023583573675402005
0.019807074478497458
0.025010458952957313
0.023403233064581596
0.035716961887898684
0.04998641396761399
0.0627695797388934
0.024192027214517825
0.018172100807410076
0.027012284680876034
0.07790377978038655
0.04382427667816801
0.02735684462055263
0.0362821776293895
0.017901307219382937
0.01388787112425667
0.03563586626420833
0.04697303977996884
0.02950865455776548
0.017335734292122963
0.012561893706346071
0.008891279799043398
0.0029377080320041864
0.009370529332988693
0.030157874327755466
0.018553911352343497
0.02682419596203819
0.013086294588415474
0.02029468875478618
0.04011327801343909
0.05870925113747302
0.04172929698933954
0.021999718971893293
0.032701924673768444
0.09431277540117444
0.05305505297841247
0.033119059815279794
0.043924349748786326
0.021671887704659817
0.016813095254618673
0.07824205397139695
0.06482850370806989
0.0555283344902945
0.01751787540362948
0.016627449801622996
0.012091303451008043
0.007735351960130525
0.017147664337855455
0.02249278266568137
0.013838146916823526
0.02000641037888024
0.009760209783930704
0.015136478734143846
0.029917866045815974
0.04378738408246327
0.031123148726336085
0.04573368140134608
0.02067401529814289
0.006741086275144114
0.0021324235508754347
0.0044366856934419715
0.009470565350081683
0.07768052765252152
0.1522744055149488
0.05835562202324904
0.04835133367158179
0.041414946753324786
0.013065435578650381
0.012401325458413636
0.009018111081457262
0.005769292244899333
0.012789319399095191
0.12080489379581137
0.0763153861004293
0.005575912613896164
0.0036287776706016624
0.005724346874717128
0.013797289785088917
0.016697285741273077
0.05108482748145196
0.046360099180924465
0.020957188888398648
0.006833419456445758
0.0021616315215642044
0.004497455321331391
0.009600284417870865
0.07874452386182597
0.1543601198520956
0.021398785370909085
0.009162812057517606
0.02411441421706182
0.011162265286528902
0.01086402021836637
0.03648932592381856
0.033342208397099476
0.04066623977016648
0.12245956779132197
0.07736068386006452
0.005652286321231632
0.003678481319670574
0.005802753697630169
0.013986272332886183
0.016925989758499346
0.05178454032372785
0.05648794119543316
0.027290688583469835
0.008904505423501902
0.008558959572327158
0.00165707360839759
0.012442455520760806
0.02797877793220279
0.048314152325208796
0.03331248388430813
0.014264175452498227
0.03754002954193263
0.01737681723633593
0.01691252527515549
0.05680462982908233
0.05190536568517548
0.06330702577262823
0.03356138489784513
0.011550563904781883
0.01994801491790066
0.03413350255884132
0.009189590828146918
0.00471830409514202
0.015014393883330377
0.01990356017556958
0.0879374038345556
0.04248468349350469
0.01386205750824537
0.013324130219428455
0.002579643513313668
0.019369748882104718
0.04355586416770278
0.07521288675129842
0.058151397171330235
0.03698565677376128
0.030035010149675686
0.053520754383836626
0.02110316218192768
0.013067511002988896
0.025546716471145408
0.023820886166908813
0.04085059453524018
0.01405923516457514
0.024280531678727107
0.04154697064328648
0.011185481469493682
0.005743074312078985
0.018275375661261837
0.024226421794416225
0.0165044969560361
0.005245449603810037
0.007494981210100283
0.006504067860168122
0.022405824706615736
0.05648164864735088
0.07266504800464968
0.035859960303864874
0.07078132069741404
0.04501858529030758
0.03655832514721416
0.06514494688491437
0.025686565805593243
0.01590564856583626
0.031095217299465766
0.02899455327116084
0.018100067258425005
0.008946824676674271
0.017015995171860795
0.04172943883968364
0.11347125632392017
0.042215327757612775
0.023114720492392618
0.01289189864598082
0.021392740801802916
0.024325597949398186
0.014412137807229516
0.005809713131540538
0.03190403162152432
0.006308956362690972
0.01171330176940217
0.004502530613580951
0.03238827681157843
0.019754348414590037
0.007902694105892562
0.008845870069280767
0.004471985148157734
0.01903749412251272
0.07032769293736163
0.089267649536898
0.05690869469289424
0.1003614415870271
0.018628239541601654
0.005884919295896759
0.036828100637537046
0.012858574065967642
0.030259521341407233
0.046515616935510054
0.03814256117140208
0.061598459228802624
0.0619869817577501
0.04171285625781696
0.023433310777422466
0.027031768515733676
0.02894850969095297
0.036535287852529866
0.013734488707215137
0.008376977781096025
0.003351195977031894
0.0037511567311477516
0.0018963784295634126
0.00807299040824095
0.029822979162243777
0.03785460806132999
0.18537184368768367
0.04031302146412337
0.016795165067389824
0.002132282750802031
0.00522270464206878
0.005272308257673827
0.04532987508982333
0.06702524375529
0.016174635616477362
0.026121282943876722
0.026286038800366753
0.01768864569583611
0.009937069024003028
0.011463021684521173
0.012275829978671994
0.015493059459280664
0.2373697078540135
0.06276117945592243
0.010519638567824728
0.003097587645373141
0.0036977985493354152
0.003369763054964437
0.012688674095194414
0.05673279016460492
0.16104163720983802
0.035021904342687996
0.014590785881262945
0.0018524188914147977
0.004537220375491466
0.004580313475876349
0.03938029181649458
0.05822812555571259
0.032124702242700996
0.04559175131026394
0.010600557095695297
0.007096969156680941
0.007541260148860916
0.005806271747934587
0.02428436870234009
0.03184798749952653
0.20621473906919496
0.05452372319191499
0.00913892738032258
0.002691026727081106
0.0032124594577612486
0.002927478890995969
0.011023275216245448
0.049286564938001966
0.01877343061987531
0.016409488349766507
0.021589348552210844
0.007278513909959845
0.01269322617085997
0.02304947512018762
0.047319803343250394
0.029741903711234335
0.03862226924426304
0.05481317402163868
0.01274463393297754
0.008532407600753397
0.009066561230976525
0.006980652740681486
0.02919614380742895
0.038289585964150476
0.13215275261625734
0.08350412977656745
0.02041091547899252
0.004955439804535824
0.006796373796710759
0.0070815591933178
0.01172656928821222
0.05961716761449642
0.022570559146709565
0.01972848409355383
0.025956026807413626
0.00875067173556306
0.0152605678659844
0.027711479698869262
0.0568907431888755
0.03575752404781379
0.037326681282236
0.07303595296701194
0.06935736535954812
0.028205399903491454
0.0048626112889207035
0.009974268047276916
0.028355943957889894
0.011765324506046983
0.11226098180778997
0.07093500065748427
0.017338643092218407
0.004209541812284268
0.005773376490817243
0.006015635482677334
0.00996147379051894
0.050643529071520976
0.028020326763004155
0.08242021734377353
0.07794941661460823
0.02261246896531624
0.009550376053903653
0.0010505869437578842
0.013965683308915478
0.02607146559474997
0.03170823010049644
0.062042504791048045
0.058917622045101696
0.023959893553195433
0.0041306859421158006
0.00847293076862954
0.024087777558768658
0.009994395532353094
0.018570283896953015
0.04618485407986325
0.10910402296262522
0.02053665448436767
0.005236617598004494
0.006276971856047942
0.006212438146431052
0.025785341929706843
0.03006705149820625
0.08844054319311234
0.08364317602109515
0.024264180594047457
0.010247976444696194
0.001127326315944959
0.014985796661415574
0.027975837159260022
0.022125838197472512
0.03882350405675095
0.09087072805521988
0.039331532210561695
0.01439879498312763
0.010377730490380918
0.013252665862252247
0.009763346743089237
0.019926737007335795
0.04955839372615183
0.1170734483157406
0.022036739728446664
0.0056191225865180995
0.006735468777536495
0.0066662212492391735
0.02766881379566864
0.020499714216333266
0.05265761761019647
0.041410668583206266
0.02526871954908811
0.029778883008174304
0.01530343387687028
0.008573501485765132
0.03152643331373836
0.02706616136962993
0.04749213188472738
0.11116061535690412
0.04811359408058343
0.017613800890312437
0.012694901119509445
0.01621176063948981
0.011943335935914541
0.023818805851133763
0.015492278430193249
0.029142750281772007
0.046839547616917575
0.026911680169794665
0.013824777144597648
0.008939986616024602
0.023379222932088165
0.02507695157392747
0.0644151675908329
0.05065696622627205
0.030910794647213313
0.03642800086094129
0.018720430255525777
0.010487818479256023
0.03856574941309991
0.08419783910525773
0.02606913228661063
0.03396407181498419
0.006264130757327623
0.006103963487643371
0.0057075234890107684
0.004622474555083907
0.07716356824419954
0.02628332260452727
0.017095254665781094
0.03215813219295089
0.05168600593832715
0.02969621466975868
0.015255218078443655
0.009865001368149868
0.025798256319301837
0.020776197220029307
0.01744925054112087
0.02203322680955949
0.020617324262573615
0.03146523315324492
0.04403605701185035
0.055297521318145824
0.021312220763445047
0.09290973618235497
0.02876648889081358
0.03747831281113826
0.00691227639877449
0.00673553672315397
0.0062980773289877815
0.005100759069191789
0.08514763377116218
0.034580895957544655
0.054947164869845855
0.054657721307765285
0.011268908588876888
0.017700634988519225
0.014508531897239838
0.04638264975074933
0.05578016073205216
0.01927813758430896
0.01619107910424096
0.02044452954323531
0.01913072009977987
0.029196444730791762
0.04086085421476986
0.05131031500869479
0.019775511358198404
0.014854587535500457
0.022080900363611784
0.06368160337423492
0.0358236816422668
0.02236255716484775
0.02965847423400663
0.014633230241699782
0.011352490253240123
0.032087453878014295
0.05098522087609938
0.05071664752970746
0.010456368309400516
0.01642433757364117
0.013462399836659334
0.043038246795122484
0.05175815389501065
0.10095779671751387
0.0696253914353639
0.049964675472650696
0.01087885432774566
0.008698737116288774
0.00544114914379458
0.020865215198504372
0.034004166948809283
0.014610494005700548
0.02171806262759029
0.06263517463201734
0.035235019797460174
0.02199509118838259
0.029171120300620256
0.014392774098872862
0.011165943880861224
0.0519622574271645
0.0430540256462093
0.03687758008424972
0.01163400377542691
0.011042652679657962
0.008030098785250803
0.005137216233982864
0.011388138518500408
0.09929883817001427
0.0684812931883717
0.04914364601139643
0.010700090834872347
0.00855579774200847
0.005351739101442177
0.02052235384232966
0.033445403730469905
0.037452099542711025
0.21357171251040888
0.03787950218731373
0.0007033296884084037
0.0038613164499458146
0.0033245430965817974
0.006268726043441723
0.01138988681156872
0.05495149852300316
0.04553080146726245
0.03899904253336364
0.012303274971802376
0.011677905126943867
0.008492047562710329
0.005432745694117581
0.012043265784907591
0.11375784736468617
0.07186359567736932
0.005250646692530109
0.003417096140744244
0.005390422172277658
0.012992437111623942
0.015723264373468226
0.048104839337955944
0.039606612464622416
0.2258578865828041
0.04005860236953626
0.0007437902479108611
0.004083447019088136
0.0035157946191531355
0.006629348049402034
0.012045114652310932
0.10732789928256162
0.021025219896578427
0.02360194147007145
0.010482676470798095
0.00022528758763576496
0.00015930237679980937
0.0004779071171295369
0.03822836801664484
0.12424832469646391
0.0784906850509637
0.005734848805889191
0.0037322125958760303
0.0058875140469657255
0.014190568670558042
0.0171732263085129
0.05254095287486077
0.057313055938960314
0.027689321442708286
0.009034572806969276
0.008683979595768035
0.0016812783472580162
0.012624201452345413
0.02838746165636017
0.049019873202282814
0.11722542213987754
0.0229641155229488
0.025778456213568526
0.011449363890090847
0.0002460630715779615
0.00017399286199648597
0.000521978571495849
0.041753696927131614
0.1040165267048838
0.11075876991638764
0.01652410185698011
0.020888076024685554
0.006909441484127266
0.0051086757377656776
0.011348500430616484
0.007900663341152789
0.06142019745152355
0.02967358069548959
0.00968200415425771
0.009306286895696632
0.001801761332872173
0.013528871095211947
0.030421750707868893
0.05253271251736147
0.040616053472135365
0.02583276561351054
0.02097806136422105
0.037381764285358526
0.01473957987779698
0.00912705027673496
0.017843196426948163
0.01663778401502998
0.11147051058034246
0.11869591328366012
0.01770824434568122
0.022384947597018593
0.007404582660656203
0.00547477127835504
0.012161751381212582
0.008466836996589941
0.034344880217295246
0.0749834710985445
0.07098895788461618
0.038166326964801156
0.025609566533448744
0.01933724414112911
0.02595373122043766
0.015324760246098057
0.043037429768557636
0.02737281790762375
0.022228694456061578
0.039610324428975385
0.015618298174733572
0.009671170675126255
0.018906940665670415
0.01762966610093046
0.011005451237208908
0.005439971095199343
0.010346298853079043
0.02537290595384185
0.06899435015726024
0.025668342800380654
0.01405452950028851
0.007838709098572013
0.03639239275857832
0.07945370353178773
0.07522105246877991
0.040441659783571275
0.02713631253816051
0.02049005788344859
0.027500995028921574
0.016238364794942603
0.061205864690604295
0.021607383857972617
0.01592497927518282
0.008788379823982145
0.030646546357238066
0.0633476427889927
0.05387929633456712
0.058929378850379924
0.035670431213410535
0.06290665983340099
0.011676200636501408
0.0036886737619544903
0.023083893201223865
0.008059768093396705
0.01896670061374941
0.029156038865439687
0.023907798481585706
0.03860998068274848
0.03885350702294078
0.02614566329255705
0.01468802446971059
0.016943541661265892
0.018144957097229294
0.02290035783176283
0.11268246652190642
0.08544459026542986
0.040817084889691116
0.019746645981082653
0.015507787381437519
0.006137986857740657
0.020475091575546087
0.014647145272568796
0.10800543782312913
0.05169514531319144
0.027010915342577015
0.005895269660896419
0.007036043370440249
0.014458240915663778
0.030655203872563545
0.04638266329936686
0.015598821689226959
0.025191370278554597
0.02535026085813747
0.017058933299998004
0.009583311271696045
0.011054940310026618
0.011838812784721951
0.014941509512567534
0.22891939175845577
0.060526893498681636
0.010145141451436942
0.0029873141190089603
0.0035661576298512956
0.003249800136195144
0.012236959729838863
0.0547131137104859
0.07046895461192365
0.03372888367618807
0.01762347346269408
0.0038464127226545642
0.004590719050007878
0.00943338727558014
0.020001216733666498
0.030262715106769096
0.05897512978893068
0.04880519238965014
0.06365104425825575
0.051666363867596675
0.017957550177261392
0.003943442856765693
0.033126871263798825
0.024955855327110248
0.20221355582389955
0.053465799744292684
0.008961604831608697
0.0026388127529411386
0.003150128127728277
0.0028706770370524512
0.010809390678687142
0.04833025803802851
0.018409169867263656
0.016091095153696635
0.021170450562213325
0.007137288951750583
0.012446939585755361
0.022602246303857463
0.04640165750574963
0.029164821746338273
0.052095065464698234
0.043111557391319756
0.05622548571571972
0.04563894335863862
0.015862614553255702
0.003483399095767048
0.029262276035756075
0.022044494376634065
0.026465987251420273
0.04528377381517541
0.045965750855077404
0.021180879844065838
0.014176513489429127
0.028907629122971835
0.027378061780426236
0.017053622208603878
0.023043430931990246
0.02014181206799882
0.026499826925764004
0.008934005508514987
0.015580289319240334
0.028292057999690135
0.05808265106864064
0.03650667359806637
0.03810870596765932
0.07456611627597994
0.07081045923138138
0.02879632623899892
0.004964486996401931
0.010183237169739772
0.028950024315205325
0.012011817735010345
0.033128443795803174
0.05668335518514981
0.057537010777960126
0.02651288163913628
0.01774526020486144
0.03618473618885701
0.03427012082771273
0.02134664237104083
0.02819891101349432
0.04230717188060332
0.03360171658253479
0.02547708212934865
0.021080215238580193
0.014253270403654886
0.033271511188189655
0.03292968797509846
0.04271271789202439
0.08357464279953983
0.07936525505540423
0.03227528533812891
0.0055642595877144485
0.011413500548346936
0.03244755207883436
0.01346299668955736
0.025015186743360326
0.06221352112512346
0.146969078340787
0.027663995330443888
0.007054009935687784
0.008455423946836908
0.008368493515063963
0.03473426400976296
0.031605694824794944
0.047418411396050554
0.03766122739238525
0.028555034711131213
0.023626970890922975
0.015975245087217132
0.03729112902517599
0.036908009260309134
0.01244897253207457
0.020684734043878786
0.024725630859827284
0.012777893757043069
0.007583542682072282
0.011441004077373716
0.015123708528785178
0.014882539347156254
0.0233859696755891
0.05816160932038347
0.13739711178607117
0.02586226369367865
0.006594588484976418
0.00790472963658617
0.007823460907226493
0.032472052004641795
0.024058414322672344
0.06179885086893441
0.04859945907732994
0.02965530728379638
0.03494842405686919
0.017960072461694048
0.010061840314644082
0.03699934480909482
0.011638181921812407
0.01933755554418037
0.02311527231157724
0.011945680797263044
0.007089633230243659
0.010695861564286344
0.014138714720188723
0.013913252674827112
0.05016420572966361
0.08162346336982115
0.08045771903500418
0.061610289790285294
0.0034136787163971008
0.007515251309089039
0.009836018700215944
0.02982165770470206
0.020088331625178705
0.05160089911412841
0.040579650747375705
0.02476163387884109
0.029181288625915517
0.014996328801385208
0.008401450830850567
0.030893769575619817
0.0674481548956852
0.020883135376732302
0.02720751507412712
0.005017991745356754
0.004889686946448823
0.004572111736458104
0.003702914268416112
0.061813228920664175
0.04188618530280752
0.06815408441209614
0.06718070942262694
0.05144345409598624
0.0028503586810447023
0.006275096044100789
0.008212893953496824
0.024900533407975562
0.06434048490079837
0.059652865979333544
0.0487251320527439
0.016354278668171764
0.013070745925083864
0.006580478898210229
0.0280849354275112
0.0762496170788418
0.0779763004985692
0.024142834477930992
0.03145440189610297
0.005801262211552494
0.005652930006312387
0.005285783713824011
0.004280911111075115
0.07146180530155467
0.02902268853075664
0.04611547525036708
0.04587255411958405
0.009457650387603319
0.014855601679583613
0.012176567166134153
0.03892753960452201
0.04681458320540397
0.07438354677911667
0.06896422608445518
0.056330755743479635
0.01890705757390973
0.015110990264612694
0.007607641762549679
0.03246878091425183
0.08815160419786305
0.028129067020515448
0.029873042465511063
0.0412077913464688
0.015066352022434734
0.011141696828653147
0.011741042256043064
0.007842186760998938
0.023775266867906344
0.03205230562303494
0.05092937220856893
0.050661093054558105
0.010444914515001805
0.016406346529318987
0.013447653267364934
0.04299110315829888
0.05170145856488945
0.10084720862303086
0.06954912452367588
0.04990994469967787
0.01086693774666545
0.008689208612365587
0.005435188967016022
0.020842359664164246
0.033966919146761136
0.031065400852747553
0.03299142620711229
0.045509385558390174
0.016639096654865244
0.012304755003408349
0.012966664832751414
0.00866081605603419
0.026257116707563814
0.06658035864105388
0.04627374984406421
0.03916492318054814
0.006308821204815373
0.0076824383504499145
0.018731606524733338
0.024106254147954073
0.03601597891189526
0.09173380962281434
0.06326408272079101
0.04539966378722205
0.009884910172991397
0.007903978895431997
0.00494401973809718
0.018958869359186493
0.030897383646282896
0.03459883149431668
0.19730086652881398
0.03499367269845185
0.0006497468946017635
0.003567144134217414
0.003071264569908839
0.00579114652340729
0.010522154414424592
0.06056359940539105
0.04209206597474137
0.03562565246963179
0.005738703244729576
0.006988188832409947
0.01703886156425489
0.02192781098179629
0.03276127319728883
0.12585455065481405
0.07959516385790269
0.0024985277090284574
0.0003351428644843228
0.0004356412659124936
0.0006418710549527007
0.0021207735909636607
0.002300565896271788
0.03586657143163805
0.20453019125926847
0.036275880059722626
0.0006735543485492329
0.003697848290566507
0.0031837991436268315
0.006003340618222579
0.010907697937188349
0.09719295659693448
0.019039814423920005
0.021373216919719933
0.009492800344146162
0.00020401374547790715
0.00014425949913852483
0.00043277848539875524
0.034618474210806535
0.13046600235037065
0.08251161980980029
0.0025900765626872798
0.0003474228744056073
0.0004516036498222863
0.0006653899293143336
0.0021984811106445703
0.0023848612073900945
0.04901859358724625
0.232952536618032
0.008886034419241174
0.001189594249825177
0.0022352989142573223
0.00023261144391557831
0.00023261144391557831
0.0
0.09702501746850441
0.019006915642446737
0.021336286266029354
0.009476397791204308
0.00020366123134722377
0.00014401023401272405
0.00043203069004211673
0.034558657156257486
0.08609229240831505
0.09167270537191684
0.013676651719895579
0.017288621394429906
0.005718799458833471
0.004228343508170004
0.009392915226255584
0.006539212951380398
0.048933894652548236
0.2325500193232094
0.008870680293512127
0.0011875387570354106
0.002231436554631842
0.00023220951599279633
0.00023220951599279633
0.0
0.12761214727733514
0.0933940752166044
0.02818872946785964
0.0025527985951559065
0.013792639948209706
0.0015207122096864754
0.0033257840991525707
0.018582541650700262
0.09453510670979318
0.10066277412625352
0.01501788015634406
0.018984064922283227
0.006279625062469754
0.004643004542784201
0.010314050403243194
0.007180494058921137
0.0291269583262287
0.06359144140335217
0.06020380344451981
0.032367823324338525
0.02171877649457957
0.016399390554844507
0.022010653200273757
0.012996512150383523
0.14012668989127253
0.1025529535767294
0.030953114079236968
0.0028031439383343153
0.015145243004213781
0.0016698439197759297
0.0036519338248769367
0.02040487607829639
0.04929176914409274
0.030150420260085888
0.01224016435946749
0.012584702292987608
0.014206413681079949
0.005159310678339108
0.02882980082888623
0.01419719084253713
0.029568438641998294
0.06455530344883445
0.061116318711563096
0.032858425765621785
0.022047970233162354
0.016647957811318455
0.022344270944231647
0.013193501627409964
0.049729125167456624
0.017555773484225455
0.012938879168980826
0.007140466726435256
0.024899998512451477
0.05146929748058504
0.04377636497581391
0.04787950422242586
0.05003888958017961
0.030607413294096664
0.012425689794906568
0.012775449925471137
0.014421741760573538
0.0052375108831773706
0.029266777097776274
0.014412379130514333
0.12408132381678358
0.013248379990290812
0.005113291718167912
0.004208753393689772
0.01312111411933887
0.010962182344211388
0.041107871631806035
0.10124956280542904
0.08636979382015286
0.06549227996209965
0.031285818593409453
0.015135573391926886
0.011886537809155386
0.004704695200036338
0.01569391842771623
0.011226865689877788
0.08278490597670296
0.039623724790716866
0.020703550969737066
0.0045186553049656455
0.00539304502263833
0.011082072707782005
0.02349685554205838
0.03555176940697402
0.0716039241467041
0.08445739357530767
0.05305476503379138
0.004279559893951149
0.026246315657831695
0.002578117073367949
0.0035247878917326948
0.014425882753297582
0.06525344713686969
0.09556732442398762
0.05506060082538629
0.009980025381458093
0.011727327044515352
0.006752843762413949
0.011134908691149675
0.01940264901904408
0.06892485354158556
0.03298982339535202
0.017237311579256457
0.003762130927433949
0.004490128169416905
0.009226684856488592
0.019562954234434063
0.029599604790388836
0.057682879016489
0.04773578316934983
0.062256335820922416
0.050534261253221656
0.017564068074368562
0.0038570349574363802
0.03240100215367683
0.024409027817975132
0.05432855463117918
0.0795672080746002
0.04584221970209693
0.008309145002252995
0.009763909126199483
0.005622266061938552
0.009270674909655618
0.01615420983062718
0.06890239834097904
0.06097291208538211
0.06004396120709232
0.007389652072584986
0.026837067427966394
0.020822067864393674
0.021481483999278017
0.022458331727457932
0.05219255440639134
0.043192234900164994
0.05633070418602418
0.045724350532011696
0.015892299313059497
0.0034899178108950893
0.029317036468376904
0.022085747697035283
0.026515514803885917
0.04536851633629006
0.04605176960493437
0.021220517025470783
0.014203042936789529
0.028961725881367598
0.027429296158284745
0.017085535779809147
0.06234418661929831
0.05516943823873168
0.05432890600312421
0.0066862962532165575
0.02428268362683027
0.01884019883188014
0.019436850959568933
0.02032072116627647
0.02788481236261432
0.12331476058306937
0.05279587787008442
0.010596876102565602
0.012387124677993763
0.0030574839265695083
0.005920821222735173
0.007572148692906452
0.03204332931503503
0.054826705053647944
0.05565239935582062
0.0256444583600095
0.01716401832908902
0.0349995135607335
0.033147610980976856
0.020647438059019092
0.02727526223387638
0.04092141029364325
0.03250110016157889
0.02464258622254793
0.020389737685390975
0.013786407842629026
0.03218171056821856
0.03185108369506636
0.03369809079823193
0.14902277070588507
0.06380248369982823
0.012806056875628575
0.014969527020655132
0.0036948920305381015
0.007155162766356968
0.009150750267675527
0.004185076341715389
0.020409232021198834
0.05962366194386426
0.05329254235096243
0.01599261665648691
0.016817381580818577
0.03218448457745828
0.005520439403874897
0.030411715984298367
0.045627070304810564
0.0362384866849618
0.02747630167191991
0.022734406956949293
0.015371742942694736
0.03588236964680732
0.03551372312466343
0.011978683558153345
0.01990331996940271
0.0237915624829662
0.012295179016658565
0.007297056669073967
0.011008793462858048
0.014552375163918257
0.014320316710638797
0.004666329217497915
0.022756142997424636
0.06647994279330957
0.05942079119758931
0.01783164947902013
0.018751256279406197
0.035885462646625725
0.006155249171194226
0.09368771412661685
0.08123225425302463
0.07093710041756411
0.030334863442985752
0.007496656735002532
0.009887490474976059
0.06937830410175354
0.04069562226135613
0.009489642146894794
0.015767624474579085
0.018847932077240937
0.009740373258352166
0.005780806895762026
0.008721284765928221
0.011528548360303542
0.011344709153925553
0.04090332701068344
0.06655485052334993
0.06560431575370095
0.050236334730299925
0.0027834750857748114
0.00612785107213133
0.008020178601975209
0.02431624301338809
0.07422041631753679
0.06435306683780655
0.05619713507189445
0.024031605580975363
0.0059389322180449945
0.007832976460463277
0.05496223983944866
0.03223951032103318
0.04964535642656145
0.08042317831369515
0.069991180110292
0.04020604976452901
0.02195772197266858
0.012988556262344199
0.015859605834506765
0.03338491941531641
0.0347974052072114
0.056619748842471895
0.05581110695536134
0.042737210478716633
0.0023679665573068318
0.005213104468267454
0.006822951213094352
0.020686389667835252
0.05345155946133584
0.04955726892406246
0.04047893479811751
0.0135864953462325
0.010858664713140266
0.005466804604504703
0.02333186637132051
0.06334520088677835
0.04223445158337085
0.06841785566984633
0.059543113805696546
0.034204215345910706
0.018679941333639483
0.011049664864655284
0.013492133060614938
0.0284013221809913
0.037056602158185036
0.04484788760705696
0.07885275405402652
0.0411166237167012
0.010937872737920006
0.01537135162107402
0.002068760255000169
0.008592726992410291
0.0575384580357129
0.053346410602188345
0.04357394835031134
0.014625316832843445
0.011688916660567029
0.005884795700923685
0.0251158175295553
0.06818856586633647
0.02175888637241054
0.02310791666610133
0.031875769250074
0.011654387309177379
0.00861851959447137
0.009082135719488588
0.006066225037586453
0.018391058966698414
0.03988994464730536
0.048276950664752884
0.08488182432581559
0.04426039487220014
0.011774180919567319
0.016546642962608358
0.0022269373675501574
0.009249725666521854
0.06534702258208118
0.13802178089464712
0.08220452567918754
0.009746196774440153
0.0074047178351530005
0.0016391474818918557
0.0032992388514371264
0.02471359205947635
0.02437912421764187
0.025890606769660273
0.03571429735787311
0.013057826169412909
0.009656374695361802
0.010175820171920189
0.006796728986599582
0.020605737966976935
0.05225011714670464
0.03631414578591387
0.030735367997304874
0.0049509593179926405
0.006028929732076171
0.014699960397326598
0.01891781043099076
0.02826417814065989
0.07321620939211304
0.15464257148000257
0.0921037183835996
0.01091984845855575
0.008296405101350981
0.001836536088664237
0.003696538159454763
0.027689640010531227
0.14677880580287003
0.0601085166105635
0.034343250348174335
0.009491997290719202
0.003149068555752362
0.005752573588805312
0.011341167886595916
0.018195113866204635
0.06037241647114772
0.04195919268516772
0.0355131919018923
0.005720587707742825
0.0069661290067202
0.016985074477919165
0.0218585908019161
0.032657854701675974
0.12545726181269942
0.07934390341223344
0.0024906405315259623
0.0003340849089326069
0.00043426606403690603
0.0006398448413046262
0.002114078881237572
0.0022933036307725843
0.1695956234545488
0.06945240693120075
0.03968192084950447
0.010967531651064394
0.0036385923845927252
0.006646813202526625
0.013104156474833048
0.02102355079867493
0.12582241053175297
0.011811607484714432
0.0014872190710607009
0.00019618142212309844
0.0010861310539200509
0.0001387212103256368
0.004370952429592146
0.08583569717463123
0.12849728365740046
0.08126652786722233
0.002550992571047124
0.0003421802986012923
0.00044478899672338124
0.0006553492630230703
0.002165306254508147
0.0023488738945687863
0.04827890800050499
0.22943730655692296
0.00875194506452518
0.0011716433937056553
0.0022015684812127334
0.0002291013609086233
0.0002291013609086233
0.0
0.12887128048987884
0.012097820847382701
0.001523256669829837
0.00020093519882889902
0.0011124496749581427
0.0001420826379833112
0.0044768673098957434
0.08791562774776612
0.0875903999374172
0.13155185573256017
0.015411747254861271
0.003117242965193354
0.0023802883059523532
0.0013098603842254047
0.007213974896460474
0.006513369383737823
0.04336277757119499
0.20607423205715142
0.007860754579294825
0.0010523376351736654
0.001977387814106789
0.00020577249498341567
0.00020577249498341567
0.0
0.11308352210795256
0.08276117277892116
0.02497944654944267
0.0022621628311377436
0.012222349813773722
0.0013475793367083058
0.0029471440433131357
0.016466921875486165
0.07867127048148036
0.11815623209931078
0.013842404393012247
0.0027998212663310003
0.002137909009152585
0.0011764803066774444
0.0064793923846854186
0.005850127923835817
0.11994173710404785
0.04061273335135313
0.025350550027804435
0.018346920607291775
0.014628491892952565
0.002246163454960289
0.013922340213420844
0.01902803442903776
0.12691544560478177
0.09288418795431601
0.028034832402522032
0.002538861528122062
0.01371733868946699
0.0015124098437866338
0.003307626898651937
0.018481089805209416
0.04464450598543822
0.027307817129266027
0.011086152931771629
0.011398207583133087
0.012867022864660033
0.004672887187037587
0.026111706640143017
0.01285866956191442
0.13461252999035575
0.04558032023087018
0.028451327771995986
0.020591042452030573
0.016417790430578116
0.0025209051723320314
0.015625265105917833
0.02135546738842357
0.0016812892487773584
0.007910625040569884
0.013091903853511314
0.1070039084439745
0.07935230785692185
0.04354946282397706
0.020081431427179313
0.0038355961006433085
0.04505357624187717
0.02755803416066291
0.011187733525455438
0.011502647482199221
0.012984921276271287
0.004715704082817221
0.02635096390809948
0.012976491433588208
0.11171925335822855
0.011928460103366357
0.0046038607212156735
0.003789440443158227
0.011813873575407245
0.009870033531237981
0.03701234468317363
0.09116219275813023
0.001696694625294902
0.00798310879512176
0.013211862812590774
0.10798436763600641
0.08007939998634626
0.043948499380255523
0.02026543427640463
0.003870741036080564
0.13313243460305724
0.08593681838325792
0.011496070817912193
0.0
0.025182117675292617
0.002061929117824532
0.002190087962196724
0.026730836968853224
0.06220855924648739
0.07337548653435452
0.04609329074131473
0.0037180260493307827
0.022802458134236026
0.002239834626582724
0.0030622899374188515
0.012533019560530616
0.05669134730569566
0.08302765015053389
0.047835934823565074
0.00867051642242237
0.010188549411858561
0.005866782949154013
0.009673864041283774
0.016856769449772706
0.0428128312981853
0.06913407277154511
0.03442661814385963
0.008702600351659942
0.018042762818723284
0.008332926846946392
0.0018778254176359263
0.01777975088979546
0.09250947227020745
0.07379801906393807
0.04868256344017937
0.03055066167223375
0.022041485507840998
0.016116887326288246
0.017777963581885995
0.03256912267974671
0.04765724531349651
0.0697967023025685
0.04021299526352995
0.007288818272564997
0.008564943713391709
0.004931876335575835
0.008132276505246417
0.014170543390493045
0.06044148464313786
0.05348570468067764
0.05267082491456958
0.006482235060280065
0.023541592714771645
0.01826520883694166
0.018843651549382705
0.019700546641325475
0.07776753990393243
0.06203786759936189
0.04092470859526373
0.025682232774471424
0.01852904423415461
0.013548565865918903
0.014944939781158219
0.027379040064516334
0.05230798835638494
0.08270759041859596
0.04618530386602304
0.0277979786403042
0.0014407190350824326
0.0064092136024027245
0.02380565699806385
0.024344912600778156
0.06753890791354218
0.05976633605953827
0.05885576793222094
0.007243420299734402
0.026305996152951764
0.020410025745452566
0.021056392877555282
0.022013910037300622
0.03020826602238552
0.13358974927779982
0.05719500288706124
0.011479842437159209
0.013419260372251253
0.0033122434754773544
0.006414163389070098
0.008203084858589718
0.05845032479931999
0.09241964134424538
0.0516086757825933
0.031062193965866968
0.001609897420856407
0.0071618241981758635
0.026601068542682554
0.027203646965575715
0.044349762808619714
0.026826446689129438
0.03322232299957608
0.006893084036800124
0.0028764161012486533
0.0036552930156062593
0.011503576515176011
0.027543401970041792
0.03449126883130142
0.15253043494890686
0.0653042521183712
0.013107482943497086
0.015321876359058802
0.0037818615627508915
0.007323579367857991
0.009366138556047218
0.004283583721283066
0.020889619904535025
0.06102707020186313
0.054546930149140804
0.016369047247144948
0.017213225301565886
0.03294203568993386
0.005650378256917414
0.05063778207272814
0.030629966773255756
0.03793266627516999
0.007870402571727966
0.003284241503478941
0.00417354951671264
0.013134582097905153
0.031448573750420365
0.02218354561631501
0.011714323294300267
0.029691741858826157
0.0717725607771391
0.029104240287032245
0.04691191362275165
0.07030364637786829
0.02505741780824086
0.003551590478817348
0.017319931157278125
0.050598558492545055
0.04522576664110951
0.013571849211542374
0.014271771271104666
0.02731278945895944
0.004684822551565191
0.07130666911081539
0.061826692316537396
0.05399094635097794
0.023088172128176845
0.005705781448757979
0.007525469248642416
0.05280453067055647
0.03097385071139043
0.01839274647670843
0.009712540196451038
0.02461791680675336
0.05950782337460052
0.024130809486238917
0.038895447505286805
0.058289922025146955
0.020775521689778052
0.03066104847655613
0.027397753299513362
0.03982277645155937
0.03201256135056454
0.005945923202631013
0.039834875444372295
0.0634096442757723
0.022833448415014567
0.06543438253767135
0.0567351060781158
0.04954465383329674
0.02118680210378221
0.0052358957535116445
0.006905727609094868
0.0484559425185003
0.028423074887485366
0.043768458933678936
0.07090287653681991
0.06170579310692684
0.03544655461598676
0.019358419832467895
0.011451002315133652
0.013982183967170738
0.02943289321721289
0.02813603271670359
0.025141478243599375
0.03654326896119562
0.029376245048947282
0.005456261219773651
0.03655437157100636
0.05818769789499569
0.020953055539872825
0.04172693383205687
0.028070252998343984
0.018351544893254888
0.021357091983998155
0.010675727992560289
0.0206647176613085
0.01726049624480996
0.03357500921665646
0.050385439824756975
0.0816220791451985
0.07103456692727185
0.040805417602319996
0.02228505461088227
0.013182181921382605
0.016096031390186002
0.03388260190543853
0.04420829744800896
0.05350325285584023
0.09407084845325261
0.049051878085489685
0.01304881460481208
0.01833792752345693
0.002468018203915804
0.010251070218160956
0.0480352739138581
0.03231395570625095
0.021125958816862078
0.024585888998790224
0.01228970047059884
0.023788840493496777
0.01986996380672468
0.0386509291785867
0.026798552152818563
0.030265416098091122
0.04616610554663497
0.008517672433181779
0.015183994599538998
0.014958225643074672
0.01219395856998507
0.011022029742455818
0.04050377930839894
0.04901984629702176
0.08618800327213212
0.0449414829189864
0.011955364433816826
0.016801266102976026
0.0022612059371451554
0.009392062344848169
0.06635259598697825
0.14014568840688083
0.08346950580404844
0.009896173252143637
0.007518663154030293
0.0016643710200021664
0.0033500082165025527
0.025093889889928677
0.02455291664328205
0.027729268148261557
0.04229752916380116
0.007803917915195944
0.013911622970844528
0.013704772752329035
0.011172142681931748
0.010098417853437286
0.05429098796857861
0.11179322108314395
0.03686138110435216
0.020187058341145175
0.017468737209035728
0.0060824861110699785
0.0003705708474310146
0.0031210142019854827
0.057449375385342526
0.12134087810979112
0.07226953069186444
0.008568300359376446
0.006509805615090008
0.0014410449822845639
0.002900502636123033
0.021726780674080712
0.11517054465386892
0.047164374710012544
0.026947561169666304
0.0074479315446495005
0.0024709285426771084
0.004513778605570414
0.008898890240764441
0.014276864854891574
0.04700619925194925
0.09679275735952421
0.03191530472600789
0.017478349947210176
0.015124774343821383
0.005266335441337794
0.0003208474876417322
0.0027022351394968345
0.14923957523988235
0.08068271813586114
0.004884439683356445
0.0017027073133486182
0.004014469139579083
0.0
0.0066123686528552165
0.017159783232736616
0.14022748256521156
0.05742563389123656
0.03281037417554153
0.009068331611724666
0.003008513072326589
0.005495813296864419
0.010834966352176638
0.017382993399414615
0.10403428767654942
0.009766242482511955
0.0012296837743204214
0.00016220953341851898
0.0008980504350569298
0.00011469945807638433
0.003614053494595424
0.07097190059420454
0.1817086998927131
0.09823635448380487
0.0059471167962014525
0.002073154735994649
0.004887872180953474
0.0
0.008050980506949072
0.020893130368733994
0.06340151437267265
0.09242192584743081
0.02857499046977596
0.004203018368581868
0.005330672357369679
0.0005281159503280178
0.0014519535483493312
0.015245213011755826
0.13386611336900794
0.012566711923071723
0.001582295522155172
0.0002087231073052469
0.0011555663429367294
0.00014758952073526909
0.00465038311535654
0.09132308879257436
0.0909852557023356
0.13665058317459136
0.01600908051344913
0.0032380620305087213
0.0024725442550449913
0.0013606283574256989
0.007493576362862313
0.006765816565360743
0.08158189478036987
0.11892390748846406
0.03676886725690151
0.0054082336312995145
0.006859242333098028
0.0006795531671096136
0.0018683011404294712
0.019616776919850105
0.04333527684934372
0.04288777547114734
0.05231919787841741
0.017267725939515192
0.02864766694577658
0.01318285209559362
0.005386182342706058
0.014790461101218648
0.07727409767554766
0.11605782090891961
0.013596568386192033
0.0027500974712168667
0.0020999405320850932
0.001155586449477159
0.006364320760909101
0.005746231805260548
0.11781161600199251
0.03989146615602464
0.024900333590501283
0.018021086050556752
0.014368695261481467
0.002206272418782233
0.013675084575853456
0.018690103541537207
0.036804803044226925
0.036424738549801355
0.04443487877189481
0.014665540373377577
0.024330564294800034
0.011196242650676529
0.004574503607598191
0.012561590633334003
0.02907171950731626
0.055141403971150825
0.08492965537969238
0.028428110484541046
0.05502744743898252
0.029286791344862284
0.026371394486796217
0.032141237817150024
0.10958233438268841
0.03710499975869322
0.02316101564813992
0.016762291737836044
0.013365024793140794
0.0020521616640095017
0.01271986363956992
0.017384577560680944
0.0013686660570657076
0.006439703335446583
0.010657562010640971
0.08710733002494103
0.06459733825846849
0.03545176513438547
0.016347439080848195
0.003122395623109855
0.027041025293096536
0.05128971126408585
0.07899721785215592
0.026442373126706796
0.05118371473134202
0.027241074106770978
0.024529321189695027
0.02989613409506984
0.046389987226870814
0.00044854057823138073
0.020696208396882673
0.03842254223004212
0.05041874557150057
0.019769030877253412
0.019085371639778297
0.030924480969071706
0.001473502053537933
0.006932966621017086
0.011473901487741368
0.09377950816222737
0.06954531391024929
0.038167271305796405
0.017599607246312862
0.0033615624051304615
0.11561945965733993
0.07463221517557278
0.00998381423814959
0.0
0.021869522985332845
0.0017906915859039916
0.0019019917088289704
0.023214515198659816
0.04994333065360075
0.0004828975334830719
0.022281480143254238
0.04136560162783155
0.05428068063270894
0.021283283415780098
0.020547257790581593
0.03329320982081919
0.19767742065989022
0.051143610607137374
0.0020460859719861856
0.002372916686802485
0.008591871010445038
0.0
0.0
0.003344453568182808
0.04217116339949805
0.06809790875580786
0.033910640689123646
0.00857216797633135
0.017772342448162712
0.008208035044707157
0.0018496810447154875
0.01751327247557478
0.0911229636726598
0.0726919529995326
0.047952921479156044
0.03009277607382068
0.021711133291907048
0.015875331491029182
0.017511511955384692
0.03208098489772419
0.04414014458132549
0.03105534247929026
0.02838141236903972
0.011673881922001732
0.01152507813516572
0.01058102972015712
0.011114114835408192
0.02537043159778145
0.11136206310101165
0.04328613827680823
0.02019429113582146
0.023751284099880424
0.032908979051740526
0.018393734379871605
0.013473221183973977
0.035654009748129545
0.07744339394741617
0.06177928511162902
0.040754128699986764
0.02557518564505936
0.018451812592597844
0.013492093553081737
0.014882647187018998
0.027264920405579294
0.052089961362858254
0.08236285364229431
0.04599279707569459
0.02768211278693259
0.0014347139171338018
0.006382499105888701
0.02370643169830938
0.02424343960843415
0.09464415747614949
0.03678793274410344
0.01716268195071301
0.020185691697996454
0.02796861434694398
0.015632428537570964
0.01145059306498644
0.030301555298929146
0.05754165367857313
0.023114307110357713
0.005882114347176302
0.00822063850601336
0.003294202905605686
0.009532995085294297
0.04712559228384403
0.04761651729828747
0.06841437700751532
0.10817445767038941
0.060406429116883896
0.03635737963745436
0.0018843373321199774
0.008382703474066066
0.031135764229371962
0.031841064457248304
0.05191008610131949
0.03139956268615062
0.038885746804009
0.008068151060875127
0.003366760001025728
0.004278412400636199
0.013464596190801781
0.032238737644617876
0.07557456917617825
0.03035807436868357
0.007725503686704078
0.010796895357152465
0.004326569527541561
0.012520529920015433
0.06189422976819907
0.06253900523245005
0.06924053113901851
0.04319220822371364
0.01045962837363621
0.0036836832391581383
0.012685734070367362
0.00788577575053923
0.02113789875087614
0.035770535441815396
0.054728068009029934
0.033104113886217756
0.040996691693363
0.008506137306435275
0.0035495273490123184
0.004510669552265358
0.014195532918324219
0.03398884415056042
0.023975429876202266
0.012660552174450496
0.03209010350063408
0.07757001643065607
0.031455146267902793
0.050701241130432666
0.07598244991703436
0.027081440177820208
0.0729993105725409
0.045536932928868644
0.011027437940754855
0.003883655026941784
0.013374389624252345
0.008313861601714817
0.022285387046902493
0.03771236850884992
0.04654455602461605
0.037377917013450154
0.03730788806764243
0.009481180224182175
0.009804051631856504
0.013398316961960944
0.05738867421596883
0.0484680427353122
0.019823490967569937
0.010468064304606423
0.02653290807205201
0.06413684876589737
0.026007909394954856
0.041921066724703186
0.06282420867536727
0.022391618733254678
0.03304612599868815
0.029528983925939983
0.04292053121542943
0.03450277105625949
0.006408447756863457
0.04293357137096288
0.06834218653257638
0.024609628528654608
0.03848421449407947
0.03090500583842198
0.03084710413731147
0.007839279274927
0.008106237509534991
0.011078066864598942
0.047450405303901724
0.04007460188786604
0.06562907456090704
0.016209687159386886
0.01795055567433488
0.023305597472845614
0.022951286086188547
0.011873472428493166
0.0419322775895456
0.028964717508839367
0.03579939121089635
0.03198921554880473
0.04649649063317265
0.03737739785147762
0.006942372861244111
0.04651061724000734
0.07403617210637271
0.026660000003846614
0.053092020588892855
0.03571569519394154
0.02334992077855849
0.027174083096951462
0.013583456015811726
0.026293128077744678
0.02196170525474687
0.04271977154557976
0.0710970149756212
0.017560210599214282
0.01944612100867739
0.02524732252631362
0.02486349139458232
0.012862720565681204
0.04542589984228822
0.031377936810299725
0.038448948703020715
0.0640817425813163
0.025534064375050094
0.013902859520017585
0.007921119715123057
0.009810027865010172
0.027076621545537968
0.015642401264688452
0.05921725710090057
0.03983622174062635
0.026043805579304528
0.030309162231622794
0.015150581919562074
0.029326571264316294
0.024495431366509692
0.04764835971293905
0.033036904413436076
0.03731080891847147
0.05691297079735584
0.010500475115047947
0.018718629847558378
0.018440304832397114
0.015032552557345013
0.013587814034396038
0.04288481122683892
0.07147486540953797
0.028479934237888437
0.015506835066790077
0.008834980803039653
0.010941812645398513
0.030200456522488175
0.017447068073357438
0.04201575247717715
0.10823334817497443
0.0723047501431681
0.018588818309974456
0.007231644178247624
0.0067393129933018565
0.027294083574871772
0.016253609259474576
0.027863287910125854
0.03146789414786263
0.04800033536139587
0.00885608886541748
0.01578727129511188
0.015552532291330568
0.012678437867170581
0.01145994702686638
0.06161082410987548
0.12686585266815012
0.04183125326401731
0.02290879844500005
0.019823976978102408
0.006902563315973935
0.0004205334283939258
0.003541808028143446
0.03543603823716756
0.09128388374213749
0.06098174469668082
0.015677788390766705
0.0060991605412082815
0.005683928975272029
0.023019799293919122
0.013708275712153047
0.12534638093405567
0.10006213746523229
0.017506948464802077
0.010876398051784222
0.0037555788591333585
0.0010182554539373532
0.01501157660401887
0.01896064435605078
0.04996300929650485
0.10288126912510812
0.03392285894418901
0.01857778282007802
0.016076161297311212
0.005597601397291488
0.0003410296144532328
0.0028722126346010365
0.15862712586377578
0.08575786726943568
0.005191683420301959
0.0018098119541655143
0.004266989506346956
0.0
0.007028303537236581
0.018239177445253135
0.10164906063783083
0.08114492179958038
0.01419717787479057
0.00882016406735061
0.0030455690889315767
0.0008257494920139215
0.012173567749787164
0.015376045750331744
0.045195856269723014
0.1047541713634398
0.057178334336707264
0.02072822236167409
0.005323076394095418
0.00378694989059497
0.006672438425018642
0.007975765592696813
0.17851658098048062
0.09651061364034677
0.005842642414899849
0.002036735145492597
0.004802005795697243
0.0
0.007909547063457256
0.020526095897488793
0.062287725251883815
0.09079832842156885
0.028073006978895827
0.00412918296922712
0.0052370271986242715
0.0005188384148336301
0.0014264467433140991
0.014977396815808293
0.05086273669665368
0.11788876847774414
0.06434763724278471
0.023327229599979866
0.005990510090864736
0.004261776434088431
0.007509061819981703
0.008975806606574425
0.046873211638826684
0.04871488542754052
0.03810281375016848
0.02100001546048963
0.009538764208170146
0.008041806815146043
0.0048846432096356605
0.016088108395290887
0.08464182408216621
0.1233844406764678
0.03814797391550691
0.005611082714468343
0.007116515060823627
0.0007050414773991112
0.0019383763626288364
0.020352552310522874
0.044960672824636394
0.04449638680833589
0.054281557873434
0.017915394404680887
0.0297221680437405
0.013677307336148544
0.005588204338145542
0.015345213665283729
0.06369528053329775
0.06619790248988203
0.05177732282621391
0.028536595406906052
0.012962078785254447
0.01092788659399262
0.0066376659218523185
0.021861881054451394
0.014339469613368178
0.015695233108377414
0.050134337767792275
0.060137586278462205
0.045006280186803076
0.012829477183869358
0.010378619436402805
0.020997602439003733
0.039476163520777485
0.039068513244470984
0.04766004421535381
0.015729992338345846
0.026096521519219856
0.012008886589212113
0.0049065295152627775
0.013473334046284008
0.031181798520207228
0.05914366875743518
0.09109400638561245
0.03049147516768198
0.059021441050015284
0.03141248066833552
0.028285478930038497
0.03447410812945603
0.012590275271600542
0.013780656510627702
0.044018721059770165
0.05280172738813184
0.03951620748750515
0.011264478651640517
0.00911258778509327
0.018436218484973062
0.047328511020213834
0.07212394049814486
0.07110699519233575
0.016538325980444902
0.002849287210116895
0.004676788831842313
0.005028518899869316
0.015302257003765512
0.028915105562111933
0.05484434851772798
0.0844721259105287
0.028274963762807987
0.05473100588739924
0.029129018773695982
0.02622932761902538
0.03196808789194427
0.0496050487417147
0.0004796267163642714
0.022130560659033422
0.041085419376831224
0.05391302048304319
0.021139125032450818
0.020408084740677835
0.03306770442252838
0.04388806794964712
0.06688104766336227
0.06593802698258568
0.01533610837858767
0.0026421644795092433
0.004336819849464152
0.00466298166594112
0.014189892745144513
0.05614694864004997
0.053842566840152595
0.001954972109073288
0.001936215986788944
0.0017981374812355124
0.00436727642756015
0.012925764299782837
0.06876037864775864
0.051590391805577195
0.000498822818348467
0.023016292176657193
0.042729781280604125
0.05607078151711059
0.021985176318033074
0.02122487759774342
0.034391173288670494
0.20419654535443713
0.05283025531225483
0.0021135630239560756
0.002451172158365178
0.008875218892512578
0.0
0.0
0.003454748966480313
0.05839411818966533
0.055997508107789265
0.002033215965600927
0.0020137091669595038
0.00187010434482696
0.004542067949458915
0.013443092215965591
0.07151237555693792
0.1400437012591156
0.05401802004238785
0.00533568360508597
0.005328526313764149
0.007356997307667586
0.00434245770292534
0.011216348560877984
0.03712321521324802
0.0439408322688085
0.030915113846505648
0.02825325771559609
0.011621169172100392
0.011473037300301064
0.010533251682220477
0.01106392968195127
0.02525587285676982
0.11085921403846655
0.043090682181190214
0.020103104962688155
0.023644036527311348
0.03276038042843311
0.018310678518368456
0.013412383619967293
0.03549301609482807
0.12105028290755591
0.13129338435718363
0.011473449669868427
0.004728194434409749
0.018702889558035
0.006370441036915278
0.010658143488995015
0.026256321078113428
0.06947365622777213
0.010661595101575687
0.0026563259840632607
0.0017560196304805644
0.002049512766048499
0.000599632105989514
0.016708224918264833
0.09483191040321858
0.11164066975115235
0.0433944319420566
0.0202448134021
0.02381070528439642
0.03299131104306543
0.01843975199643197
0.013506928614638824
0.03574320928290289
0.06787517504061062
0.02726525118345998
0.006938443986223978
0.009696928083751187
0.0038857868090873843
0.01124496201812454
0.05558856273102648
0.05616764969076692
0.06996338174144502
0.010736749561858784
0.002675050644282137
0.0017683979572054075
0.0020639599500118936
0.0006038589619960227
0.016826002569175175
0.0955003883350916
0.08304413561841888
0.06526001453969467
0.008629230512166365
0.003964903617279894
0.004089188388427483
0.009865524975797567
0.038911041438039716
0.04766353450253683
0.0800680833744724
0.032163105342668245
0.00818484683458564
0.011438857370482121
0.004583818782335103
0.013264975830578295
0.06557433808092432
0.06625745061722092
0.07335743598098061
0.04576033137710518
0.01108153716012559
0.0039027077485613995
0.013440002692502591
0.008354648357897489
0.02239471634434124
0.037897380631149884
0.09796195399095854
0.07698314268887292
0.010179361566173308
0.004677147914685625
0.004823758857677204
0.01163774054096337
0.045900913083236246
0.056225679745029025
0.04179399476818637
0.009486863674841873
0.008262600438379826
0.011981820766990132
0.010445385941505975
0.02080405921007034
0.0235738293893551
0.06753744504179861
0.06694625954695793
0.04176104276764466
0.010113050612801829
0.003561625108310154
0.012265394728318642
0.00762448209798914
0.020437498568754205
0.034585285676296096
0.04268511447139564
0.03427856666153703
0.03421434446621664
0.008695007488719238
0.008991106628408756
0.012287338028165506
0.05263004607831509
0.04444910702912572
0.038141349732842784
0.008657745862699403
0.007540478836037828
0.010934652665886828
0.009532496725887567
0.01898585915501121
0.021513561368538648
0.06163491491276924
0.06863544370724742
0.04603536372992717
0.016203787183392156
0.0016271410346597262
0.009541785444789048
0.028327708239007363
0.10183438110215146
0.11532800024037196
0.036482511121647056
0.029297524557458588
0.029242634533522896
0.00743152996866339
0.007684602738658465
0.010501856486021227
0.044982337874989606
0.037990176707246366
0.06221546870704723
0.015366562624312618
0.017016882262970857
0.022093388943420535
0.021757506575177544
0.011255890125851794
0.039751227967818784
0.027458157650954895
0.05866198016329142
0.03934593335556358
0.013849203720117793
0.0013907000514955122
0.008155262037382201
0.024211389466295336
0.08703675712559975
0.09856960918369341
0.03279192733381589
0.028924314033714482
0.05990434151718084
0.0664728526135268
0.016167660601935436
0.008564626251367396
0.010710826799591488
0.024714305532989672
0.0704040533828321
0.017389056416289496
0.019256585414357947
0.025001244335302455
0.02462115429217379
0.012737351429806063
0.044983147021802235
0.03107210533371865
0.0380741981633047
0.06345715677524447
0.02528519139598365
0.01376735245715963
0.00784391490228602
0.009714412422688523
0.02681271371762174
0.015489939402553431
0.037107887323115464
0.03273123214549968
0.06778874363058977
0.07522177942511853
0.01829559213728531
0.009691872718094213
0.012120548754899783
0.027967116895916543
0.06368313034093125
0.05483183380311015
0.018101668080234046
0.022186918858849523
0.02937600919337405
0.008671830514966833
0.017503499743004542
0.058810701444503975
0.03796139656248451
0.06326915363366696
0.02521027950803585
0.013726564220738669
0.007820675905790804
0.009685631743772927
0.026733276272433566
0.015444047695163521
0.03719211058714225
0.095807558289642
0.06400376298773053
0.01645471865925544
0.006401411236186893
0.005965602407439909
0.024160571091586352
0.014387604585850125
0.06349445771237353
0.054669384718762565
0.01804803866095624
0.022121186155725704
0.0292889775282945
0.008646138670848829
0.017451642504081266
0.05863646425532287
0.053888132711372425
0.04740443358759347
0.032715112274274684
0.011185558661626604
0.01456312250973947
0.02807236645467835
0.03397738771591836
0.04161317253634212
0.03074937708156903
0.0792109587384127
0.052916487171058374
0.013604292438286524
0.005292504373864532
0.004932190054535454
0.019975271617365047
0.011895261433852684
0.10876845507827157
0.08682822769050492
0.015191533440867634
0.00943791918117899
0.0032588775789821767
0.0008835841272358503
0.01302619176829096
0.01645296799579058
0.0445531723476989
0.03919263469352656
0.027047922468140733
0.00924790112000996
0.012040374651173389
0.023209432539849317
0.02809153582923145
0.03440458510366825
0.13089661165086108
0.011974380552860596
0.00903461068012297
0.0005357136018716926
0.004020259583970506
0.0003863085704708175
0.025042356702468006
0.12789805221832695
0.10042940001833355
0.08017128500480707
0.014026829632974787
0.008714333214581775
0.003009026098190493
0.0008158415388005846
0.012027500279118657
0.01519155257973486
0.044653562954755324
0.10349725332860153
0.05649226638643466
0.020479509817081153
0.005259206186031365
0.0037415112645950237
0.006592377573182427
0.00788006645742971
0.12086103607032758
0.011056329279013797
0.008341945551686296
0.0004946415353506504
0.0037120345015985226
0.00035669108222972874
0.023122410416366843
0.11809237005855047
0.05278184179392626
0.06988774795270966
0.02958334135159715
0.015056035416522284
0.006744805506277269
0.011204908197681218
0.016576112370523907
0.029146182338900935
0.05586452550892889
0.12948182778915313
0.07067551719892713
0.02562120518234822
0.00657961064459645
0.004680875111683656
0.008247495176917813
0.009858478125680152
0.05148267469168511
0.053505456772058285
0.04184980496435412
0.023065135216320504
0.010476796394363847
0.00883262976276621
0.005364993960394991
0.017670196301062795
0.06603353354563686
0.08743414007571292
0.03701069339640796
0.018836084265926964
0.008438192482870265
0.01401807243172985
0.02073779987725234
0.03646377890179146
0.010414331205983635
0.04898684895888721
0.025106608686325395
0.02001872242908225
0.0271294805022602
0.014513877245434431
0.017965290375849274
0.02363526746786869
0.06828911017596462
0.07097222617908246
0.05551160578133254
0.030594711122598765
0.013896929550581664
0.011716027394172343
0.007116387519663391
0.023438603166223784
0.015373660530159497
0.01682720437058323
0.05375012539012262
0.06447482797315912
0.04825222215137647
0.013754764459374288
0.011127146002542684
0.022511991067197364
0.01381407270297216
0.06497852618887098
0.03330262028911665
0.026553801831948016
0.03598585532182439
0.019251908884484886
0.02383003022214213
0.03135096212109502
0.06176817911994595
0.03511354697231503
0.01594946267038241
0.004764025864670144
0.009428085253401658
0.012925307637442918
0.03108496249552334
0.05229103617115813
0.016291935781358464
0.01783230041066168
0.056960643132319626
0.06832593674045077
0.051134347805838545
0.014576342362980015
0.011791775143440363
0.023856641823057727
0.06124354277685442
0.09332906402330932
0.09201312713884995
0.02140075089639623
0.0036870047118492647
0.006051809167605535
0.006506951216294063
0.01980126590063807
0.0654576186054998
0.037210893996677534
0.016902130827156265
0.005048583146198265
0.009991228776533873
0.013697341733962266
0.03294168046377101
0.05541440189666803
0.013843502839489793
0.055438034461339235
0.034430828836357424
0.06230650362994798
0.01609524383768918
0.005552670480858008
0.006124605443247175
0.004741214188806439
0.06260263902265634
0.0954001914399653
0.09405505172369234
0.021875669212382785
0.0037688254889454926
0.006186108895333089
0.006651351304347489
0.020240688979830893
0.08008890165703764
0.07680189476133958
0.002788603348502157
0.0027618493169923007
0.0025648919378279526
0.006229552643337594
0.018437516034645798
0.09808089908367476
0.014150713230737919
0.05666829680565807
0.0351949062899078
0.06368918874797007
0.016452424113082016
0.005675893489562875
0.006260520641609623
0.004846429630506603
0.08396003796417831
0.07208037858688036
0.017496482908119122
0.0020739014073626804
0.004732092451238652
0.0015344731314982816
0.0030727117891763615
0.013576834431508034
0.06791185328462142
0.06512461653361562
0.002364612543738652
0.002341926306006862
0.002174915142657272
0.0052823856538179005
0.015634199720201712
0.08316827289151582
0.16286961064218303
0.06282248907208658
0.006205353782119251
0.006197029914352568
0.008556124097137246
0.005050240667354275
0.013044516151120353
0.043173977502784074
0.0711944059916257
0.061120979236978214
0.014836245168417292
0.0017585768463489473
0.004012605512483571
0.0013011654801030445
0.002605523960186997
0.01151255628314824
0.1345825193236902
0.09772315943128877
0.003463403888273265
0.0039441659385238146
0.004181177501530381
0.006065960752172848
0.006792744787482212
0.022982618554087543
0.12321401525716834
0.13364020863714576
0.011678533653284667
0.004812709290610479
0.019037197303510108
0.006484310488698375
0.010848654153654604
0.026725643825107014
0.07071547403947177
0.010852167462628045
0.0027038069012885685
0.0017874078799729421
0.0020861471048234806
0.0006103503245217795
0.01700687871643777
0.09652699832359701
0.03991257292953354
0.02475099601675571
0.03042976792072215
0.015602218370914944
0.021677135200643783
0.01580801500131328
0.05052912402213054
0.039043298359381064
0.04645594575426562
0.028136703868422933
0.002432829073076532
0.00023265407560935049
0.001195664707054328
0.003195946116790405
0.0351333857053009
0.10673318308926055
0.0675495094488598
0.010366310889017379
0.0025827562115264694
0.001707384799680551
0.0019927493307946697
0.0005830246572395962
0.016245472863695834
0.09220543981208948
0.080178951960319
0.06300841753294563
0.008331505331919536
0.003828106756603657
0.003948103462223308
0.00952514524002533
0.0375685350802134
0.04601905016746648
0.0443760915034223
0.026877010578461535
0.0023239101864397484
0.00022223804467346757
0.0011421342432315796
0.003052862125956737
0.03356044772245985
0.10195468894927519
0.12415182800857034
0.09786809792084723
0.025051890191687912
0.009671281349674458
0.014666488625619336
0.0005830246572395962
0.021531232906487386
0.04732625554068822
0.07256476616497838
0.05702482974542153
0.007540304798598745
0.003464570998446023
0.003573172229454469
0.008620590817549827
0.03400084307170365
0.04164885587665553
0.030958666440378323
0.007027340882435495
0.00612047477922927
0.008875466308762767
0.007737360857647761
0.015410489790765628
0.017462181464954565
0.05002798236640441
0.11236176263385367
0.08857406422763162
0.022672840057203908
0.008752849126815291
0.013273687065728863
0.000527657781582702
0.019486521623233354
0.04283192262819382
0.1300096022390785
0.07115197319740182
0.019310488909066413
0.011065854371747744
0.006417510357867679
0.024128759027669776
0.007802006829023087
0.04957455454853951
0.031229196944764927
0.007088748891630049
0.006173958191775451
0.008953024054404039
0.007804973335060888
0.015545153458658728
0.017614773721100426
0.05046514897786334
0.05619700938583434
0.03769262101146496
0.013267261508721007
0.0013322629687785256
0.007812578709122655
0.02319402920416433
0.08337948094293372
0.09442772366419962
0.13114568357955145
0.07177373057297436
0.01947923249221081
0.011162552695960865
0.006473589398525444
0.02433960678374316
0.00787018421149362
0.050007758907408974
0.08021833903764994
0.04515232385610802
0.007532904496661545
0.01258828726646998
0.014187635544504636
0.02479461287886494
0.009274761000926005
0.021820803098214943
0.06686562430504776
0.04484830533100346
0.01578595966750107
0.0015851839113760321
0.009295742932354169
0.027597255794129347
0.09920850074426646
0.112354176201106
0.03737774768662589
0.03296926408000506
0.0682817249431279
0.0757688161389796
0.01842864350455436
0.009762355100236526
0.012208693241931941
0.028170502668492425
0.0954472378350176
0.053724181348045234
0.008962974498186414
0.014978086844884183
0.016881060370712898
0.029501699248166625
0.011035510454820614
0.025963332176310618
0.03582224815879508
0.004791401649881472
0.009173662812137754
0.0022148152007223456
0.005732968142317026
0.0027956483285037103
0.0028569173232996722
0.019609700807358497
0.04222172627248255
0.03724192412720584
0.07713071221231568
0.08558809486947014
0.020816908181465022
0.011027509957868427
0.013790881904582998
0.03182126602702997
0.07245930424486055
0.062388210293261304
0.02059625944489932
0.02524449874311727
0.03342431780986765
0.009866895711311843
0.01991565751303893
0.06691540579125776
0.04046464139322035
0.0054123445483902745
0.010362525945048377
0.0025018447321397143
0.006475933586559635
0.00315795107478993
0.0032271602403328515
0.02215102490163742
0.023545774689904035
0.06752350885253228
0.1000165574847335
0.045024540777419714
0.019113068824161035
0.009864957761642442
0.000568939901308278
0.010139586044227477
0.0630578258330573
0.054293440155239445
0.01792392784369085
0.021969065554465785
0.029087566227809638
0.008586681831422263
0.017331632919965593
0.05823323930456829
0.05351756057789275
0.04707844786110637
0.032490140497697495
0.011108639011068249
0.01446297639023177
0.027879321414787068
0.033743735658917376
0.041327011532949334
0.02049074822031138
0.05876244196978871
0.08703956970083139
0.039182678886366694
0.016633178825128853
0.008584995327611608
0.0004951208623938567
0.008823991031373242
0.02455820157386
0.044264999973610324
0.04494177515290539
0.0279587668595503
0.021576767477669873
0.006993440720917442
0.025553680688888837
0.0320483725572937
0.0485026078900094
0.042666883019715614
0.029445597441937546
0.010067685378919791
0.013107698953446885
0.02526684288707172
0.030581722368053434
0.03745439466978529
0.14249999931509832
0.013035854779287075
0.009835487714255391
0.0005832021695368527
0.004376637261553943
0.0004205530634692023
0.027262247417591298
0.13923563126390603
0.02225693414570138
0.0401170739807258
0.04073043080784171
0.025338843763314762
0.019554880327180564
0.006338108639966701
0.023159130222233357
0.029045226106614887
0.07724493384440648
0.023498457390465927
0.013520561683404307
0.010343225471772055
0.011081477590225706
0.019865952617405643
0.024627620266883945
0.03893404538503051
0.14230950820568258
0.013018428712964101
0.009822339833726702
0.0005824225567030092
0.004370786661613797
0.00041999087666209017
0.02722580379807759
0.13904950389550505
0.062148713862696166
0.08229030102774838
0.03483331680506926
0.0177279383440488
0.007941765069619069
0.01319337502761417
0.019517774099162534
0.03431857784429881
0.07714167438324517
0.02346704512913693
0.013502487670720978
0.010329398857705216
0.011066664095697473
0.019839396214795968
0.02459469856351934
0.03888199914267904
0.044645482756329534
0.046621547197859804
0.023249445885028024
0.006388482794141329
0.007950159780183751
0.009506699834299035
0.012155776878573358
0.021888442101435167
0.08217301400290307
0.10880421554009166
0.04605660281102942
0.023439875666719494
0.0105005997986595
0.017444277178202867
0.025806396056711634
0.04537601508519687
0.012959733306240869
0.06095989127516126
0.031243000281379645
0.024911566444469006
0.03376028907589808
0.018061263332231653
0.022356248081145218
0.02941204355295117
0.05903024618992621
0.061642998102753345
0.030740411563317645
0.00844685036057328
0.010511699282879011
0.01256975615506906
0.016072365163758196
0.028940892699351118
0.03666028427645119
0.06263679195778404
0.038732030348294116
0.006559127217641334
0.003326303086912126
0.004749130023458261
0.006030536656368703
0.02008547654851404
0.01654671728434582
0.07783231821049985
0.03989041136531529
0.031806568648162226
0.043104433214506424
0.023060244458320982
0.028543991438409407
0.037552683988580825
0.07398691313146755
0.04205956831807365
0.019104521549771734
0.005706426396688039
0.011293111349210015
0.015482140270186098
0.03723406538154762
0.06263503968988764
0.04680708662377097
0.0799733500399067
0.04945224881389342
0.008374556878427773
0.0042469544303567605
0.006063590198026715
0.007699663470525621
0.02564471768948938
0.035797641905578825
0.026289062713915252
0.0359827930269952
0.024978189587304515
0.038269302235157204
0.013430902729970683
0.011664135904924421
0.019486561114844064
0.0797456215483695
0.04533323902324515
0.02059150572566329
0.006150581238810551
0.012172101060054528
0.016687179482014734
0.040132147172406936
0.06751018469849505
0.016865244441522903
0.06753897574831685
0.04194634489422367
0.07590668533820555
0.01960849250481662
0.0067647000942393145
0.007461476268390193
0.005776120189446526
0.03858392089765671
0.02833524953690218
0.03878348309903535
0.02692234571610246
0.04124796080547717
0.014476285613565783
0.012572003996301899
0.021003281015147618
0.008247322210546493
0.05192791712079543
0.13719431512815009
0.027020061273656998
0.004834127999887366
0.007440750780327733
0.008781450422197393
0.002438830169202606
0.015243574356773978
0.06104479554800079
0.03791301274090796
0.06860791174069092
0.01772304662157787
0.006114243362754458
0.006744021333511123
0.005220719919404908
0.09044428085253323
0.0776471540859734
0.018847738191217007
0.0022340690392255694
0.005097552467312889
0.001652980658788045
0.0033100176557534088
0.0146253748352944
0.007454304608311199
0.04693481132561424
0.12400245672299269
0.024421959288980645
0.004369304570233203
0.006725288695543379
0.007937073959125065
0.002204325538042816
0.04910057062906224
0.1703499648178154
0.0825681492446508
0.00916789927120924
0.016680517411107137
0.004320054032285463
0.005169167376987683
0.006123573425678584
0.07636213346735213
0.06555751549775395
0.015913151011306994
0.0018862251602926403
0.004303865077997072
0.0013956120662967151
0.002794648900133903
0.012348208362712889
0.1443513455843282
0.10481650685056869
0.003714799025063545
0.004230457739198875
0.004484673057881947
0.006506265458828719
0.007285803945500867
0.024650838236685475
0.04145562651786605
0.14382652642002197
0.0697123131870828
0.007740460106093174
0.01408336585624781
0.003647422915965565
0.004364329567728109
0.0051701348810680664
0.07489213623475274
0.026823702018453396
0.013586296643219366
0.019294005991380186
0.03337974743384919
0.017695984062798164
0.030223334045914096
0.013502492342220817
0.04239369084297228
0.02628961242469925
0.03232139847090452
0.01657211183175008
0.02302466868472427
0.016790701566394246
0.05367020728386405
0.0414703788467809
0.04934382470409292
0.029885788802544243
0.002584063016430714
0.0002471167411871378
0.0012699917901110014
0.0033946183290467623
0.03731741109467069
0.11336812524116446
0.04207196788454724
0.06991943298978591
0.04624663856849972
0.021323577797187944
0.017833428272105954
0.012102010916913894
0.04390216463802701
0.02948890008030784
0.009234998320085177
0.018613134820486398
0.014052494040990085
0.008090609497277582
0.020132477228893265
0.02691021510554521
0.08475251524290062
0.04538166499049325
0.03841799614538968
0.023268405436817286
0.002011893557096815
0.0001923995569318169
0.000988787147930873
0.0026429737593804763
0.029054500014711323
0.08826588179257709
0.10748275227232437
0.0847279713309083
0.02168833234771854
0.00837277995931927
0.012697312548176786
0.0005047456473892153
0.018640371307669733
0.04097206043478768
0.00719016274055229
0.014491769660647146
0.010940956951297862
0.006299167248267266
0.015674695612166677
0.02095169043737887
0.06598640910873209
0.03533314738230091
0.04564585376434041
0.02688743640270058
0.0012521197757378402
0.014030515140482307
0.005770733593697727
0.01550032335352571
0.1276030582273212
0.1065127506779734
0.09230727810193537
0.07276524137416215
0.018626159856008326
0.0071906283738716655
0.010904580835092173
0.00043348068280062597
0.01600853999217373
0.0351872211774119
0.10680530661405688
0.05845266951566302
0.01586392584301165
0.009090805207969203
0.0052721041343584485
0.019822224372534385
0.006409493739134777
0.04072641872309739
0.03920112230611496
0.02309120316517282
0.00107533316660078
0.012049548747175074
0.004955964556396984
0.013311834952259913
0.10958680098369301
0.09147423089169816
0.020914943383810045
0.014469475257938865
0.016237266043096162
0.01782257932891236
0.014368058845855203
0.01907477386385006
0.061624178941226106
0.0248765669476172
0.14090314996471287
0.07711382064905085
0.02092852118447797
0.01199306598263997
0.0069552356809144
0.026150515755645087
0.00845573957094314
0.05372842292941863
0.08618672263419093
0.048511735086525294
0.008093365660175333
0.013524877678725747
0.015243220243382294
0.026639375093641622
0.009964819310333089
0.02344430870599887
0.02759208786096596
0.01908888899638
0.021421051114572667
0.02351247936597579
0.018955095158098685
0.02516443992799996
0.08129784185896517
0.032818468991371266
0.019010109921877624
0.08601017118788704
0.0071371291496468686
0.0030990858244495877
0.01077750377903356
0.014191809893198728
0.018171741392534246
0.013915146576832951
0.11999406140110651
0.06754079910143197
0.01126804438417549
0.018830104603370233
0.02122247893794941
0.03708885444270783
0.013873588687785762
0.03264050113976739
0.04503490245073512
0.006023639413924528
0.011532916862983853
0.0027844144808774935
0.007207355046448421
0.0035146244647354403
0.0035916504289256104
0.02465286262974725
0.026466957177260594
0.11974825642743138
0.009936717480780594
0.0043147236992021115
0.015005054266896717
0.019758645597248322
0.025299732786866192
0.019373459179238977
0.043178210061335084
0.07005285910398915
0.0666782283409145
0.02631570175780154
0.008897411217322312
0.00914584861232279
0.019010706255764197
0.09001661595111791
0.04266536601754764
0.00570670227683864
0.010926106029593975
0.002637910964749053
0.0068281360531762736
0.003329700544287896
0.0034026737445434787
0.02335573855475997
0.0248263437095424
0.07119586683066692
0.10545609415968293
0.047473261739135623
0.02015255909911602
0.010401476922977024
0.0005998824725868473
0.010691041238681653
0.04090636453059195
0.06636698897076447
0.06316991628168384
0.02493108647750379
0.008429268978898256
0.00866463470222222
0.018010447375600397
0.0852803416509404
0.0627415813902672
0.043009376654524284
0.04506137325293831
0.035865364235292345
0.03629588712148093
0.027595038279346153
0.012334921114694327
0.031688478890446646
0.022917612507312394
0.06572209372579875
0.09734828175915919
0.04382336077050079
0.018603163875747626
0.009601777064454137
0.0005537615291852099
0.00986907872034449
0.027466803139394595
0.04950761710232849
0.05026454755439841
0.031270121431403945
0.02413225670907707
0.007821723385189779
0.02858018388918775
0.03584408806653524
0.057917801639291375
0.03970267389678395
0.041596906227527854
0.03310791671921151
0.03350533958568892
0.02547344070514217
0.011386571688612174
0.02925216409850432
0.037814252254731354
0.03151857518384114
0.026962863258507642
0.016442852343826156
0.03410116385922552
0.019689859352356454
0.01535603715413811
0.02284504642912592
0.02826402152042514
0.05094456563087386
0.05172346583553892
0.03217773035318697
0.024832690557406167
0.008048747317402197
0.02940971792028926
0.036884455440666764
0.09809313619880508
0.029840628589414036
0.017169725348797914
0.01313483453790227
0.014072338941108828
0.025227720432040884
0.03127454952525451
0.049442240761279545
0.0389118032441714
0.03243339542531337
0.02774545488687467
0.016920102792614945
0.03509094321232822
0.02026135351991362
0.015801743012840992
0.023508119260586016
0.06112546586920477
0.05159915362567486
0.007076035703879618
0.011068780518835227
0.025493987545340397
0.01825292450848594
0.031070098960972806
0.04310000276067641
0.09834112255656915
0.029916067800392892
0.017213131623875392
0.013168040324801433
0.014107914805174936
0.025291497886275327
0.031353613789361245
0.049567234228521065
0.0569145915802288
0.05943370199593965
0.02963866970002474
0.008144113728825661
0.01013495809545413
0.012119253840261123
0.015496328713934821
0.027903645914861355
0.06127999535245846
0.05172959992056553
0.007093924420558605
0.011096763175646123
0.025558438141592497
0.018299069187337154
0.031148646359652008
0.04320896260351984
0.03840515900013416
0.0932341855290517
0.012853751602061547
0.018971465082746653
0.014385992150891593
0.02084989513585892
0.036461833308096145
0.016678366035968756
0.06399152914204677
0.06682387359191878
0.033324034191953816
0.009156778192454444
0.01139517034756289
0.013626199604818708
0.017423190485249367
0.031373272146092174
0.039741451222891765
0.06790119229783731
0.0419873202085082
0.007110398610631515
0.003605867070866836
0.005148277568040386
0.006537381886339741
0.021773589656915168
0.04318057607244178
0.10482721450978251
0.014452027105711246
0.021330436132509
0.01617479121612164
0.023442436028275396
0.040995611211906126
0.01875220600903286
0.030597088129476063
0.058958557651922594
0.03817435027316333
0.04360718621925015
0.02628434726080216
0.014982820654956335
0.02117969254828153
0.042141058085334346
0.04703361910578996
0.08036039744632897
0.0496915831000727
0.008415087261588086
0.004267508436117966
0.006092936184640789
0.007736927568817167
0.025768830552901946
0.0359708919251
0.026416294017038305
0.036156939123288254
0.025099076651458586
0.0384545143610506
0.01349590433444206
0.011720586879504143
0.01958087031829529
0.036211354757954145
0.0697768767445002
0.04517897044798269
0.05160867869188558
0.03110726809082357
0.017732021809250424
0.02506595912933867
0.04987353037472604
0.09470010122859553
0.04514561063850075
0.018337360981939135
0.009468907188650648
0.019408886321338057
0.005286208283342249
0.01786442447863804
0.026971785198547097
0.04118827881395521
0.030247837208784083
0.04140131117043637
0.028739564457998513
0.04403213749762458
0.015453413602613104
0.013420595776757622
0.022420971594732126
0.008804004330652274
0.05543297515751377
0.1464547296314581
0.028843875671980445
0.005160424530462919
0.00794299051509579
0.009374185411062186
0.002603447618904463
0.1084358481083822
0.051693741764221264
0.020997097831461486
0.010842321901878263
0.02222404223215299
0.0060529447280958625
0.020455564399379133
0.030883899436829985
0.050708981566949037
0.0650750570918089
0.014283087810967807
0.017073626888461528
0.01424162169700753
0.02459580455841893
0.016423043016701288
0.024492472792455606
0.006794076162548264
0.04277779076340954
0.11301954770935702
0.022258904105285603
0.00398231486199756
0.006129629256322852
0.007234086587493386
0.0020090882221012463
0.04475172856586632
0.15526205274322186
0.07525508066082373
0.008355897588316792
0.015203122447587947
0.003937426448732245
0.004711333746283634
0.005581207963333072
0.03913227094762036
0.050218613889660584
0.011022301077956249
0.013175768331607052
0.01099030155525836
0.01898065507160756
0.012673710834943243
0.01890091364241253
0.04086524751309698
0.09101608872775428
0.116634115198627
0.01966330038573666
0.01087046973297855
0.010304119975988922
0.004499081508897634
0.013789675688566365
0.037481737720558204
0.13003948060490433
0.06302977082364335
0.0069984684807017335
0.012733350562656445
0.0032977851398110344
0.003945969942419354
0.004674531682896826
0.06771306197660651
0.024252412716927175
0.012283929834117533
0.01744450471243334
0.030180003140341242
0.015999667332566497
0.027326159918522976
0.01220815891726675
0.034226621814556574
0.0762303775824821
0.09768671412792569
0.016468965365080423
0.009104544304497324
0.008630198983548576
0.0037681984250444544
0.011549520520747663
0.08663703498522965
0.09158598471538505
0.04155385323150082
0.00842246727969518
0.02194232165884396
0.0
0.0020190759765576056
0.02056506212289593
0.03970464012656622
0.06598516932536128
0.04364440823078508
0.020123731434943223
0.01682996749070461
0.011421048560942846
0.041431854400382356
0.027829603041861436
0.008715358546446835
0.017565801098315424
0.013261780868186078
0.007635362799655794
0.01899965234388509
0.025396016878178815
0.07998361585498012
0.04282810544390381
0.09710629637402492
0.07566961772172494
0.017696217780758597
0.0036772763630155774
0.03270866955838331
0.004840035168414424
0.0048232629457286725
0.009190509826493928
0.05975379014072627
0.016831951204111573
0.04171742552103846
0.012059681560160036
0.009383888169984655
0.03620372984289645
0.05291395170771077
0.044067523107545664
0.007276775512713922
0.014666337662669875
0.011072751827971293
0.006375047079832842
0.01586351315201213
0.021204074709576075
0.06678128205168579
0.03575877082844582
0.046195704174528805
0.02721132273006048
0.001267202823057952
0.014199526865949814
0.005840247908184304
0.015687040403402585
0.12914016594075822
0.10779580433609845
0.04989065160895225
0.014053619217216201
0.0348314230409627
0.010069074611265104
0.007834955645884366
0.030227834389797262
0.04417981727493873
0.036793606521865585
0.045569535103453754
0.02286220604391973
0.03275700013561303
0.011849013712306546
0.0273251092129037
0.02795649594672188
0.03833830942618266
0.03912573287520774
0.044060034508080596
0.025953318385782822
0.0012086188772387084
0.01354306974840151
0.005570247904397718
0.014961814174155784
0.12316989792454223
0.10281230568390284
0.023507314918927113
0.016262942019880836
0.018249847455620045
0.020031657617424637
0.016148955216615385
0.021439059527741344
0.0692623907417829
0.027959974961829524
0.04346281380601646
0.021805265342861865
0.031242614051375312
0.011301222968234399
0.026061844415425847
0.026664041562911092
0.03656589430734247
0.03731691444993933
0.01621291660834626
0.011435992928218577
0.007051919020725499
0.006370316210938906
0.01140105364212113
0.0735126960995972
0.07203117157040795
0.023421828306647994
0.02841426755642041
0.019657693250001208
0.022059348345664368
0.02421309626825251
0.01951991266820972
0.025914281391992762
0.08372032743517514
0.033796382622864836
0.019576566743299828
0.08857307315853793
0.007349798908464834
0.0031914313349514513
0.011098648188962052
0.014614692641134757
0.01871321679226747
0.014329785404905458
0.01959722545804514
0.013823159469995523
0.008523947313088098
0.0077000656970346
0.013780926904224949
0.0888578479920714
0.0870670677813597
0.02831093633879014
0.06821780981526547
0.027660846890693497
0.045106192342614114
0.05634494335280714
0.010469994996932266
0.03848519563587983
0.039224075370247836
0.012087187485026267
0.01846797040780507
0.08355729150414387
0.006933589046777204
0.003010704595206791
0.010470145710842904
0.013787080991002624
0.017653510877882514
0.01351830769297512
0.03012865817306099
0.048881105608397514
0.04652637398389191
0.01836242821827866
0.006208387536469678
0.006381740839923955
0.013265187917580886
0.06281130801935522
0.06435472110475063
0.026094447945372835
0.04255188544116226
0.053154200126804024
0.009877092357851279
0.036305827444706194
0.03700286534967518
0.011402705270752185
0.1163366079448737
0.12328262319214539
0.012598040244478867
0.0010404418028978732
0.0017717260745795105
0.0006696743185622597
0.000513616784582287
0.06307968211153289
0.027858255813236563
0.045197576893422645
0.04302029055062596
0.01697869250328545
0.005740542681496728
0.005900832616944863
0.012265564443525246
0.058078042397910715
0.04272858379262511
0.029290459588838056
0.03068792051753433
0.02442520872160284
0.024718405558684882
0.01879291020807211
0.00840038932309087
0.02158064549105104
0.1075698415095806
0.11399242656231139
0.011648690952654035
0.0009620373312818273
0.0016382142853195274
0.0006192097361555651
0.00047491221456583273
0.05832619264976015
0.06773165333432223
0.019933922412589126
0.02044592309602948
0.005871579624466053
0.010435681659644149
0.00980298457062731
0.04699275532788238
0.10788960613964219
0.05370788374579419
0.036816773663575456
0.03857331840332092
0.03070137491224371
0.031069909982749715
0.02362183220485052
0.010558906781784
0.027125888487617444
0.035065617246312596
0.02922755912507602
0.025002991901530876
0.015247657492793604
0.0316224250974518
0.0182586466878258
0.014239840514095808
0.02118449014042684
0.08513560339011464
0.025056032578308938
0.025699594118224235
0.0073803081657348455
0.013117176551052044
0.012321905126468021
0.059067753153102996
0.1356123210647471
0.06455802964240762
0.011524810553151769
0.017537843986321498
0.021924479311922686
0.0065601459931586715
0.010266267927080925
0.024450613416241978
0.037761938940211244
0.04153618888273995
0.034620848333370445
0.029616732167029314
0.018061270023889273
0.03745763300134624
0.021627869609182407
0.01686748307035073
0.025093611718751133
0.06524804003446097
0.055079230786010465
0.007553275125623499
0.011815308466867288
0.02721341582174285
0.01948398318344267
0.03316560507232977
0.046006859262741166
0.07647076320627284
0.013651455344732171
0.020774058967648067
0.025970149262138194
0.0077706735106407385
0.012160676960132219
0.02896242464583106
0.04473005615105906
0.07888919822642135
0.06341425671392843
0.033950437602729484
0.006107945908650052
0.006013898832878131
0.014431120754430265
0.028004258396286542
0.04825120024679987
0.06126431751381662
0.051716365449578756
0.007092109515029267
0.011093924186160014
0.02555189928552998
0.018294387564037985
0.031140677307945498
0.043197908047466385
0.038395333446421966
0.09321033254883816
0.012850463105670508
0.01896661143406969
0.014382311646962909
0.02084456091072135
0.03645250493370737
0.016674099052428407
0.07407261407394433
0.059542495930496875
0.03187759184686782
0.005735024949517556
0.005646719922909955
0.013550027916741984
0.02629445692503455
0.045305220674543366
0.0794402300410584
0.049504874695792185
0.02420382983042248
0.007564258955553804
0.015499727873952368
0.021529740959789705
0.010032850321617767
0.02907246274100354
0.041801206976098154
0.10147859266861027
0.013990368615197013
0.020649052346351223
0.015658100398799085
0.022693586088289246
0.039686039077051934
0.018153181729835315
0.029619688528945094
0.05707517350592092
0.036954901071016066
0.04221418940168977
0.025444714730928304
0.014504206387447859
0.020503124145809386
0.040794895562800755
0.08648700766745356
0.0538962245600046
0.02635084031155961
0.008235249595192009
0.01687463748260946
0.02343954530979116
0.01092281835341736
0.03165134726691221
0.04209185359900119
0.014176198815731123
0.023050939397540247
0.03443233778464267
0.021145531869706753
0.01187779432891698
0.0064384468015302775
0.04770813333947015
0.03496221996292955
0.06736987691772481
0.04362049177831716
0.049828402954891285
0.030034202164123586
0.017120343909428012
0.024201292178090635
0.04815310973434384
0.09143335817720484
0.043588282737677134
0.0177048015042677
0.009142270929961544
0.018739363863569895
0.00510385700859411
0.017248179260569964
0.02604137550797804
0.04968400132694169
0.016733173299559503
0.02720865929367906
0.0406429313491313
0.02495957159506817
0.014020203406130236
0.007599755584017913
0.05631329479394541
0.034195777423551586
0.024014657121963177
0.01285494768746964
0.017803658076013557
0.014908566948686221
0.03994920223445451
0.04328519554320434
0.03153489040725679
0.10135602378163823
0.04831863457534261
0.019626188057512726
0.010134421925086613
0.020773024717386863
0.005657745298368738
0.01912001158194507
0.028867476027488098
0.04739816980548005
0.06082627792606338
0.013350538711116269
0.015958882262036313
0.013311779938016717
0.022989933635783767
0.015350775298072024
0.02289334844637381
0.03790682196158463
0.02662081112283168
0.01425001125954181
0.0197357728877825
0.016526496415811515
0.04428462841630945
0.04798265530581433
0.03495716624423545
0.06137447717822487
0.05078538238503957
0.0746973795322938
0.03925116296554019
0.02922939369576927
0.003418477674170364
0.01016437070740745
0.02288166568153518
0.03921852759588301
0.05032930742237983
0.011046596799214006
0.013204810796740008
0.011014526742107886
0.019022492860436578
0.012701646648306478
0.0189425756625411
0.04095532404572709
0.09121670940632776
0.11689120397999572
0.019706642883986398
0.010894430782554806
0.010326832658664936
0.0045089985334357055
0.013820071348637228
0.05078290230984429
0.042021198892470045
0.06180663203980312
0.03247747379808241
0.02418519086228347
0.002828540881442639
0.008410275222001405
0.018932909026949465
0.04772669312920476
0.10812999686161151
0.043594754021877284
0.026959862313218376
0.017137457872783018
0.011565218981980036
0.009313709170362878
0.010326408192423458
0.037295080880200566
0.08306452541155446
0.1064444491209633
0.01794542852145204
0.009920777985433098
0.009403907018564719
0.004106022084099101
0.01258494934973765
0.0944041525483156
0.09979678175543458
0.045279207674936144
0.009177551910001263
0.023909477990548343
0.0
0.002200088640268906
0.02240874543024747
0.04346128182042574
0.09846624517064154
0.03969862075521755
0.02455041606722318
0.015605855705911694
0.010531616764858118
0.008481328005499915
0.009403520487553777
0.026774620844500014
0.008146215813238102
0.01538599516785076
0.003384917475754994
0.01745938488936398
0.004058741695792608
0.009645917907349364
0.08700410384426732
