0
0.013073456933657898
0.020585039619373954
0.03889254952906162
0.04303157256627461
0.04135464683911478
0.025453872050072955
0.016828792396534578
0.007334539438897995
0.023198649341385283
0.019541629919946946
0.010572694621978447
0.0237523054653547
0.04430822011076666
0.08852316686616853
0.045665989397468784
0.05054925750894237
0.006885919307354786
0.023088136565565395
0.014390757147613006
0.01947464668077617
0.020256823147751082
0.051597056414606185
0.02834756323011336
0.02001995382187898
0.03625990954066164
0.014977709625168976
0.004330726792987563
0.014774301578746984
0.017401178497348617
0.15454987337000467
0.0516523781504998
0.009326618264563281
0.018236580669590927
0.015361778403825119
0.008311251035839257
0.018671812670359573
0.03483092564938682
0.0695885286219056
0.035898275250790715
0.039737038082869075
0.023294972076774143
0.01271795211040983
0.0547815064503314
0.03605488401491192
0.0653489543997949
0.03146615745028005
0.015217724808817983
0.012873875935933485
0.02850410623823238
0.011774056575691666
0.003404407185783189
0.011614156436988288
0.013679158245076506
0.12149247103619748
0.04060420704051028
0.0073317038355661425
0.01071408596457177
0.006386997382472662
0.016066938590366196
0.021461141937778604
0.051486394060386485
0.09800821617798958
0.04900177929776311
0.016077911062078065
0.024302895049221115
0.013268230344370162
0.057151783548520865
0.03761490073215768
0.06817646207603781
0.03282762991069962
0.01587616279159954
0.013430900656010184
0.021951442496952068
0.007994185694933676
0.03240798077804028
0.035456661443313345
0.12991866140516917
0.016072027636483497
0.012638935288982842
0.008772639863558102
0.011177661251842901
0.006663348921574586
0.016762120213626053
0.02238971905316391
0.053714098784431265
0.10224881935402155
0.0511219801240279
0.01677356744041668
0.000966036490022197
0.0019838333685995462
0.002592681547251871
0.009329965791956446
0.05151210712548359
0.103895484616884
0.019257962732980166
0.001749059947269285
0.023284782287822776
0.008479755874849846
0.03437645507393833
0.03761031387687734
0.1378099751925079
0.017048249311695622
0.013406629500303153
0.009305493674995995
0.04141485157493303
0.040351010565900215
0.02030726486154215
0.021036859249014196
0.03400333771861614
0.03489662015249478
0.03222136673867787
0.02378470664792152
0.0010247139501371081
0.0021043322364611063
0.0027501621079251454
0.009896671813194246
0.054640974039425055
0.11020613977090048
0.020427699437370002
0.0018552985794063836
0.038655825354724234
0.017350758313462597
0.023415601161631605
0.054747058468329765
0.006658264465760308
0.013161515672100478
0.041424090784789404
0.0723431647710418
0.05132878696585199
0.05001028245740573
0.02516844156863103
0.026072687110071067
0.042143096293098085
0.043250213716081835
0.03993455502516455
0.0294783174187537
0.034827979182859174
0.015327856896141984
0.009846111335079764
0.02509490315370031
0.03413569780137891
0.019360904741796563
0.04177602323149531
0.020415085644910024
0.04790930183660881
0.02150420304069742
0.02902085503139193
0.06785247306859354
0.008252127566048529
0.016312134618149003
0.05134023786852136
0.08966075578587505
0.04778240248364557
0.0246113650512649
0.01334357784961989
0.010802401782740986
0.012541060141284626
0.021799264250719767
0.011445246836032716
0.017651579885168623
0.049868906887693194
0.02194739649774992
0.014098285944095474
0.03593247205521104
0.04887765455083312
0.02772216988992951
0.05981755650338937
0.02923161288758763
0.053906240789657736
0.02139527502801099
0.053060756899023495
0.07241107496445248
0.046191230913261945
0.006227797491561387
0.014191625693821762
0.02430735079529566
0.06841787081060217
0.03524011156882166
0.019106180058212373
0.015467563186442008
0.017957084365276144
0.03121356750076356
0.016388029456893813
0.02527465027736609
0.039005364868326134
0.008093201721654406
0.03147115436818546
0.01494027490856456
0.017555130625111142
0.015452204727404209
0.0183097320233847
0.046920370993768744
0.049741308692369986
0.019742222127472647
0.048961149019159524
0.06681641271569075
0.04262237993375189
0.005746622152898399
0.013095144906086476
0.022429303577675856
0.12649192746147656
0.010183418739844716
0.018233918966996613
0.01846583910031211
0.07107774818053124
0.060107194675878016
0.018698808711184546
0.04101439413677253
0.03599171201984779
0.007467900548236097
0.02903961362175855
0.013785951594650195
0.016198776964726935
0.014258328424767005
0.01689507595611237
0.043295184812986325
0.030689620633103078
0.01677595305001693
0.02756500345617529
0.007041392093349186
0.018391800508864176
0.03601315593824977
0.03657058477899171
0.016592059536431995
0.10858249717143076
0.008741593702502796
0.015652259352763726
0.01585134294430278
0.06101416545427119
0.0515968839028392
0.01605132742253195
0.03520734820568181
0.03245399875159761
0.015302742904869632
0.013535888159110799
0.04196589718813944
0.06060534364507977
0.06350207011963666
0.037232712720126696
0.03598419221649788
0.02634441353264283
0.014400720355504775
0.023662197026147632
0.006044432655924824
0.015787787148230967
0.03091421311443153
0.03139271808101582
0.014242863507882921
0.03359609856647249
0.01073441689592464
0.016978909658897923
0.007876958426430734
0.015005766130690906
0.02586598847575439
0.07031485495423466
0.04355731780710716
0.029810650496351704
0.014056348614056005
0.01243340255718392
0.03854781358121143
0.05566909432156879
0.058329885097383224
0.03420014262113469
0.033053312960602474
0.0380689865861896
0.02588045192915129
0.022543217358468717
0.051927363628295864
0.04374301587230682
0.025151687113431704
0.03746021862843322
0.08498644382013655
0.030859727335041942
0.00986010854365949
0.01559599313245243
0.0072353874301255335
0.0137835603241341
0.023759227579172107
0.06458777489289104
0.04000961445905855
0.033666890439682365
0.00737702363875286
0.010030086324708086
0.002968620456901738
0.0389566438654596
0.035998466684669335
0.021383369484150597
0.03806539692165527
0.040837714217543473
0.0277627169641276
0.024182767932232913
0.05570400018717867
0.0469244112175757
0.02698094965312296
0.040184671042165866
0.0911674414351526
0.03205205480502942
0.027970272493815118
0.01798012322289824
0.03909317241114123
0.034078390395855356
0.03371874571201062
0.027235300836146913
0.030501315356852167
0.036115457059943484
0.007913548800501595
0.010759566661391341
0.0031845259018081166
0.04178993011674739
0.038616607022357585
0.022938565228806822
0.04083386347951403
0.03039829217918312
0.02037703704391152
0.01204852060246686
0.008294014466116066
0.007988790046886133
0.013323897598649846
0.06448805106355385
0.04455520621256789
0.03174947030285842
0.02770622168554056
0.017810383508316187
0.038724116879935336
0.03375667645721885
0.033400426966234034
0.026978188460821447
0.030213370469107693
0.04069950801375973
0.014582028952925152
0.04283272259699318
0.01742807585902167
0.02725471655228539
0.024963297823915008
0.043166093203259114
0.025370978379209055
0.030111319872357923
0.020184669482856292
0.011934777641818281
0.008215715578463002
0.007913372602544736
0.013198114557706328
0.06387925749491244
0.04413458684906795
0.02362574845424623
0.0469840442317705
0.1028570105822265
0.04290075385208992
0.014729520691690253
0.022273292525515877
0.04169411181534354
0.028727349765569166
0.03483254811675332
0.012479984401062886
0.03665825322327986
0.014915764847490597
0.023325864907138342
0.021364761272062296
0.03694356742608407
0.021713673415023425
0.0444667960777327
0.025377362965466294
0.03728248095248822
0.050794749005505416
0.035769029573585576
0.0157862277803134
0.02634082209157816
0.013503418538315364
0.020220023778877622
0.04021114901117521
0.08802985453877091
0.03671647756264532
0.012606214749734964
0.01906252855320164
0.035683776705660614
0.02458621349028815
0.018551731322332888
0.04679021645472735
0.04456757056214079
0.0689303449316752
0.04653876817492361
0.030858547027437566
0.015091211880252876
0.0
0.040779488394425786
0.023273003000312646
0.03419091622116516
0.046582710252989205
0.03280296434728607
0.014477190833216344
0.024156569475016612
0.012383678342952543
0.04630962781688828
0.060429203618495096
0.05292437775094853
0.061037139843853276
0.015699992519725654
0.014046837774048691
0.03300069389486704
0.010757718734302263
0.01701337129918432
0.042910244433907396
0.040871906384473695
0.06321445323497527
0.04267964692942045
0.02829967237069257
0.013839807542076726
0.0
0.0289141880176682
0.02522635661092773
0.010056591283812425
0.03474226417340061
0.04323483117711384
0.02700554940403589
0.03069456143361866
0.02844438174974086
0.04797873863746943
0.06260721804861645
0.05483190013324713
0.06323706576365407
0.016265858164367278
0.014553119729419157
0.034190118596883784
0.011145452896519914
0.018514105783635985
0.005029284745341333
0.0004055603952141299
0.010698639025326253
0.05625379163367799
0.09038747503447461
0.0534449642658845
0.0032517085792576725
0.029956325179284687
0.026135575422826348
0.010419055119547507
0.035994459274009134
0.044793118901408684
0.027978894620806924
0.03180086755260591
0.02946958595891655
0.050835366489500926
0.02339135134422811
0.013604554803213707
0.013079811071983813
0.03284787846252415
0.05479716799394486
0.019240531497329138
0.012860391536988185
0.008285872858374382
0.027782109487505608
0.017316494535959
0.023433972888169365
0.0243751710737543
0.062087083835147466
0.03411081284652438
0.024090144626213915
0.04363179219790974
0.01802277838650341
0.005211192578560015
0.017778016120813953
0.020938954724739122
0.18597089856309285
0.062153652850765975
0.011222782273417366
0.03624328300035159
0.04486167891323074
0.02634991145317458
0.009558324726414668
0.022363006685637923
0.009859409292049327
0.019961233073165722
0.01774243625882683
0.05268760098785558
0.007960629970852184
0.0016188761144790259
0.013361112507649727
0.004570011319360203
0.022471094277315494
0.07567901049378427
0.048300572551376715
0.03112684337198319
0.0128574182197249
0.0037176555672597295
0.01268280525235171
0.014937813260882414
0.13267131006362104
0.044340305997677805
0.008006313021431814
0.011699916949013935
0.006974681664455575
0.01754529950140315
0.02343583756312017
0.056223791418384704
0.1070262076853995
0.05351056077331499
0.017557281578845757
0.03758724134355165
0.0056790993393322445
0.001154903356375249
0.009531794027956121
0.003260237991157513
0.01603083890742805
0.05398927221466614
0.03445754301735601
0.04728835918196728
0.053231699324560316
0.009426960533764493
0.02359497707522944
0.004671445827609502
0.018456283319274087
0.09013820747428007
0.037187039155581025
0.01058341698348775
0.006309101569156089
0.0158709862243235
0.02119940187342015
0.050858466052919736
0.09681290807721571
0.048404153649311575
0.015881824875781988
0.0009146785508000748
0.0018783657236154398
0.002454845365387747
0.00883395159266179
0.04877354011038745
0.0983720307520261
0.018234140869315817
0.001656073693234885
0.04277572446613657
0.048151903397822486
0.008527364309549257
0.021343355016210888
0.0042256589790179815
0.016695036655771257
0.08153649637015915
0.033638353458395255
0.04100393176743492
0.0380989315390295
0.010433444649796758
0.027966912794680505
0.03485779900658123
0.04347662312166024
0.07598011866601416
0.02425040916363085
0.0010176847399887626
0.002089897189968332
0.0027312968749535083
0.009828783808024762
0.05426615442349026
0.10945016087944111
0.020287571948939397
0.0018425718241974498
0.03839065874911713
0.017231737657598428
0.023254977622454716
0.054371511147122555
0.006612590899838004
0.013071231881665538
0.04113993476320751
0.07184691378518959
0.04562157448948409
0.04238942872688136
0.01160840318856058
0.031116396411446822
0.03878329724422162
0.04837272707275624
0.08453659183469685
0.02698136008844163
0.01108539959370795
0.013207025051869263
0.02245383179328381
0.036944141152324236
0.010086070718152044
0.028761769886369196
0.05996405832105284
0.020654189849737593
0.055371720343530356
0.02485372717475351
0.033541183180015935
0.07842126725587509
0.00953749026409775
0.018852935059721188
0.05933706367338112
0.10362643797433517
0.055225054973452134
0.028444864998008468
0.01542199182094317
0.012484998687568574
0.014494472854621777
0.02519474752318816
0.013227974167288298
0.0204010141570501
0.015988723981278326
0.019048792637842454
0.032385672327828297
0.05328537511134666
0.014547369213439942
0.041483754919147686
0.08648752525229433
0.029790007818194943
0.03576220400557367
0.021923977541664617
0.024123256233334812
0.006888419481145388
0.011318904685940493
0.010940743948995964
0.01137724142532656
0.0162110059880382
0.09253907871169462
0.04766426402399449
0.02584219998867228
0.020920762809918683
0.024287982420717547
0.04221813315152667
0.02216574602327527
0.034185408340203643
0.05275698420549301
0.010946517660905382
0.04256653410462619
0.02020757529221105
0.02374431702512875
0.02089998961670249
0.024764958523664986
0.06346248214291753
0.0599257241657136
0.03673739545169899
0.04042266519122677
0.011542731697982348
0.018966771733698474
0.018333098372601688
0.019064524974875437
0.027164328941709063
0.03526601074802954
0.030188446485572867
0.013006741495708601
0.026250542357918006
0.021619627740467485
0.006444292715520612
0.024390409143039568
0.04150361847563498
0.05422511646068027
0.011251139615741817
0.04375108440922877
0.020769915871992166
0.02440507878448561
0.021481598845346853
0.025454122905490695
0.06522852920628552
0.04623698511608474
0.025274652324802627
0.041529436605457715
0.010608561940499422
0.027709088246894022
0.054257423870010486
0.055097246209973236
0.0249975983412353
0.036247400580497864
0.031028536810805092
0.01336869578502797
0.026981047873580258
0.022221263207485267
0.006623625824491975
0.02506915048732555
0.04265858974453328
0.059758455710856036
0.025607841058193786
0.0185542603830576
0.02338334318994073
0.01206881426656941
0.008973645073935532
0.05535040940697178
0.03982720178350443
0.03220524070343757
0.017604440682547955
0.02892631296783329
0.0073891342602322545
0.01930008746079722
0.037791681081607915
0.03837663878459655
0.017411465508967095
0.041070204113255834
0.013122496711340519
0.020756198340463626
0.009629341029734584
0.018344090658142326
0.03162038068761081
0.08595776201366266
0.05324749031273232
0.04162329021673889
0.017836515142671067
0.012923516103188879
0.016287095579273724
0.008406237289998758
0.0062503729182977145
0.03855297341532821
0.02774066295113901
0.020147716638540494
0.009285259516448643
0.009727268339220331
0.0025386186624028182
0.030912318553575607
0.03560186751379775
0.15330819437853554
0.09610502990920052
0.03093173482963732
0.00988311593140984
0.015632384523050342
0.007252270344080467
0.01381572261885464
0.023814666904118924
0.06473848276535646
0.040102972124395155
0.033745448114708414
0.007394237043914554
0.010053490335345519
0.0029755473788147307
0.0390475445494527
0.03608246481488919
0.02143326502748589
0.038154217987160746
0.01517411081686981
0.006993127776894981
0.007326023607181863
0.001911942757393508
0.023281394897179588
0.02681329565199893
0.11546298632094691
0.07238082607888198
0.018873893272724387
0.01131391425833883
0.0025817071084734936
0.007535899819677504
0.06677184866330586
0.16122212379537515
0.049776544232891476
0.01752272217657137
0.03729285464065974
0.008171537871417292
0.011110338568712103
0.003288344416033034
0.04315232081101698
0.03987554442437161
0.0236863838473189
0.04216508550980094
0.031389304853071516
0.02104134745476541
0.012441313610319677
0.008564407072545563
0.008249232052602468
0.013758269085969633
0.0665904216685087
0.0460077474864031
0.020857964485475267
0.012503261430071648
0.002853102664210743
0.008328092595081412
0.07379107362345107
0.17817019964060798
0.05500917997240921
0.019364754879480067
0.03803281360411958
0.01810951782306206
0.02306113675908478
0.010810298175482163
0.020952891775767694
0.008531405339507385
0.027631646900385266
0.06520812576204067
0.027108603386609403
0.01817184373916658
0.010744635405252669
0.007396440146026104
0.007124246968987078
0.011881991706525609
0.057509184698687044
0.03973346288355715
0.02126977652500387
0.04229877089337441
0.0926000559665112
0.03862266835504849
0.013260685223979189
0.02005218820522131
0.037536353290068686
0.025862643499002455
0.03284610680284093
0.01563984097405348
0.01991618524120375
0.009336048921817948
0.018095451161170138
0.0073679390085784795
0.02386339424359958
0.05631539873666027
0.09659961444042836
0.0412554160998628
0.01804392591963922
0.01735476599194981
0.03873141990153291
0.029871559407516738
0.030767672953044046
0.07282163917993328
0.019091753241693318
0.037967380398843974
0.08311781821503181
0.03466771044366714
0.011902792199737663
0.017998845860935003
0.0336926339477318
0.023214311033328962
0.017516550944028243
0.04417933808822943
0.042080715090107454
0.06508405483059215
0.04394192053800498
0.029136650465290855
0.014249127324809282
0.0
0.08670782224586805
0.03703086504628045
0.016196229460341424
0.015577639449861425
0.03476532584116284
0.026812714298265924
0.027617065893950736
0.06536470960306243
0.00407198230697201
0.014146693285059265
0.026257191325898613
0.04977203346824671
0.028035199786384357
0.023482811902461424
0.010961181331828598
0.015358869189780895
0.018117044024649913
0.04569387065307043
0.04352330377779863
0.06731523177344208
0.045448314080695815
0.030135497615783352
0.014737608327193041
0.0
0.03078987744646556
0.02686281309358172
0.010708971421523926
0.03699602615359914
0.04603951363076591
0.028757423726256608
0.032685745290050285
0.0302895944226357
0.004211575838116574
0.014631662698187437
0.02715732639005271
0.05147829184077989
0.02899628759067663
0.024287837167196867
0.011336946718875095
0.015885393772394632
0.022185907799153214
0.02471370882628674
0.03390952680658315
0.03504573815085307
0.03431825693815668
0.05767485159852956
0.04775368190352232
0.05831210542281777
0.032781037858575765
0.0286000129276134
0.011401513312476004
0.039388533977331865
0.04901685763266328
0.030617146740015276
0.034799510184861084
0.03224840187219733
0.0556288551240348
0.025597023980385922
0.014887387668017912
0.01431316355953505
0.035945248324334406
0.059964232188079614
0.02105480520919244
0.01407305399868088
0.023620655351923096
0.026311927550504807
0.036102432818893665
0.03731212217724254
0.036537595249804565
0.06140464498523581
0.05084188000057945
0.06208310958048584
0.025900369233558207
0.019599602659867345
0.022467989989981393
0.016982687386240244
0.016324518627430267
0.01646197574082837
0.028618497639095103
0.019113137140036277
0.039115962456243034
0.04841746119072438
0.028438432222536426
0.010315927261318704
0.0241355213299976
0.010640876095711141
0.0215433806993338
0.0191487197938394
0.05686367380489455
0.008591597595197885
0.0017471898810782645
0.014420127868046502
0.004932235062451856
0.024252176054074457
0.08167740580155974
0.052128925034643434
0.015105371320121658
0.03140026034632241
0.004549474125402954
0.015238658819110847
0.04991314804219206
0.07689354371939473
0.05885563424557052
0.04065720227832647
0.05373249305631937
0.02791084702790489
0.042287620365365354
0.006310880745306203
0.02995864946183569
0.01692028964746699
0.04468417459651035
0.03921205530004195
0.044214870718742645
0.006680475451560373
0.001358543504910183
0.011212502583301854
0.003835104576412143
0.018857501760408405
0.06350901544893493
0.04053332341877977
0.05562655339937175
0.06261786232892019
0.011089184158565366
0.027755398473049753
0.005495145851473841
0.021710616468271028
0.10603196850407397
0.04374410225130589
0.041780192430627
0.02170233490758372
0.03288112677828704
0.004907083162310523
0.023294622458058228
0.013156526288704852
0.034744589484972214
0.03048969297439781
0.07296438013230405
0.031950349116338345
0.025954525888371834
0.004980317077312686
0.006002116098568455
0.010000858092385967
0.05846798813718136
0.06245106217547544
0.04452379544728894
0.050119677084124896
0.008875843225599835
0.022215571676709702
0.004398344583520484
0.017377295331023675
0.0848685634476518
0.03501301701507956
0.04267959674167863
0.039655880894475526
0.010859817365943448
0.02910980749252489
0.0362822963744396
0.04525333699818705
0.0790851190427984
0.02524142537829657
0.058401086125634896
0.02557323295427079
0.020774143479439157
0.003986272836659592
0.004804126322637849
0.008004741131557972
0.04679809524319333
0.04998616933542022
0.05729492505575606
0.02897535154252295
0.010442255420390841
0.007502665400750259
0.001785040187736998
0.0020791116471294492
0.025684748469173534
0.07234859400243489
0.04507635188064034
0.04188283343339377
0.011469671372708061
0.030744524922592883
0.038319798762643985
0.047794625489314096
0.0835262965597388
0.026658906343646746
0.010952918184326737
0.01304918813513802
0.02218548645698476
0.036502622391826285
0.009965532270028098
0.02841803849638781
0.05924742894820646
0.020407352001648338
0.06051243216799427
0.03060251833917982
0.011028660430087945
0.007923992058637776
0.001885282565121831
0.0021958681749592074
0.027127125098433354
0.07641146895229718
0.030512124915678385
0.005075220565229145
0.01832172079018065
0.02078881920849907
0.034457426358957405
0.04368082288429166
0.05971570348664506
0.0435591826465833
0.01435507995086336
0.017102486827831474
0.02907667404058024
0.047840954714759513
0.01306099526004591
0.03724516222956116
0.07765068314411767
0.02674622092843475
0.03210820940559205
0.01968390040506321
0.02165846832493743
0.006184596876067956
0.010162398319786796
0.009822876065260885
0.010214774516845437
0.014554650347000826
0.03998970733316189
0.006651669971056999
0.024012757363311352
0.02724617830607779
0.04516048617907439
0.05724882577145373
0.07826441167975658
0.05708940201714831
0.005618108489847507
0.012060343302192258
0.008005088588950984
0.011129145922484452
0.05461525271905158
0.09110456211348897
0.07085117925274553
0.023484676621602987
0.047276553847938094
0.02898283631087032
0.0318902163335659
0.0091062825567686
0.014963250218055472
0.014463333142459471
0.01504036962603348
0.021430460421379187
0.027822032680334292
0.02381624478853368
0.010261267982471883
0.02070955664865785
0.017056139233597795
0.0050840261977426115
0.01924206185703289
0.03274300112455337
0.008272177535305828
0.01775780961025529
0.011786798726532025
0.016386702224330876
0.08041622326162161
0.13414356690351734
0.10432221706355768
0.03457914967719309
0.023516404755866742
0.027500588397211315
0.010773049582372192
0.05810861079227481
0.029158310292922943
0.07436515695510275
0.017529434818226698
0.011496058930102386
0.03451893122875375
0.029548930713594462
0.012731205080393992
0.025694447632444183
0.02116163488114833
0.006307776024183397
0.02387371970890673
0.040624400705286064
0.05690885387597725
0.02438672264074685
0.01766949430596544
0.022268300693158966
0.01149330884445423
0.008545733824154151
0.052711006726109906
0.03792802842083427
0.029176917727117987
0.03412011374368763
0.013366174999884723
0.07209563595814347
0.0361768573602285
0.09226521182843447
0.021748855014356853
0.014263216213184915
0.032363015101474185
0.04847608675093019
0.056086573649697234
0.008960202636890634
0.036354268224128995
0.019044690058912784
0.021606996919970194
0.03752255512659173
0.03780656712865423
0.01620096353679088
0.011738470854881274
0.014793620810422884
0.007635412115400866
0.005677233637328228
0.03501778859494555
0.025196932548927613
0.018300235219698213
0.008433830804524391
0.008835308826625945
0.0023058354198916605
0.028077757438505168
0.03233728970144121
0.1392503214417677
0.08729250488713966
0.02149989710891052
0.032204381270400984
0.037260297252245014
0.005952579948564871
0.024151427913553857
0.012652062097856402
0.014354293292986313
0.02492756227921413
0.015503440392729384
0.03802597420542994
0.07029914623644148
0.042079237704354754
0.04707474998165431
0.041410504133729174
0.06127790197524313
0.03242638263051401
0.012034977846499005
0.005546429631916271
0.005810457883129542
0.0015164110112747776
0.018465073519276596
0.021266314913469364
0.09157666628599632
0.05740709613127349
0.014969370538792569
0.008973356600567212
0.0020476183567925813
0.005976916109141971
0.05295847177676276
0.12786941598487123
0.039479058400715146
0.01389772196542425
0.010195691991443863
0.025007424858741183
0.046231573388340275
0.027673015537219226
0.030958267276743338
0.02723322918414405
0.040298836812664225
0.021324906041659715
0.033146954069642805
0.018127918894138187
0.03780996704672427
0.06041261594126849
0.040334865104806696
0.02511765209312338
0.026830799329569825
0.04950086720084185
0.016152420475160995
0.00968253331095737
0.0022094444509782145
0.006449280007428517
0.05714385261848263
0.13797511174892113
0.042599142669309836
0.014996078041536682
0.02945263415396811
0.014024021696087161
0.017858558433509638
0.008371501529492365
0.016225932226916002
0.006606725521261571
0.02139796428683161
0.05049721253668437
0.03576660342639265
0.01956059324999203
0.04079814073063439
0.06518710804565946
0.0435225849539487
0.027102734674484263
0.028951274292581992
0.05341298879876586
0.04496940944342097
0.04586439808077396
0.03294131515957856
0.020395280543381543
0.013429907142136687
0.021710587118062334
0.012277031466117673
0.042467566288119825
0.02929944289215194
0.013951078896875042
0.017765671152652332
0.008327959044433312
0.01614153668460251
0.006572362122260168
0.021286667581339635
0.05023456262678992
0.08616896071398109
0.036800730000224796
0.016095575046567258
0.015480829376217404
0.03454927040055683
0.02664608180852536
0.027445434614922198
0.06495848872660936
0.04473551115983272
0.04562584471479307
0.03276997830703085
0.020289199072189453
0.013360054496345388
0.021597664375125343
0.012213175244232067
0.042246680779817594
0.04389336581500883
0.08776885343420447
0.0478616780435459
0.007866773773357089
0.01879052963046326
0.0574866198109465
0.015160112021845246
0.016609245081178142
0.08326209559371672
0.03555927649363094
0.01555259918489051
0.014958591640336381
0.0333837687138031
0.02574719008279116
0.026519577137571086
0.06276714785885501
0.003910163712077122
0.013584510579629111
0.02521374332295218
0.047794117084105504
0.026921094592640603
0.02254961638740945
0.010525589320913513
0.014748515203907886
0.04241264592421001
0.08480801676425391
0.04624708920146959
0.007601392247326082
0.01815664087607301
0.055547338559023204
0.014648693519284007
0.016048940827763078
0.05240628787843393
0.02053631542264589
0.025764061678171277
0.017840941162690575
0.06250573900265963
0.021888123902366215
0.025254230540564058
0.025335885142598494
0.004279170029083485
0.014866495321556983
0.02759319115343802
0.052304498852854535
0.029461666982161645
0.024677647719530866
0.011518900403422785
0.016140348302838517
0.022541983184280526
0.02511035445683336
0.03445376181947723
0.03560820892383682
0.03486905191426393
0.058600511038793296
0.048520110342195125
0.05924799254467838
0.05735192512074864
0.022474349396923148
0.028195443638374805
0.019524609795294832
0.06840447221167917
0.02395372948364777
0.027637499192927677
0.02772685962678452
0.016520846115192816
0.012359243154160081
0.015731136054869622
0.04162293697126714
0.06130593823019462
0.032567711645933244
0.01662193644646296
0.028207403781152763
0.027285577361239852
0.030394420646088712
0.04170399630883598
0.043101378052844606
0.04220667745787353
0.07093203664849677
0.05873037937678303
0.07171577011925544
0.02991900596650431
0.02264062815606142
0.025954067314787173
0.019617678831306593
0.018857390248382122
0.019016174864879706
0.03305887240043973
0.02207868385870111
0.019997389806571272
0.014960045105719579
0.019041498092530605
0.05038180791135961
0.07420677704390528
0.039421057514289246
0.020119752955891176
0.034143193690566065
0.008006497915124266
0.017268578189150924
0.010132018852633541
0.014094475957844863
0.0389598983649398
0.028654511037882177
0.030037249748624557
0.003362430136175879
0.013281073737471198
0.027608005403997053
0.004000027542898381
0.013398263912068263
0.04388506482688238
0.06760699902241939
0.05174755401343961
0.035746973045174164
0.047243142009261725
0.024540013588351707
0.03718048317729687
0.005548706532963523
0.026340499954984695
0.014876801748529926
0.03928760208123845
0.03447635856153592
0.03673778507202964
0.013351075872812118
0.02211248468223082
0.024197479695774564
0.046826822730351755
0.047350337969979964
0.03298354581466339
0.03421225406472707
0.04824349433094065
0.06562258216731878
0.03210688687972328
0.012475088489351208
0.014871024273899415
0.016220441237461063
0.01912480900222388
0.046796244042362725
0.04523889980767658
0.023498928496009517
0.035603139031883
0.005313308307430671
0.025223031061610026
0.014245668580393606
0.03762086556157882
0.03301373414988131
0.07900462133618265
0.034595308408267834
0.028103130404901793
0.0053926047766560785
0.006498991819342037
0.010828763366359885
0.06330816837874187
0.06762097492323388
0.04619681320056517
0.06283861092910298
0.030744784891814723
0.011945845561055603
0.01424013620924226
0.015532305531963785
0.018313458451238128
0.04481096103203725
0.05405603297030032
0.03781953756889636
0.01803281820689285
0.015734567115889362
0.019417952460099162
0.023969797587148307
0.039776071174141385
0.0314600973450764
0.07450056995655807
0.03262303078792774
0.026500971681384225
0.0050851725205009034
0.00612848446705035
0.010211415852315869
0.059698971368424864
0.0637659049255113
0.07308947239593315
0.036963014694037524
0.0133208820599245
0.009570932419763553
0.0022771239407377037
0.0026522623634301166
0.03276528789255387
0.09229300080381718
0.0509742999557101
0.03566344672910724
0.017004767716306202
0.014837539859413414
0.01831093550225268
0.022603280058606304
0.03750843840509616
0.02966655802479717
0.03129704107964872
0.021362909953500642
0.0236476576179681
0.01318761588793942
0.019167688203381664
0.02804066628928163
0.03500323361771009
0.06027735568293481
0.06728302681540232
0.034026562613077745
0.01226263147704131
0.008810589015596532
0.0020962224263528072
0.0024415587343886796
0.030162315742913264
0.0849609696772514
0.033926055280625825
0.005643075135971887
0.020371695320520432
0.02311483161646576
0.03831278728415928
0.048568168096160165
0.06639715402346102
0.048432917816468184
0.028810710833943876
0.019665776699961328
0.02176901719870305
0.012139952367050129
0.017644949910038735
0.025813032164786313
0.032222472387927976
0.055488742849402625
0.054998761850555196
0.03815521976317291
0.02828018605912396
0.018901096629488006
0.020886111276650618
0.030117096451725188
0.02224726658261913
0.04604898395795778
0.028989140788703214
0.004821895685919601
0.017407209263388294
0.019751164775692526
0.03273751620697246
0.04150053553656235
0.0567350500974547
0.04138496685734896
0.004072651410562871
0.008742724397420631
0.00580300921429107
0.008067685400072543
0.03959141878916092
0.0660430684225332
0.05136108632383657
0.017024395584817265
0.04699535024929939
0.03260287788808104
0.024164857612162197
0.01615061187399575
0.017846767486496225
0.025734461079080995
0.01900984767585574
0.03934794269749091
0.03073605202899152
0.010758225808843763
0.02100036498219779
0.026550114693197364
0.032326231828929776
0.08413547235162114
0.0995515649122376
0.029055685149395463
0.004632755090620788
0.009945093963356707
0.006601085575038383
0.009177218190040843
0.04503634817963345
0.07512584078302481
0.058424674773155216
0.019365726982119455
0.013170140918864209
0.015401445429391102
0.006033344918098372
0.032543179991948834
0.016329836958515562
0.04164750550603714
0.009817194812761311
0.0064382594913129365
0.03496312037253788
0.01223778329093002
0.023888503573824205
0.030201499367822477
0.03677199445001463
0.09570645718114308
0.11324269441039479
0.03305165596500999
0.0063344110050523265
0.003904837439840729
0.021037580455911253
0.07182291158968906
0.054235102157022236
0.05485520881131213
0.026894447613581347
0.011162080545609958
0.017670815400267107
0.02066463075503132
0.008095139220655384
0.043664265228301545
0.021910284497948507
0.05587984108998114
0.013172056271340613
0.0086384265491838
0.019600455092714682
0.02935923486896829
0.03396847805058341
0.005426689968636408
0.02201773226386087
0.011534295895606651
0.013086140815075318
0.02272529782582498
0.008499089586761481
0.005239250057578566
0.02822682027435244
0.09636718544090972
0.07276903750199347
0.07360105519139713
0.03608517342369754
0.014976534117555708
0.034659488001301884
0.028174549533402402
0.016257076750388517
0.04475338408759843
0.09221766670009385
0.05430233555087181
0.01785848739033322
0.028599001816878182
0.016552639872662592
0.02479395704968005
0.02868647597895526
0.00458285505752449
0.018594037294157345
0.00974074557154908
0.011051283003903576
0.019191578416447065
0.011936004358913151
0.029275966003054724
0.054122884640466336
0.032396548890816765
0.036242563375757444
0.031881694986667736
0.04717748361354452
0.024964874545079098
0.029270035840630138
0.023793486926446263
0.013729147387574596
0.03779435969118438
0.07787808086921662
0.04585847626324542
0.015081543211338273
0.02415193808272147
0.06300660626126482
0.06064638860440474
0.04756740073862554
0.0194058596146442
0.03024151550444106
0.029453197511216313
0.041642582942052815
0.03928771967211037
0.009384102199962645
0.023016802668151273
0.04255148251882606
0.02547020900595526
0.02849395061193658
0.025065430194779945
0.03709099916974872
0.019627416939180832
0.030508415207916244
0.0166849139536566
0.03480024653956161
0.055603696407826836
0.03712415956492727
0.02311825567727805
0.024695034258259915
0.045560536468667444
0.04953587604774915
0.04768026984653391
0.03739755252221491
0.015256912147988765
0.023775918945900136
0.023156142311103058
0.032739453040399824
0.03088805646516514
0.05594372472655032
0.030626752755757256
0.02481069923067585
0.01784174781698399
0.011232996912125958
0.03698546440906364
0.03888861176298396
0.044444116037748775
0.030198624687758392
0.016515490922756226
0.034446875628498526
0.05503908176247449
0.03674719102612694
0.022883506792336045
0.024444274346411162
0.04509790272662906
0.03796878059743048
0.0387244415596142
0.027813164179051334
0.017220237974194457
0.011339201560234265
0.018330783728975748
0.010365800216061524
0.03585641276719851
0.05537565734368251
0.03031576060482803
0.02455876482609371
0.017660577988951934
0.011118934089372843
0.03660990421757292
0.03849372650971307
0.04399281872415651
0.09287050720033711
0.029742574065896372
0.008156961891487301
0.009382576578049657
0.026295991914203943
0.04043502187840726
0.0396781128773414
0.032320285724352076
0.0367287904861332
0.03745977295967816
0.026904837706532344
0.01665785686881779
0.010968884221002973
0.017732134254365088
0.01002727236340593
0.034685408680200557
0.036037371541161316
0.07206006470956533
0.03929543889406923
0.006458785833274927
0.015427417906435823
0.047197717429639026
0.01244676910491225
0.013636537661095799
0.08983752829641692
0.028771236636936794
0.007890570610953064
0.009076158989909931
0.025437213480256217
0.039114488890768795
0.03838229913698203
0.03126476500280403
0.023363448863045647
0.019569396835242274
0.01171130157302478
0.01037206902917761
0.021732212451140372
0.05317799112719673
0.10583197855025463
0.05074222854961313
0.04241166211605208
0.0848060495486527
0.04624601644916551
0.007601215924638789
0.018156219712737755
0.055546050077165135
0.01464835372666147
0.016048568554857943
0.05240507225671503
0.02053583906013168
0.025763464052309743
0.017840527322358794
0.06250428911301921
0.021887616183161537
0.025253644740798758
0.025335297448764532
0.02749597589028885
0.023030831908571768
0.013782796691678752
0.012206680684450197
0.025576206368416052
0.06258411463558153
0.12455153978752209
0.05971751435322169
0.02157190073681534
0.010484933821673304
0.014612843214124399
0.004456804566317974
0.008183342351896288
0.017642022649447864
0.00937828918329299
0.02773425642967548
0.07687753043793756
0.030125797454874516
0.03779465243680416
0.02617181168141125
0.09169294463041339
0.032108836165554266
0.037046754419479855
0.03716653783493301
0.022145409197811414
0.01656697817507212
0.021086840386532264
0.05579356921651626
0.08217769712865369
0.043655469944258514
0.022280915983378582
0.037810684439888956
0.03164568588656392
0.01538125575071915
0.02143684285894118
0.006538071868780715
0.012004852271935519
0.025880608017784443
0.013757823071258208
0.040685778132339784
0.04289402167116238
0.006421956640742234
0.010538377426473044
0.0026846629216319366
0.02653161853545351
0.020681140232520216
0.018282601214043993
0.03413218530171185
0.02962093290592057
0.02215941663548757
0.028205027900277294
0.07462754720773425
0.10991804356685708
0.05839204571226028
0.02980218209250046
0.05057426290554033
0.011859544663041796
0.025578908090964792
0.015007951214550964
0.020877301024268817
0.05770895835166172
0.04244420682474049
0.04449237465931758
0.004980565885242804
0.05737355885535729
0.008589786943244032
0.014095768919802833
0.0035909122096751006
0.03548777471232345
0.027662377415268415
0.024454174635906895
0.045654029768588456
0.053352531145944904
0.011700451862004324
0.014015186236065453
0.00147724019536629
0.017321015942662273
0.00519922977347428
0.02444947813815473
0.029327095011337425
0.03332659212822664
0.012111395916053118
0.02005928654929802
0.02195068469073529
0.042478838033797345
0.04295374360662361
0.029920943142129248
0.03103556283447526
0.043763968221148065
0.05952936536602283
0.029125684127383745
0.011316746097594114
0.01349021340109395
0.01471433370849289
0.01734902384282853
0.04245109865156652
0.043035456490534085
0.030971413498528496
0.059088384612854886
0.009017009970673893
0.03160387850456497
0.019172080797680974
0.04832436004972037
0.02174038465309191
0.04159262182323827
0.04555938249159294
0.039245056535491
0.03259726813589733
0.04494865515622399
0.022112245802197835
0.027828563409949516
0.017585690153612527
0.039286776184247384
0.05343932345684979
0.02614603474126173
0.010159007264229105
0.012110122004667918
0.013209010942169133
0.015574163962558873
0.038108217314114234
0.045970427862467904
0.03216255851697557
0.015335501385986371
0.013381018598711516
0.01651344972529271
0.020384437967606125
0.03382643731122278
0.02675435203213392
0.037337565374064685
0.040898513909778555
0.03523016342249604
0.0292624647518607
0.04035026590783783
0.01985009328615267
0.02498161356600908
0.01578661856299955
0.05231077892482745
0.05531571327500272
0.06132967918696822
0.008722721196740835
0.0159734858454238
0.022200781644915804
0.0895956881852132
0.038492953007889394
0.04723898381726825
0.033050085717078806
0.01575868521323382
0.013750268388499713
0.016969139088158513
0.02094694741925683
0.034759879318967644
0.027492639539240152
0.029003643372728496
0.01979746967511086
0.021914794641654703
0.012221248238033632
0.01776311030540324
0.025985890580463227
0.032438251979051286
0.05586032632381275
0.05375429714275365
0.05684215278692042
0.06302207434960151
0.008963425067265888
0.016414274881557073
0.022813413179282566
0.09206808509463117
0.039555167719096715
0.04713261789619805
0.04027856480726191
0.019034080927358983
0.0256781034695253
0.016200759559691674
0.009190311578213914
0.035107200192423374
0.028994045374427693
0.03066206362349779
0.02092948347769632
0.023167876496169023
0.012920055808764248
0.01877880000578167
0.027471756566990874
0.034293062193419016
0.05905440422635307
0.05853293744798867
0.04060704307818006
0.030097447759171222
0.020115665689318475
0.022228235759376106
0.032052396516014964
0.023676857795591064
0.04900805412453785
0.049827647861444536
0.042581681925682145
0.020122444373945666
0.027146370274765772
0.017127114479532534
0.00971581103482772
0.037114620122350936
0.030651916814327114
0.031003581707750125
0.01282421907041227
0.027502388740277196
0.0386251870454686
0.0711448177194571
0.022873491723598757
0.021601970485241637
0.03654053013075038
0.05007939574242005
0.03474242484496319
0.02575066386353282
0.017210487404168653
0.01901795234928638
0.027423271744132092
0.020257359073017994
0.04193013103518876
0.03275308950681618
0.011464228799431826
0.022378503045509732
0.028292452203760178
0.034447624031620515
0.08965681910063197
0.10608458474232753
0.030962449422013295
0.026525930620764124
0.010972098273477896
0.023530392794827115
0.033046795736055894
0.060869821965811144
0.019570018078367148
0.018482134605114837
0.03126321262591192
0.02023664400163451
0.005781681309567688
0.007462900635615827
0.010670393781038642
0.01789100674629575
0.050373222994472125
0.04296084198718098
0.027911410534324783
0.03015553262693396
0.01055503254225704
0.02060372590470804
0.026048656122925666
0.03171567830844498
0.08254638491595037
0.09767130993081594
0.028506903251401865
0.005463400740550077
0.0033679045681654935
0.018144817655585316
0.06194693524853278
0.046777529442303165
0.04731236861702127
0.023196338995295714
0.009627243806934074
0.01863173177369847
0.005323152166543529
0.006871038640859972
0.00982415438211961
0.016472120517190908
0.04637826209394694
0.039553736509509586
0.025697833813705367
0.02210686416807307
0.0112085057314173
0.017848240666828614
0.055202157651596105
0.01773382593920923
0.06183614925614742
0.059475379043370885
0.042197033040223667
0.00543095492785888
0.0033479033993020282
0.01803705998176149
0.0615790474157861
0.046499729033635154
0.047031391928137524
0.023058581560704325
0.009570069939570864
0.022147562422560777
0.018003658752694836
0.010388342208750076
0.02859760558677882
0.05892748703115626
0.03469942678491384
0.011411650519334356
0.018274885593764306
0.021975576860396126
0.011141941132776279
0.01774224429185191
0.05487432541808997
0.01762850904556618
0.061468919354555424
0.05912216918383112
0.04194643508939323
0.013545762607682893
0.0053424908988780355
0.011499180446146387
0.02622593125647243
0.042515841126600694
0.07082911536652148
0.0820598343570705
0.04507631485811037
0.02284593979954894
0.018571366735000334
0.010715917002065117
0.02949937167718578
0.06078564293292726
0.035793601132351534
0.011771493214649665
0.01885114615112167
0.04917811312074398
0.04733590866305046
0.0371274562017162
0.015146722160799202
0.02360420214117211
0.022988901718781988
0.03250299890891356
0.030664973674021472
0.013972900094814271
0.005510955252171421
0.011861783215890145
0.027052911523217715
0.04385648986436855
0.07306256439627452
0.08464742078220215
0.04649770281649048
0.03276538351615724
0.012562756436200934
0.02447820559543405
0.015892498883876772
0.023896300870192937
0.04244725644352818
0.0545413661080139
0.019569695720061217
0.051251658089170087
0.04933177895992738
0.03869289751518245
0.01578536824808524
0.02459944924354406
0.02395820530657083
0.03387345469848122
0.031957931004705745
0.05788145644494138
0.03168757647702776
0.025670071378128243
0.018459735282521775
0.011622076018238555
0.03826653584031307
0.040235602812751625
0.04598353397538435
0.034146902485005626
0.013092452244860563
0.025510304161800196
0.01656258988585301
0.02490386401747612
0.04423700170695197
0.05684104716707946
0.02039483197517399
0.04735675567811049
0.03119181096444877
0.03766204055933554
0.02753039270573277
0.019859669087946393
0.012051037459418113
0.02011532997458578
0.029286583139083378
0.05475624185785
0.02997665760390331
0.02428405785238161
0.0174630320631814
0.010994561029236261
0.0362003968149525
0.038063147236233115
0.043500728255341986
0.0918316855755213
0.02940988255759343
0.008065720563523015
0.009277625891985858
0.026001852839594067
0.03998272785748004
0.03923428541336567
0.031958760706961395
0.044799805097861425
0.029507660139449762
0.035628540268139094
0.026043934172089056
0.01878737873209647
0.011400361398880772
0.01902923562724449
0.02770530197489237
0.027088940995836478
0.03754746254720256
0.025366282286713504
0.024877031413110175
0.023420035052233033
0.020929791911630916
0.05526006637476936
0.041606755392790185
0.08459163865348858
0.02709119562122725
0.007429815919347814
0.008546174145651493
0.023951856333065475
0.03683047355718237
0.03614103861554244
0.029439119195011475
0.02199918521134158
0.018426679553021068
0.011027442646892777
0.009766412011139739
0.020463201711673016
0.05007276463470626
0.09965212375354225
0.047779233727123845
0.02495323802306745
0.03458720554068763
0.023366394417484542
0.022915716278981677
0.021573590095558766
0.019279678722932337
0.05090334057843246
0.0383264621102542
0.03614813832384865
0.032613996224133114
0.029061986102441324
0.019773976602269476
0.02413481390226225
0.021451843587322324
0.02499155661762176
0.042709659225591376
0.030417887552690124
0.0254782466363475
0.015247451539886754
0.013503846596779221
0.028294110106986414
0.06923473344483606
0.13778724373661275
0.06606350848467278
0.023864279395953057
0.011599135060985309
0.016165704519304387
0.004930415297260135
0.009052960638980726
0.019516785412313657
0.010374890745913419
0.030681489422359237
0.04998139686587342
0.04509480056916359
0.040183498471850626
0.02734113063638679
0.03337078388728861
0.029661087888867066
0.03455538701358789
0.059053896735593116
0.02531190094095869
0.019330313846966502
0.0101203762046956
0.005151647229015945
0.018082438173774806
0.03997922049324132
0.03074431720745218
0.019825048380814694
0.041092124626325444
0.01997265853183136
0.02783587695056313
0.008489727952519377
0.015588377115518522
0.03360613430481564
0.017864620860409547
0.05283074196988636
0.05569816026594873
0.0083389515895524
0.01368415019096636
0.0034860518982214057
0.034451475607292004
0.026854592278249666
0.02374007409015831
0.044320859949579273
0.04358479762734692
0.03328504718228511
0.017426369904937233
0.008870669273235479
0.031136318455548498
0.06884059156842633
0.052938925717327445
0.034136935177079726
0.03598449684256612
0.025897658007426865
0.03088944090401334
0.027210037869437462
0.03707903242962444
0.07024810571235139
0.03722266438863698
0.017394215626607666
0.0624690792097071
0.009352672061093772
0.015347657052141691
0.003909832050454233
0.0386395519767094
0.030119157332382535
0.026626024301363953
0.049708703081262226
0.05809093179310747
0.01273960459729549
0.015259917575041934
0.001608438392478822
0.018859348077790262
0.005660989191335562
0.026620910693354594
0.031931723564029464
0.04035893417029056
0.029045893826423273
0.034644500309574236
0.03051781248875807
0.04158652642754489
0.07878778148368361
0.04174761893368436
0.019508734733444628
0.03903144029960838
0.024028767070169054
0.02107661743868111
0.01533849196421643
0.027320188122395863
0.030540215694949583
0.0712558586585046
0.048265948301331185
0.043014284895094436
0.030956176893871375
0.05905931566654358
0.009012573989212505
0.031588330754300724
0.019162648957717247
0.048300586540983965
0.021729689317986568
0.041572160040459
0.045536969233009185
0.03922574965396278
0.03258123168061858
0.044926542349247416
0.022101367527385316
0.02781487295249354
0.017577038749681417
0.04151993024423498
0.012673524454248459
0.015530948080635761
0.008629409702772818
0.05574187952745027
0.034518605313612075
0.03650047994433826
0.0365756609537562
0.02902869380334073
0.014463773046431982
0.01075914311080602
0.022295120676892505
0.01963989179411281
0.04833103137038916
0.03733984550187693
0.04229245570911022
0.03360473196137499
0.036809673683526924
0.031708018102079426
0.02633694175460404
0.03631623692703249
0.0178655747263264
0.02248406984863335
0.014208347011146167
0.04708099435108404
0.04978550955949424
0.055198227568066575
0.007850664735464762
0.014376532185388391
0.01998125236704987
0.08063833450829126
0.034644609397334866
0.023465258324338004
0.011691747936659305
0.008697121343245906
0.018022194508640444
0.01587584813609031
0.03906824550463752
0.030183553088137145
0.034186980823459764
0.06607378462395247
0.0466237225569194
0.025209827773089076
0.004069664734945067
0.04977806145750942
0.026848832095246886
0.036756883307535904
0.03455850048400335
0.04905591761836086
0.0518738800911165
0.057513647313106556
0.00817997937002923
0.01497958971012871
0.02081941308886369
0.08402089949549846
0.036097859187989266
0.04301300442108486
0.03675802795306776
0.017370412330646724
0.023433715913939508
0.014784736636115466
0.0083870349280291
0.032038665036902766
0.026459828830683145
0.06884540524092181
0.048579464481104125
0.026267313412875033
0.004240376413528677
0.05186611956094044
0.027975069634087038
0.038298737405504005
0.0360081382333489
0.06689605231874624
0.02136030304783054
0.006777548455275541
0.008272659365983238
0.017511097718072688
0.013237158029084579
0.023216836230239492
0.01586105162126085
0.05379200171145977
0.0459695371010179
0.02172341277701763
0.029306171552401016
0.018489770457502636
0.01048881386628875
0.040067508598705136
0.03309062403107394
0.03347026785053483
0.013844530974088668
0.029690515319928525
0.041698258232714946
0.07680519391901279
0.024693337108030504
0.023320651950985632
0.03944774324480803
0.08366010719902045
0.026713164392277524
0.00847599238910566
0.010345775952240966
0.021899353720996072
0.016554370868507258
0.029034942130653076
0.019835808436068702
0.043440808941817115
0.01996817729833204
0.02177349012981123
0.009541809962239661
0.029491247702296677
0.03963897174549415
0.03468404895115972
0.04904352031830437
0.03389475820997648
0.014020115763422766
0.03006706855148454
0.04222710098665822
0.07777928425253686
0.02500651307637383
0.02361641868859569
0.03994804359447741
0.025858325772738288
0.0073878158258295175
0.00953607306773509
0.013634598626689878
0.022861077202850792
0.06436676013614923
0.05489524090486211
0.03566512047723498
0.0439917517871058
0.0202214259068169
0.022049634817173064
0.009662825018309201
0.02986527370033872
0.040141697371691175
0.03512393322313259
0.049665520167877376
0.0718243962381907
0.024949970585896354
0.012499270195527063
0.004052148242259938
0.007475470689816447
0.010199722658424386
0.026124055030793777
0.07138851716035426
0.02294909337845656
0.00655663776301194
0.008463201880067528
0.01210061625070735
0.02028905506378304
0.05712507460133135
0.048719163824856616
0.03165255892355072
0.027229486569473993
0.013805750736835615
0.0219840510092803
0.06799365115523488
0.02184312399831321
0.07616487724703924
0.0732570672422512
0.05197496739948409
0.06374367739845184
0.02214293414808527
0.011093019764726
0.0035962548083067307
0.006634430876007396
0.009052186509666396
0.023184926340346638
0.06335683759502071
0.07082033453573629
0.02073818242540236
0.006969348877426804
0.010167411492180194
0.021480530685975267
0.018503288795277562
0.018773367257197807
0.06763482748604048
0.021148595438221653
0.010722649371640617
0.01707457096931515
0.0528093035092954
0.016965115789774526
0.059155730732919305
0.056897293092328
0.04036791349854975
0.013036010618149114
0.005141443128911613
0.01106644511184292
0.025239001171946922
0.04091589173809638
0.06816368533347751
0.07897177168863101
0.04338001012833898
0.055004731729862234
0.016106929857816456
0.0054129533254497555
0.007896824339798715
0.016683496845117798
0.014371132852963821
0.014580897371040768
0.05253061237077213
0.047812907591525074
0.015250219672801062
0.024101868273745188
0.02508011557615214
0.03768286418398977
0.04315199656620683
0.035397694915391846
0.027879273529111317
0.012957723582907584
0.0051105664787449556
0.01099998619248126
0.02508742975703427
0.04067017363059657
0.06775433212012057
0.0784975111150268
0.04311949389517736
0.03038487213172659
0.011650031434784163
0.0226997845657632
0.014737857293874808
0.02216015710617373
0.03936332558851963
0.050578758959573165
0.01814789385320753
0.04752576983970348
0.015158635328484599
0.02395712584707775
0.024929498339829985
0.03745656184328236
0.04289284965578489
0.03518511603136945
0.027711846105705942
0.029421357454725718
0.022787180739356767
0.04076056950043343
0.02583583042423715
0.016619918281548178
0.0354924412687779
0.05139001903855544
0.02895533321692985
0.034567764306769604
0.013253817197524997
0.025824719593419598
0.01676672441183383
0.025210805052141266
0.04478222437058711
0.057541615151897825
0.020646199025037767
0.04794042942351897
0.03157625117516423
0.03812622658640231
0.02786970580252392
0.020104440235656003
0.012199566936770967
0.020363252152071874
0.029647541347183493
0.03347160868971495
0.025924147042612034
0.04637181796889857
0.02939248494786897
0.01890787677050799
0.04037846001563082
0.05846455624838079
0.03294142985784326
0.01875602610631419
0.03302589952708283
0.023169981520337578
0.022958713593245396
0.024456878297332046
0.046383513109886074
0.04101919355635187
0.03795607380338186
0.051726672890173436
0.034070083127673886
0.041137363075099145
0.030070801887420912
0.021692250491182292
0.013163065411144297
0.02197150287797787
0.031989047484654004
0.03127738584513912
0.04335298577287557
0.029288372648461933
0.0287234746573919
0.02704120005828069
0.024165919862986426
0.06380428153678322
0.048039919404181834
0.02023734119171043
0.03563422193508903
0.024999902366037077
0.02477194890195064
0.026388435790277835
0.05004679430249532
0.04425881104576008
0.04095377195056213
0.017463245513015663
0.007967967090846345
0.02802279594121325
0.011431532400870097
0.03252023946205374
0.03092452185980396
0.041700443103332735
0.02116363950076657
0.029077263196866248
0.040303437887339005
0.027228161724378218
0.026702999946247162
0.02513906037885645
0.02246603394956164
0.0593161428681332
0.04466068191848991
0.04212234625212247
0.038004115988236185
0.033865064651857
0.023042024509257828
0.028123578005977694
0.0249971928080018
0.029121914710956716
0.04976829064039543
0.01623484099878397
0.007407482114766145
0.026051608568858912
0.010627412342239038
0.030232691656045484
0.028749220468964155
0.038767138837787304
0.019674940834706042
0.01881421962325298
0.01196151537466601
0.018507836292094373
0.02913962162381363
0.03184841386753004
0.056299164358732084
0.06723925283788251
0.04450627441405359
0.04672707270369134
0.04215864615405535
0.03756712241599778
0.025560930249227894
0.031197988504902855
0.027729833441289726
0.03230546128234739
0.05520885567895022
0.023663825136995633
0.01807170341669864
0.009461431339635196
0.004816219827948811
0.01690507781271899
0.0373761451213084
0.02874253293146457
0.01853422543452435
0.02087095060984787
0.013269123120846509
0.02053107409621406
0.03232510387774012
0.035330015602118583
0.062453670799854526
0.07458970678157101
0.04937160688695327
0.016196379528416658
0.008527862596423352
0.009167913884695166
0.013953153405229228
0.023284849724262566
0.08558629935182438
0.06455125557310576
0.013963900200022627
0.03141929759156369
0.02399443979781795
0.01256227702753753
0.006394665408684865
0.022445469721459957
0.04962562982076505
0.03816247755723819
0.024608546639657194
0.02594041217412648
0.01866903755793388
0.02226750126267118
0.019615102600847242
0.026729438192518835
0.05064027502183785
0.026832979232274467
0.012539097733502107
0.02150450594370139
0.011322744788123802
0.01217256352130216
0.018526095280101306
0.030916118532235262
0.11363595671992989
0.0857069851141568
0.018540364179647953
0.038127053643816466
0.026419675837543
0.026994506103719867
0.036154684495915614
0.055180282283499874
0.024171604876601745
0.04472364644010869
0.023456481903593965
0.028307441281588946
0.020372563123037105
0.024299381993223786
0.021404955379222827
0.029168464905090397
0.05526113471296305
0.02928145393099495
0.01368327420677033
0.027376347446517665
0.01685358959277223
0.014782974893305607
0.010758298492054914
0.01916216661752138
0.02142066881310861
0.04997830285690863
0.033853359250649
0.04160609804569037
0.028830437135297628
0.02945771992083917
0.03945375276046357
0.06021541177359009
0.02637723260267409
0.04880462141479265
0.02559685558199883
0.017007144844552177
0.026378890967003386
0.07202344948776744
0.06289315624520593
0.059935752813934276
0.012950047204730909
0.01820053555804269
0.014304425578883444
0.03686907152686542
0.011253898473638294
0.013791247535742185
0.007662785599461204
0.04949794788310936
0.030652000637498896
0.032411875403369185
0.03247863500526126
0.025777042058384707
0.012843612208893164
0.009553956728411585
0.01979773073078754
0.01743992754991644
0.04291722654831466
0.03315721935255315
0.03755506248237202
0.0158616076612692
0.004439381571476517
0.007670597725912472
0.004151249778810031
0.038177686743419
0.045699424946930335
0.06240308014080644
0.11582897349993018
0.005014728985978758
0.024935480861581774
0.013564812446208415
0.01119669179429584
0.014947691140029582
0.042078039814554685
0.16842120146706852
0.011950051701848914
0.026171354771529452
0.013040081592975204
0.00970010408660399
0.02010057761682219
0.017706707001712327
0.04357373352854085
0.033664427010190026
0.03812954416829252
0.07369364677726696
0.052000534873332664
0.028117114129289432
0.004538992842408205
0.055518643274097806
0.029945134217300648
0.0409958168813115
0.03854390878794811
0.005091439548333747
0.025316920170631627
0.013772314066714334
0.01136796815368783
0.015176346725698595
0.042721709712966974
0.170997549084889
0.012132852245763274
0.020356287873396762
0.010133626462043214
0.009565366601900932
0.014731209738435122
0.030338127079831422
0.02130496094397583
0.024897103690671163
0.04665583542838689
0.0849124687184982
0.05991688542870601
0.03239754956317656
0.005229990706110198
0.06397057638569104
0.03450386001635827
0.047236853796160355
0.04441167715769637
0.08250817799718861
0.026345346621454022
0.008359285113984819
0.01020332333253962
0.021597818068018148
0.016326431126856878
0.028635155436210636
0.019562686063357742
0.023455246589964604
0.0116763286605139
0.01102155922368377
0.01697382937068023
0.03495668051860721
0.024548341801728178
0.02868733779324206
0.053758530614207524
0.008658097046794717
0.0069306972898411185
0.016532143469627007
0.023055475250190343
0.04063982849259463
0.08440009633958065
0.009633980249533007
0.018953671570996256
0.10157213448025881
0.032432580077753514
0.010290742716260477
0.012560855842842514
0.026588109621808062
0.02009874049159461
0.03525146148456952
0.024082749466242767
0.05274169297049551
0.02424345913216306
0.02643529803647764
0.011584756906467698
0.03580546425170461
0.048125864328795086
0.04211006897237545
0.05954397152881539
0.01065859674673861
0.008532072023087145
0.020351983773064342
0.02838256630389301
0.05002987855391896
0.10390119068976157
0.011859962990808826
0.023333018913222005
0.007935655182977345
0.004696684057233169
0.007134734911882011
0.021462008117709597
0.06660187680085396
0.04456631023550857
0.016730705582564894
0.010354718405044806
0.05327333694398451
0.024487836743464837
0.026701769704278313
0.011701532949229617
0.03616638856443085
0.04861098007495944
0.04253454462212172
0.06014418346434435
0.08697824265131678
0.030214031853001703
0.015136424571194015
0.004907089394884275
0.00905268039337772
0.012351707759832858
0.031635830115012364
0.08645039977084253
0.008015647747040026
0.004744027318963632
0.007206654082555307
0.02167834829626881
0.06727323345305772
0.04501554515617378
0.016899353540076708
0.010459095479938806
0.08217327357088051
0.026531329197389972
0.017823434393567525
0.023126462129753944
0.031007003023673953
0.011078882640837517
0.025087647416347367
0.02153299570313612
0.07711249598032718
0.026786922094462425
0.013419533935422109
0.004350489268391666
0.008025855192821119
0.010950681296224923
0.028047448973622973
0.0766445251320084
0.08567332455697052
0.025087554941676003
0.008431014795972922
0.01229979991458917
0.02598559423899495
0.022383942079929765
0.02271066349229848
0.0818197282539286
0.07285254374852468
0.02352194012804073
0.015801762269897893
0.020503279482996566
0.027489948326621574
0.00982222987112934
0.022242011928251627
0.019090556373494962
0.024573631169818436
0.010838833614404141
0.027085256369640667
0.030943379708987855
0.03255193680099067
0.031646466818163334
0.05537757115052347
0.045929000716111314
0.06512109284305856
0.019069284436088723
0.006408492960077182
0.009349192602609658
0.019751892479605623
0.017014243090466757
0.017262587082470124
0.06219193836086982
0.056606562680022766
0.018055009813825764
0.028534636061021273
0.029692800666138858
0.04461342179014224
0.05108842614763058
0.041907968724153026
0.03300677419540302
0.01867864618509921
0.008238698495290832
0.020587755918734286
0.02352035144343028
0.0247430306877967
0.024054774510938622
0.04209300819087813
0.03491106170198737
0.03734411152277859
0.039631588699342434
0.009617103141942423
0.024964628777280295
0.031199492116957397
0.0470504651272581
0.07017522989304519
0.02351567084037843
0.045146571443826826
0.014399775430394522
0.02275780270981075
0.023681497041583087
0.035581440363858303
0.04074558093315669
0.0334237059184367
0.026324557061807148
0.027948488173556933
0.021646426490777776
0.03872004534064519
0.024542457028944246
0.01578790476449355
0.03371564607709059
0.04881737158280694
0.027505793681344214
0.029783801012605172
0.03160817873293457
0.007670121864396173
0.01991054293533102
0.024883159004572906
0.03752510459503114
0.05596826374817893
0.018754926343890716
0.03519907578721185
0.02096614535187408
0.02946129888582398
0.01217123558801583
0.015661778492340586
0.04386048606990575
0.08375282802814092
0.052077942610675595
0.028345243827852123
0.02195371832181238
0.0392697136027733
0.024890860797193264
0.016012029248289896
0.03419427208133928
0.04951038109670377
0.027896264861795236
0.01588343536617639
0.027967797526772566
0.01962136871785918
0.01944245766037323
0.02071117002568798
0.039279617567233596
0.03473687368166217
0.03214288792266505
0.03569876050209938
0.02126377993824148
0.029879530342325107
0.012344017976433998
0.015884112492468513
0.04448312782928489
0.0849417799269709
0.052817239064442106
0.030112586550453027
0.0791985240177015
0.05105112129392745
0.02251538834294454
0.022341377093803585
0.016090192533541492
0.024204631296327953
0.005315690920423963
0.01832180344493164
0.03226131357982961
0.02263357092979365
0.022427194087894394
0.023890674629071986
0.045309683696731946
0.040069554048875994
0.03707734889176594
0.015810285984164653
0.007213770105035812
0.025370336663723715
0.010349496395747
0.029442080842611892
0.027997403699252077
0.03775334491167133
0.01916042425925338
0.03473536292852413
0.09135679761514574
0.058888306492090384
0.025971870076935463
0.025771145244399746
0.018560301231711516
0.027920439555080872
0.006131736741625373
0.0450931123046103
0.05858903259629094
0.059894489759008566
0.05447789181880209
0.01970186451457699
0.010671853908955148
0.0328327448098385
0.014314709356480956
0.014915401151347455
0.0068054603843329484
0.023934339268953504
0.00976370007548268
0.027775616895089363
0.026412710547349894
0.03561645151306934
0.018075916801442556
0.01728514822235652
0.010989377734251732
0.017003665312196877
0.02677138297506048
0.029260025946908196
0.0517236122582925
0.06177457662006147
0.04088915540886931
0.04254077755833592
0.0552728094304123
0.05650437584782787
0.05139436510958691
0.018586710762774326
0.010067811691709356
0.030974364425099724
0.013504476303003521
0.03702029652079361
0.017645802906698062
0.008033568961180876
0.009757111479034328
0.0354119063269658
0.07128107951481834
0.05544396976137628
0.06756398051578545
0.017793240640862747
0.011312407623208811
0.01750348361405965
0.027558320787081193
0.030120116769253063
0.053244014334579204
0.0635904241692592
0.042091081455155596
0.013807999637730028
0.007270311456670124
0.007815978341116726
0.011895568193284457
0.019851176986382144
0.07296541726323537
0.05503228125795825
0.011904730224734364
0.03810849847029957
0.018164496675476524
0.008269713623072961
0.010043919223188088
0.03645283006670629
0.07337636823427378
0.05707373077500809
0.0695500060807715
0.023418274360032697
0.034102781070155797
0.03659129604748717
0.039923797896955306
0.03716651813850318
0.013358258371286591
0.023067764081834682
0.017575140839092496
0.013758833080602328
0.007244423841305927
0.007788147753363281
0.011853211287976938
0.019780492306996283
0.07270560712053978
0.05483632616878345
0.011862340695907546
0.024394132481527234
0.01690361596048878
0.017271399052214365
0.023132187754671223
0.03530498655801786
0.015465274006206424
0.02861470929563778
0.015007730008521602
0.023334888210383
0.033981350278028774
0.03646100432568125
0.03978164003618221
0.03703417820620037
0.013310693221332227
0.02298562600461177
0.017512560509662923
0.13681349208977397
0.050998389415205264
0.020844287988695295
0.014232755826088878
0.024145705225699293
0.028486375976501204
0.05649393090224842
0.06765965130941584
0.024509630892508797
0.01698364917276872
0.01735317359974008
0.023241711261203578
0.0354721443714906
0.015538497129613823
0.028750190787215652
0.01507878680751772
0.010018695870438266
0.015539474051255255
0.042428111393956615
0.03704957007845516
0.035307400783437234
0.0076287105000800905
0.01072170738250266
0.008426557825316427
0.1374612601934019
0.05123985046919174
0.020942979021982073
0.014300143370329145
0.02426002741312323
0.02862124985088066
0.05676141158655859
0.06797999810673366
0.03385603104108531
0.03090958957732809
0.01715475674385865
0.034397970689468725
0.025500700089272917
0.02530126051854811
0.043144416290934774
0.044120289776854456
0.014122959473557952
0.003952764900037001
0.006829795764369528
0.0036962162753469124
0.033992892409517174
0.040690145682165765
0.055562852812567814
0.10313254075737467
0.004465046403385023
0.022202212611884785
0.01207792428960424
0.009969381907918526
0.013309220647877694
0.03746571367281962
0.14995994438920696
0.010640163311077004
0.016236150525060004
0.005418732160277921
0.002010525974613365
0.001725218481465328
0.011431666211737147
0.022997901862595968
0.16467739358939237
0.01548141414501849
0.01874146260680679
0.007595797208664602
0.0038756361445370082
0.006349865818922785
0.03735136658420309
0.08882929950029834
0.0593885323134854
0.015819208145212364
0.00549065212610513
0.027301984093438647
0.014852181744265265
0.012259314466960257
0.016366302619312455
0.046071458580533485
0.18440522518802724
0.013084172039462017
0.0219523956300831
0.010928189788128175
0.0103153734756392
0.01588626307011932
0.03271689673845556
0.022975452815090495
0.026849250396733308
0.0503140535320545
0.02304631177637285
0.009340525568020933
0.004765856368453301
0.007808408045371946
0.045930846360971715
0.10923308250323804
0.07302987287345862
0.019452825567492782
0.02955782181915409
0.008992179005242563
9.289849455094558e-05
0.004205404724985985
0.01836513487366297
0.025808299930127232
0.07367894872691676
0.03492235136841348
0.03403577828064955
0.016943455780647352
0.015993323481188558
0.024630629689530857
0.050725445285570624
0.03562196268184628
0.04162803681674525
0.07800870571369421
0.012563716620363033
0.010057096410500241
0.023989701727410506
0.03345567230600861
0.058972229800789415
0.1224725118476686
0.01397981532513733
0.027503567729306597
0.04582750269483303
0.013941795512419393
0.00014403314410064432
0.006520209694283701
0.028473961074099476
0.0400141100326456
0.11423447377124335
0.05414486091829605
0.005402545575970804
0.003979924982996999
0.005089660971753831
0.004196602402810905
0.01416226307594565
0.030758306519694176
0.02896463337655684
0.003563364908476234
0.013978137066972736
0.011189322106635497
0.026690457057749778
0.03722210451668078
0.06561131042739403
0.13626044022423098
0.01555365985165695
0.030599913319272795
0.010407155697848475
0.006159431215216879
0.009356794792458826
0.028146190190901258
0.0873445337093584
0.05844615457769191
0.021941358831481957
0.013579618086209149
0.006010762965561457
0.004427984059942422
0.005662653881598054
0.004669054975897964
0.015756647530018472
0.03422106988495757
0.03222546541490093
0.003964527744090611
0.039150671844325115
0.009837948519476006
0.008622708500682846
0.005868966198606355
0.015358394655425902
0.07435539711187923
0.12907950711525232
0.03830154461291594
0.009318113196613836
0.00551488600310006
0.008377665864232525
0.02520087081107667
0.07820448505229084
0.05233013707811758
0.019645335499452455
0.012158597619543726
0.09552563798135141
0.030842414302599337
0.02071957057906042
0.02688428917573469
0.0360453419586751
0.012879094216365208
0.029164148156159496
0.025031899823456622
0.035053803609791545
0.008808469920930323
0.0077203970233075065
0.005254816298849097
0.01375123655996745
0.06657457879782668
0.11557215953939254
0.034293532130213925
0.029363761538327836
0.022058257167286592
0.011474776108461206
0.030439334259567092
0.03190159668081213
0.027368193734983903
0.03987234917909164
0.03265014867810475
0.08104258440893115
0.02616626297729198
0.017578187207690978
0.022808246255564754
0.03058035235320799
0.010926439249158608
0.024742445992577838
0.021236705634506484
0.027336184515235708
0.012057328994878047
0.030130165161440858
0.03442201648606181
0.03621140663220703
0.03520414423974562
0.061603085539738256
0.05109231230417659
0.024911795129787348
0.018713909754182665
0.009735035860478613
0.025824295636363324
0.027064858151369966
0.02321878395955242
0.033827130519240696
0.027699918955014155
0.09441545923406733
0.042407397878252144
0.051091971648156126
0.00768943031797783
0.014630594295920478
0.015509471437633211
0.03210676426013354
0.028015228936269124
0.02033234213176612
0.008968103730148906
0.022410473056603646
0.025602703101079347
0.026933631074526333
0.026184440800054335
0.04581967212243235
0.038001878919590136
0.04065033646248334
0.04314033322732411
0.010468544104360508
0.027174848137394653
0.03396170909674246
0.051216032733105765
0.07638812627110948
0.025597608105345174
0.07022514128132783
0.03154213866598641
0.03800162554352906
0.005719310532761536
0.010882069099655256
0.011535767889518649
0.023880644912868412
0.020837407624114675
0.03805132083145993
0.018840222718981975
0.016075616673874287
0.020365609187495994
0.04363806455115777
0.05484217386126017
0.04748938373224199
0.025222655799444767
0.029539504535887634
0.03134891811349093
0.0076072090163458814
0.01974723015041898
0.024679059196363512
0.037217311414532
0.05550919374445807
0.01860109230420685
0.03491036145572373
0.020794174170706073
0.02921964767702484
0.012071403133112139
0.01553331546295122
0.04350072801855892
0.08306585994123539
0.05165078229325668
0.027650869884798975
0.013690682363186097
0.011681717618582554
0.014799139621522375
0.03171060605945927
0.03985233049738123
0.03450925596789938
0.01832862456335288
0.033106813148009985
0.022815198877395276
0.012563062043601405
0.03352465373267499
0.022136202936067568
0.05071114564829742
0.07039495590428671
0.04752890398341645
0.03330604233923289
0.01983856988181853
0.027876847505653588
0.011516657149347942
0.014819475963715398
0.04150163529561604
0.07924853633086568
0.04927715068477638
0.028094283064372023
0.0738902235550502
0.04762940739023332
0.021006288926762078
0.020843940824198385
0.01501174343958039
0.022582309957613556
0.0049594054350291725
0.031585376789156856
0.021766717619131352
0.01198572168510146
0.031984015348701794
0.02111892519799845
0.048380695404008245
0.06715992857278767
0.04534469488139494
0.023531291865386356
0.009482657221658712
0.006303782538154768
0.014454546169697557
0.031741915407409026
0.04956508946785545
0.04639543482748563
0.027796644876338587
0.03142036211417108
0.08263807891011672
0.05326824763798109
0.023493221138317023
0.02331165266193299
0.016788982077097583
0.025255827123863622
0.005546548893330439
0.040789610299489666
0.05299753521742322
0.05417840489371045
0.04927874488271912
0.01782159923436415
0.009653375867667952
0.029699322078484733
0.012948572106911766
0.026317158894234777
0.010605307956298122
0.007050086652290894
0.016165818284356124
0.03549983724492921
0.05543309490165543
0.05188818520066433
0.03108748657413369
0.07395483103333683
0.020846565318427
0.01994941443445791
0.00804735346156117
0.007635528416507617
0.02248806884633167
0.03179122478075635
0.05214990322400855
0.04307269495982383
0.055963924422959034
0.057210889985526876
0.05203698517224855
0.01881911354096955
0.010193696655292357
0.03136165879025667
0.013673332312598041
0.037483187447050176
0.017866440849115255
0.008134018350490825
0.009879111538314835
0.035854686414126716
0.0721723572198105
0.0561372248924844
0.06840878070545886
0.0780942464150996
0.022013393663922385
0.021066027261683908
0.008497781624749755
0.008062905821520293
0.02374677577308652
0.03357064991125554
0.05506884859304864
0.02277234054534672
0.008052017680145396
0.0019986684713689793
0.008781448794224843
0.015454799703332552
0.00989997802859164
0.07650504391803555
0.018146918121217666
0.03693147277280258
0.017603464878702967
0.008014293812899021
0.009733700990934985
0.03532694163086452
0.07111005299049547
0.05531094162112513
0.06740187252253275
0.022694973473898972
0.03304947665547331
0.03546113092733218
0.03869070454632077
0.03601858660901507
0.012945672884900592
0.022355289116984565
0.017032311988964408
0.022437154684657058
0.00793350010962894
0.00196925008942993
0.008652194734180678
0.015227320655668022
0.009754260347542806
0.07537896691502818
0.017879813808544455
0.04703952717764723
0.03395832408837062
0.0443647101860393
0.031066614934755054
0.04473928277497898
0.04747486789063969
0.05299360649139714
0.019449666042924106
0.018965587678069887
0.027618571484323437
0.029633927025264427
0.03233279608118789
0.030099777960043195
0.010818355634236115
0.01868172246618329
0.01423345159484117
0.11119608786542118
0.04144928474369372
0.01694133556040083
0.011567768231267568
0.019624584672450585
0.023152494082761658
0.04591582312910632
0.05499083765078386
0.03930968582310277
0.028378071190036967
0.03707441217383086
0.025961546510885128
0.03738743255631808
0.03967348851587029
0.0442853520602533
0.01625357029258001
0.03718906955894015
0.02804988978956324
0.04460146350409735
0.014393624961327891
0.012695138194843006
0.018052249017891146
0.040611319001087366
0.02886123783071209
0.11500989157548684
0.042870912419357886
0.017522389531399535
0.011964519576071912
0.02029766872845508
0.023946578384872866
0.04749064414990016
0.05687691354318399
0.028326369580296037
0.025861166563799158
0.01435289266473447
0.028779794931652048
0.02133570395208017
0.021168838586720872
0.036097694963124254
0.0369141803034238
0.03846458036314607
0.029011944982330826
0.04613120461506301
0.014887297547590493
0.013130556077582609
0.01867140510153671
0.04200420612553782
0.02985112064069974
0.010796554610380085
0.02113470945351972
0.017291677314665962
0.019902987035455393
0.01907720207042366
0.014742732976078546
0.09537481419141992
0.020710802801130503
0.02006933461328415
0.006698037736009459
0.0024851899759697343
0.0021325243894547885
0.014130562169685192
0.028427464205355635
0.2035559913101259
0.019136412925197254
0.023166124483621594
0.009389084906551534
0.00479063300774395
0.007849002241801155
0.046169630731422516
0.10980096127980025
0.0734095391239157
0.019553956530116844
0.028682125093123057
0.012256870939716807
0.029373646168770882
0.019318667325587624
0.028216216039000375
0.009756935145582828
0.01521709870826653
0.01204966083654773
0.029673920640458967
0.027801679334932872
0.017959090020993752
0.016056941859191664
0.05805816103963921
0.04024392335074057
0.03618061794033573
0.028389929896394623
0.02420268840467427
0.009809197760244966
0.005004988988535742
0.008200204383785015
0.048235482250883734
0.11471398482156749
0.07669423526593783
0.020428894669523013
0.031040921356591093
0.009443372486440957
9.755978911926924e-05
0.004416416004522164
0.019286627776717392
0.027103262661907532
0.0773758792871018
0.0366746226784443
0.03100167468727101
0.029045660293579696
0.018762666155787495
0.016775406729111788
0.0606559626313083
0.04204463019821002
0.0377995129447573
0.0296602320167438
0.04072608224048708
0.008765990796328149
0.0064935708960245034
0.025611196794260892
0.014667423744976772
0.01975811412379526
0.04499255802414642
0.06051091015202422
0.04408969790132614
0.0134131147498452
0.00013857132590145652
0.006272959658931592
0.027394212383139764
0.03849675237330093
0.10990263798640174
0.052091657201869514
0.005197677995435589
0.0038290039790901064
0.004896658152181994
0.004037464868727697
0.013625222058804237
0.029591934158843158
0.027866278114671163
0.0034282400979405206
0.05784624245073734
0.012450979839676952
0.009223295140553953
0.036377461756965795
0.020833218011727925
0.02806389903220725
0.06390623101370319
0.08594808503551539
0.011890362799181393
0.013814861561036909
0.006894118298414978
0.010687928067283248
0.031645315315217706
0.09941656508668749
0.0929105984446689
0.03381865715528332
0.005938724021143627
0.0043749147076147955
0.005594787021671771
0.0046130963906368845
0.015567804239719082
0.033810930645482365
0.031839243478490584
0.003917012911874496
0.03868145136614733
0.009720040787855148
0.008519365410634073
0.0057986266872674585
0.015174324422533933
0.07346424829260317
0.12753249029029454
0.037842500917582136
0.013585601731700462
0.01578448112279185
0.00787703008523361
0.01221173285555003
0.0361570675182617
0.11359063483701264
0.10615709616615909
0.03864026817114718
0.0318952728028958
0.0460380608216856
0.005257111314550138
0.005928602388151173
0.009312207977260538
0.05186737938578949
0.026993762588812482
0.05631401668679026
0.02842063343400832
0.007141658506562782
0.006259479747388714
0.004260456567142004
0.011149114027272103
0.05397678725820264
0.0937026411743891
0.027804226801737143
0.023807308108822096
0.017884211600062278
0.009303424220269137
0.02467935207820809
0.025864913129475073
0.022189358123625488
0.03232737402155157
0.02647181793667282
0.023434587498495984
0.03382579516576257
0.0038625860280766485
0.004355954321742216
0.006842009284444536
0.03810880214273054
0.019833274203684515
0.041375904184727114
0.13406325622870066
0.04805848971042418
0.019466831269738187
0.03784054277338196
0.01198946563480328
0.013568351253924017
0.060279393916690883
0.08785191739022881
0.0187770993412333
0.014105484598217402
0.0073377183173806825
0.019464890508896496
0.02039995622623763
0.017501003469229785
0.02549697389848715
0.02087862906918711
0.0711650223578801
0.031964293163723685
0.03851023269012778
0.005795856790164338
0.011027712819751546
0.011690160600519726
0.02420025931078828
0.02111629186347638
0.10573724121639363
0.03790428684156349
0.015353715041619876
0.029845273877002625
0.009456230256858825
0.010701515611387784
0.047543055377336406
0.06928982363793017
0.025774843961777552
0.005013368408876067
0.020153489101135312
0.03438340525104911
0.02456842790257557
0.08469524324140665
0.07788356822220203
0.04226486214849295
0.0698950103717357
0.031393857940048564
0.03782297853794447
0.005692423848677037
0.010830912102252836
0.011481537830643382
0.023768381144040254
0.020739450223004826
0.03787244020654317
0.018751654155791494
0.01600004462292547
0.02026986972776986
0.043432920443502644
0.05458435883361506
0.04726613443489009
0.02510408318927312
0.025314865735285304
0.00492389976600526
0.019793829652251037
0.03376979851916762
0.024129979393979827
0.08318377074379295
0.07649365697242445
0.04151060282638676
0.028230216209391753
0.021167740752921157
0.004749034203051856
0.011946743069242061
0.021099716146531198
0.036514798072302915
0.03182531597346721
0.060439910631847546
0.03387609799251459
0.016772958653812536
0.01431170203384955
0.01813097042199047
0.038849830140889226
0.048824556290055374
0.04227855910818942
0.02245507227667699
0.04056037481259915
0.027951739533310177
0.015391469514275497
0.041072286685546876
0.027119876624809695
0.06212809023555581
0.08624345036259959
0.05822940889480586
0.025251332246977978
0.018934097093173646
0.004247910806776937
0.010686109389780424
0.018873250519269216
0.03266171577347966
0.028467073066330967
0.05406222371880737
0.02626950576944859
0.017375946747203722
0.01638858990747212
0.011586005988994867
0.04822457268054883
0.037904174613438014
0.029759563713086076
0.025111427388168673
0.038750747766449704
0.02670465480886896
0.014704769264543935
0.03923982036400091
0.0259099059957107
0.05935620578095379
0.0823956437027625
0.05563146660003683
0.028869535474635617
0.011633866539098788
0.007733841161408739
0.017733664424504834
0.03894279830148339
0.060809288197243946
0.05692057449610192
0.03410251463982381
0.025097474979570225
0.016600707777360058
0.015657402494095432
0.011069088926679608
0.04607300254800132
0.03621305563686628
0.02843182175740573
0.023991065005448967
0.028623781414744205
0.02753281026278627
0.014855693747736905
0.007714754898035537
0.02871455005671957
0.03945077865264935
0.02944251414992107
0.021092145721682432
0.029491927290402172
0.011884678448629412
0.007900573301852369
0.01811598050337141
0.03978235732269403
0.062120261951213986
0.058147712346873014
0.03483772307528803
0.08287636626638101
0.02336138908825574
0.022356010477864296
0.009018145314330258
0.008556639787312803
0.02520091526531995
0.03562635668519264
0.05844100270340715
0.029240875074061302
0.028126383920653652
0.015175964304713801
0.007881075562024083
0.029333600576753847
0.04030128910788683
0.030077258683950784
0.021546866542724544
0.03692566755301791
0.021205502583272633
0.017560530657696905
0.014340007744596431
0.01824210739895417
0.04164191505180167
0.05556376945245768
0.06511909033044401
0.09220963411514596
0.025992273036269196
0.024873671944211
0.010033739620760079
0.00952026083657188
0.028038960691313404
0.03963848154537035
0.06502243907850264
0.026888398134614952
0.009507404684185997
0.0023599240267049653
0.010368679095926325
0.01824822559132372
0.011689380379089159
0.09033318626506696
0.02142693933405387
0.04108411659335148
0.02359359757818611
0.019538140724093107
0.015954932955041794
0.020296474429636134
0.046331492604764934
0.061821181141092245
0.0724525912970338
0.026992265516703026
0.00876414716905061
0.012505988422654945
0.012250743811894206
0.052100474997191996
0.024100340254983598
0.039936289796368776
0.03612556243775366
0.02518927244617537
0.008906614877057436
0.0022107962312719553
0.009713463827286179
0.01709508776900239
0.010950707648024421
0.08462487160336236
0.020072932938252307
0.05280934603652206
0.03812361635419021
0.049806438809994594
0.03487721320150655
0.05022695607817223
0.053298085182844304
0.05949374644771777
0.02183534159424231
0.025286576263702502
0.008210325125891095
0.011715712777304927
0.0114765975273491
0.048808153342163034
0.022577396901409086
0.037412644633341305
0.033842723912378844
0.039800529250748215
0.023580235839547995
0.014294662059396418
0.012297355712013956
0.01768249511512054
0.06703322610028474
0.0504263411246965
0.03632047528894812
0.044042201811140325
0.03179452372086815
0.04153782226439515
0.029087072227112966
0.04188852735317508
0.044449802922133866
0.04961689140666668
0.018210347093556636
0.04166628331892622
0.03142683237030965
0.04997105969148183
0.01612648185979913
0.014223513281527904
0.020225569798974455
0.04550053936608415
0.03233585907502959
0.03319304390248211
0.01966556269947804
0.01192153356352091
0.010255810053722962
0.014746935473240916
0.055904704252894635
0.04205481148877245
0.03029073114153143
0.04412801621196485
0.02065556178659777
0.015681561468227773
0.004248539720008356
0.009213529849093006
0.049174335534092735
0.05137270412784127
0.03538924281083176
0.04170993400165144
0.03145975593775038
0.05002341067405783
0.01614337638186984
0.014238414204193302
0.02024675863224461
0.04554820691522677
0.03236973496250262
0.011707487147725282
0.022917898183935494
0.018750619732838803
0.021582252239516424
0.020686793714664538
0.01598661453292172
0.10342182776431365
0.022458225458350373
0.04417424587013277
0.02067720109066424
0.015697989880117696
0.004252990600782724
0.009223182182735143
0.049225851847707565
0.051426523509605096
0.03542631750256745
0.06768730913144974
0.06300563314275273
0.014350068100581781
0.007429072977354661
0.008833644556493889
0.004340516947404326
0.06398482862768809
0.05101326514302431
0.0318393122424119
0.01360604696121892
0.03260695255421845
0.021445171133227567
0.03132211821293827
0.010830930540208051
0.01689212203151108
0.013376028189835609
0.032940279761720044
0.030861951348945683
0.01993593825114102
0.017824410982561212
0.06444891762934671
0.044673776342016545
0.04016320227269209
0.03151495363668919
0.032747654048065275
0.04690592011998396
0.03554793043786233
0.026796469482868547
0.058708306466867324
0.027217156673675847
0.034518949404227596
0.04098768800122969
0.014416491725026884
0.012002773955472069
0.013520250191921636
0.012991796477868627
0.021094598765485504
0.04742731883688549
0.08246743278174057
0.03836707724114504
0.03129286829732158
0.029318481383488835
0.018938900780116376
0.0169329753538649
0.061225694070266824
0.04243954846550236
0.03815455752681843
0.029938825677344957
0.041108615604586056
0.008848328300072775
0.00655456393496214
0.025851758535762506
0.014805192433717798
0.019943698826477833
0.04541516569062323
0.06107927913700193
0.013695493181116071
0.011402490425342285
0.012844074539230572
0.012342049887505886
0.02003961428768118
0.045055380609804484
0.07834306604330048
0.036448260419923745
0.07441891606235788
0.03909811969222157
0.014058106385107185
0.007607609829051404
0.007753723438949237
0.022634715716366483
0.04980325404580469
0.06260660178515105
0.0404109340910084
0.008698157466289259
0.006443322093812039
0.025413011237693368
0.014553923717560585
0.01960522111860674
0.044644394866249396
0.06004266227968841
0.008306514771553197
0.009650954605995361
0.004816177306764918
0.0074665032402794675
0.022107170618411377
0.0694516374627781
0.06490661987770657
0.023625450287672812
0.07315590340105577
0.0384345596349506
0.01381951696056565
0.007478496049319821
0.007622129868472854
0.02225056698043501
0.04895801007072193
0.06154406372467342
0.01370964203797712
0.02023498353789092
0.031768450937518025
0.011459970746061369
0.025169966113719
0.10571092659167892
0.07202969401256408
0.016510395838958643
0.008480713064844238
0.009853347530974093
0.0049171787363775695
0.007623085411873619
0.022570786406396183
0.07090812758469017
0.06626779513796227
0.02412090635216319
0.019910392053899308
0.02873892460571147
0.003281713500007437
0.0037008869185485237
0.005813078096572117
0.03237783431924884
0.016850659954359765
0.035153615311358105
0.013997150856094848
0.02065933715598649
0.032434676193959844
0.011700301065097911
0.025697812660650896
0.10792782062015263
0.07354024929457416
0.016856640064822855
0.04880594589999842
0.0730917060189482
0.04029107172489666
0.02936629134612417
0.03560026241375838
0.031241550014405615
0.060624530350888745
0.017595539447773242
0.01695789589477426
0.024477252395237348
0.0027950708222595016
0.0031520853488561425
0.0049510613815641445
0.027576551089386586
0.014351889028137547
0.029940713731862714
0.09701176701261158
0.03477641180676884
0.014086721095241938
0.027382431416552448
0.008675898821859625
0.0098184227924874
0.04361978578479086
0.06357200310675074
0.041568551105254065
0.06225299522407069
0.03431634083096171
0.02501158742203954
0.03032112789164934
0.02660876547792126
0.05163456709324891
0.01498631093551451
0.030204456839472656
0.04058428917748733
0.024393375031010096
0.012542380783419994
0.03383344142931268
0.02513258971602087
0.06887178550996187
0.054591414480102476
0.0861558989047013
0.03088484121212564
0.012510380502837473
0.024318266387032387
0.007705043262498066
0.008719715840277293
0.03873861872684592
0.056458131229818194
0.021001634098914472
0.004084949227332238
0.01642129064083439
0.028015987108518197
0.02001863266216525
0.06901064119388413
0.06346041142076911
0.034437887243857206
0.026824499852628397
0.036042802055550695
0.021663693156346253
0.01113885587363977
0.030047391663354104
0.022320187802633642
0.06116485424918774
0.04848249374120683
0.03302788184431734
0.008596195995609948
0.004240341237622462
0.003152458212855064
0.026097781455459164
0.03699261111814391
0.05417291894763052
0.05409265026881644
0.022342205347464276
0.004345698722355122
0.017469490509163705
0.029804296848633265
0.02129645719980758
0.07341571181804521
0.0675112011150921
0.0366361181663882
0.024915213619893083
0.018682066718783745
0.004191367178330409
0.01054386737332595
0.018622030069151176
0.03222695807607806
0.02808814994961796
0.053342605433491085
0.03513610964185241
0.009144906307595114
0.004511009678012565
0.003353685166077082
0.027763648754420115
0.03935391455959044
0.057630871659746674
0.0575454792899631
0.01276852578077076
0.003296087752544386
0.004454904230933151
0.017116567202191707
0.02521383216362908
0.07988324259306906
0.1176193814913386
0.041774339345746474
0.029331658049516526
0.021993630117467543
0.004934324493874521
0.012412862158521517
0.021922951434782872
0.03793947459912178
0.03306702571909453
0.06279805928680442
0.030514356740582768
0.02018370053867491
0.01903679815298694
0.013458171731494238
0.056017110765282485
0.04402905468655365
0.03456836803687882
0.029169146169433384
0.01503186116369373
0.0038803487834292243
0.005244575845849654
0.020150631811376433
0.029683209400660288
0.09404326173449562
0.13846846872486823
0.04917921458058755
0.02656846360872759
0.00877304259086213
0.008059535472536997
0.017239122155579416
0.02532111752886725
0.047471504462946325
0.022402031267293017
0.017106851981764128
0.034216731790688126
0.02263263400066736
0.021346575387182192
0.015091081763395697
0.06281379191571755
0.04937119822040117
0.038762625331262
0.03270830381672397
0.03902433421293753
0.03753695481208906
0.020253562915978275
0.010517938533332879
0.039148083963858854
0.05378535941126867
0.04014055639985504
0.028756051899101305
0.0297920746329037
0.00983749544097649
0.009037416910531558
0.019330783346314936
0.028393385267514427
0.05323132811608033
0.025120119750718206
0.01918246453691574
0.037185260271382116
0.06063088567376631
0.03007381258062171
0.029003084126868726
0.021714893557110676
0.023091088277719652
0.02163758093739211
0.036632467960484125
0.03201193240919335
0.03079182475567181
0.016614138336707246
0.00862793803414789
0.03211344518941228
0.04412050390617283
0.032927577222152116
0.023588789105954983
0.04042498628640991
0.02321507525610502
0.019224681855791115
0.015698961043561274
0.019970849284691367
0.045588176367886625
0.06082935711079016
0.07129020294113925
0.03050332728113807
0.0497359366467981
0.024669757345877927
0.023791431358223352
0.017812878011704822
0.018941780099761923
0.01774945793275347
0.030049867908936365
0.04491538051109552
0.03174760948398517
0.012247205640718304
0.01869651223673683
0.049940942632778304
0.06697696968700048
0.026571235924557946
0.018611207294002653
0.03745914947584867
0.021511868129040327
0.017814235635345465
0.014547184362162279
0.018505659425947486
0.04224353474846101
0.056366524515034724
0.06605989546206677
0.024610662039782027
0.007990861823396981
0.011402549902783466
0.011169826241665763
0.04750350360456233
0.02197389947472638
0.036412598664348005
0.032938102494673285
0.04162009951986967
0.029418400806267432
0.011348671920548142
0.017324815934159125
0.04627695410437118
0.06206310872115693
0.024621799280378942
0.017245769510289777
0.01970323837748276
0.020188292248065454
0.03424974600226642
0.016677958596175223
0.02257794745555237
0.012338645872713045
0.06646099757183685
0.0893734416487574
0.025426279721260436
0.00825568558892097
0.011780439831124966
0.011540003515524455
0.04907780897714538
0.022702132665432317
0.03761934228023337
0.03402969843571614
0.04002041949966842
0.02371051209531557
0.014373637310671795
0.012365296230883418
0.01778018749071429
0.06740357174770698
0.05070493693512373
0.036521138910827894
0.020356219982653807
0.020857348939419765
0.0353848108932652
0.017230679928905607
0.023326199295607385
0.012747558795210537
0.06866356996345561
0.09233535137493522
0.031182200879422525
0.01873157593696425
0.04284108468728671
0.01762269049372589
0.03375948436244201
0.004730925439259097
0.05539523053160283
0.0415239189591635
0.03558634011272682
0.021083495830867386
0.012781104056112769
0.010995277979794344
0.015810224061190863
0.05993556436974276
0.045087061898054996
0.032474763803903434
0.04730974953765768
0.02214487617094814
0.016812238779500888
0.004554869384767115
0.009877846931177842
0.052719920302419614
0.05507679642080484
0.03794089010631405
0.027727355680709276
0.01665620302020328
0.038094488502114505
0.01567017701091922
0.030019087944895176
0.004206760544597006
0.049257692422161145
0.03692325871062748
0.05692490628076863
0.016750605124252842
0.0043434382982696414
0.006893544997991408
0.03423745717473871
0.03956948151735503
0.07759926123218248
0.06493520995123939
0.04137567832153079
0.01936723998485676
0.014703476353255586
0.003983551219409895
0.008638866642242837
0.0461072503001387
0.04816850298211249
0.03318195677662264
0.06339912032242374
0.05901404218699977
0.01344094935694592
0.0069584194972309
0.008274007362813958
0.004065532516229787
0.05993120277685318
0.047781425740554224
0.04978480405781032
0.01464957341954224
0.0037986399757955554
0.00602888628917505
0.029943046168138965
0.034606273645745
0.06786597058975216
0.05679037375890041
0.014660763472279587
0.011175714941799688
0.012535690088637932
0.0023592686375394053
0.024315390072656082
0.02080323982248619
0.08165198152366517
0.09063911585728959
0.033979470377117085
0.04867030538703821
0.03688508030249343
0.02780442958350623
0.06091664329767422
0.028240941094134997
0.03581739372867999
0.042529456559548096
0.014958773926019462
0.012454263180641216
0.014028819903047518
0.013480488187560785
0.021888080679517644
0.04921131672878558
0.08556947881430309
0.039810270459635345
0.01509012268301666
0.011766031089986655
0.030208411669053765
0.004868985116571955
0.037275470013255776
0.022943193690906326
0.04350776820622115
0.03003140985546774
0.052081973093547604
0.035018829262410255
0.023242717925305162
0.026544097682544843
0.012790488109689014
0.029761150796144355
0.03214641397703213
0.026477648562981064
0.013483916513768606
0.011226337519291281
0.012645651127219396
0.012151382070808696
0.019730029612646447
0.04435933650613992
0.07713277265670825
0.03588518456947587
0.07326924543422784
0.0384941071346133
0.013840927838935639
0.007490082645997501
0.007633939000152333
0.022285040268078912
0.04903386178115812
0.0616394152819358
0.04694696106371419
0.03156615458723676
0.020951106662074177
0.02392698752283341
0.011529412416709338
0.02682685590901726
0.02897694452948319
0.02386708994131752
0.01773190055988058
0.010188203489778768
0.028733029220456324
0.05342661261812583
0.043201287175179987
0.06270782664399598
0.05473218538535632
0.014386143756262388
0.06498075859156727
0.034139511988801136
0.012275191115384769
0.00664277691637156
0.006770359710022541
0.01976407445281141
0.04348697077921929
0.054666537650594045
0.012177594674249309
0.017973731705171615
0.02821833844196798
0.010179323306743416
0.022357231826213755
0.09389777013191315
0.06398040268049422
0.014665365286803433
0.015726002674418284
0.009035676395021336
0.025482643151483922
0.047382797466094896
0.038314198489942816
0.05561408638516977
0.04854067903438927
0.012758730200496445
0.01110082796168394
0.017563529477943974
0.004298441905209184
0.03364457590078998
0.04585048767687576
0.05530878239297286
0.05850074340141639
0.014701797425809989
0.011478098456607837
0.01694129815150309
0.026597441907283446
0.009594610287326416
0.021073004561494576
0.08850416517057128
0.060305288598004624
0.013822968424133842
0.04002239156150318
0.05993746918013771
0.03303993026403932
0.024081271027344274
0.029193320931328343
0.025619041381285214
0.04971399789908758
0.014428888868531877
0.01046318256621792
0.01655465845153057
0.004051534044102304
0.031711989522585145
0.04321677851140227
0.052131776989101944
0.05514038777839368
0.013857307855662658
0.017342116598928037
0.040939109002313734
0.01630044390772986
0.01931914801950701
0.016926201208205226
0.044469544700737544
0.06558035105726141
0.027642225806725734
0.03501027464703982
0.0524313309568323
0.028902246660734387
0.021065505573836837
0.025537359057975148
0.022410696611529186
0.043488173803275985
0.012621918441895918
0.025439095214962622
0.03418129986924481
0.020544828643208665
0.010563567511492762
0.02849553436913164
0.021167417317993653
0.05800587372002522
0.04597851894042081
0.015170314451509874
0.035812188978600654
0.014259093367804116
0.01689975665423109
0.014806485317592181
0.03890049826255712
0.05736753882975044
0.024180511948212323
0.019425399896419532
0.009706444610516899
0.025685460019635203
0.03324195576259543
0.059376886925581664
0.03987093797738797
0.04624872179896681
0.06320411372664586
0.0271882210242053
0.036531516859650746
0.02195743745349246
0.011289890850271012
0.030454812959507527
0.022622833701047097
0.06199420624341197
0.049139881931905695
0.03347571647106217
0.008712754309681237
0.004297837253999549
0.0031952033078550186
0.026451648841568413
0.03749420465873183
0.054907465263708134
0.05482610819860318
0.02076103970697784
0.010373834415098222
0.027451525230012257
0.035527585903240524
0.06345948673962429
0.04261235963824737
0.049428663233970244
0.06754986366922094
0.03617877455630174
0.016799379342418642
0.015996369218583356
0.022358093662097667
0.01814273282266134
0.012885017161074116
0.043742135493410106
0.03219334629899441
0.03485448350203754
0.009071607223301815
0.004474852623198137
0.0033268044038895785
0.027541115033254533
0.03903848148640752
0.057168943458669796
0.05708423553357054
0.012666182332295125
0.0032696686503813376
0.004419196877598046
0.01697937293688542
0.025011735964176062
0.07924295516578418
0.11667662793340451
0.04143950586380499
0.037668872658382375
0.01749129673269162
0.016655212966198363
0.023278958266845035
0.018889979020940736
0.013415713400857305
0.045543746351684226
0.03351929624638976
0.038004264861632296
0.03293797334689323
0.010252092919910683
0.012611852641859649
0.03772194146587297
0.04194507736325592
0.06258940475621146
0.025208492225571994
0.012838902969777478
0.0033142550331472015
0.004479458642495634
0.017210909799435705
0.025352805030366427
0.08032354072606955
0.11826767257710635
0.042004589934283014
0.022692461207158843
0.007493166770715862
0.006883751305746857
0.014724152533699844
0.021627087125089817
0.04054601309791238
0.019133858584416366
0.014611178903294596
0.038522504744948415
0.03338712744910023
0.010391894162163481
0.012783832420058592
0.038236331485385425
0.042517055589319834
0.06344289648762055
0.025552244331213822
0.011885878309718679
0.02769890104624011
0.03128711244818662
0.04521106622039023
0.03993646753335348
0.04487315511770121
0.0663347312971685
0.016434940569851633
0.025342665520695067
0.008368277791795086
0.007687689989931791
0.01644375501320816
0.024152868663940927
0.04528129579060172
0.021368461261142113
0.016317587432623487
0.03163168812409015
0.05157573867503438
0.025582326258038243
0.024671509760653947
0.018471801343688955
0.01964246310274687
0.018406035267099833
0.031161454653943457
0.013274004775112645
0.030933796827831248
0.034941067812980585
0.05049117055209008
0.04460056269509395
0.05011379552991859
0.07408182357667682
0.0183543423479713
0.035058943869211406
0.023303641615479584
0.024097133118538547
0.038357028294673
0.05287879832660292
0.04864696208680003
0.029402907707917633
0.04535833906301622
0.026153215141635922
0.04264304150841981
0.021151576856261782
0.020398509877439956
0.015272564420206781
0.016240472573657832
0.015218188746568717
0.025764424095666465
0.038509950040810606
0.02722004892825996
0.01050061854083783
0.016030182622994285
0.04281881137140058
0.05742531238033509
0.022781883540417557
0.015957043109412386
0.0289868848622001
0.019267550639798427
0.019923612811097988
0.03171375518274695
0.04372041680613284
0.04022151648852862
0.024310449953165555
0.03750246889538885
0.02249490994744392
0.024053763909175758
0.016184163625725813
0.02105582438224867
0.027414464369073858
0.09268514823853614
0.06883487234136189
0.06754430157965492
0.038200843263326734
0.02700156249557824
0.010416333509169233
0.01590151358842476
0.042475118772872744
0.056964378174056474
0.022599020810169176
0.015828961141804154
0.018084539194310415
0.018529743965518455
0.03143599352079175
0.015307798146435991
0.020723079519438005
0.011324977174554347
0.061000963011969944
0.0820310589285912
0.02231435066039536
0.023860692211070622
0.01605425863599411
0.02088681616449804
0.027194417427216216
0.09194119485863646
0.06828235732782892
0.06700214555565177
0.012962459703141886
0.03196038694184642
0.01409006967292539
0.006109663597087209
0.025804225466777627
0.021942004584114598
0.04465724168717704
0.01711177849433243
0.02212265700171665
0.022667272064513598
0.03845537310607605
0.018725894213088932
0.02535036006734743
0.013853744510325042
0.0746219390490626
0.1003478695622926
0.03388807623428716
0.020357032391484585
0.04655867459311971
0.019151921995946376
0.03668900678719017
0.0051414575438175365
0.06020222249641391
0.04512721012464193
0.015856862418778178
0.03909685894452081
0.017236257731271663
0.007473897493432294
0.031566081007808104
0.026841460328564992
0.05462880916528939
0.02093268743273072
0.03251458588946732
0.036409121289474274
0.04533291267211046
0.01534799590036512
0.018240470824204442
0.017993762815620318
0.023952195447270175
0.01331526553826494
0.029941373199661385
0.017986193723630133
0.04113631715286754
0.016921433958273682
0.03241609930718682
0.004542668578923345
0.05319089814223252
0.039871565162331604
0.061470335755603595
0.018088133795403645
0.0046902599929019555
0.007443991624384135
0.03697130351991983
0.04272908773094816
0.08379552912747708
0.0701202587559078
0.02872784349924203
0.03216881008125532
0.04005331099822077
0.013560524059927399
0.016116133017089466
0.015898157334277213
0.02116265372751786
0.01176453133478283
0.005952096712001459
0.00505753147409219
0.010916724221195476
0.0224427331655419
0.03313073954430234
0.032770330979777364
0.08570826751260359
0.06325410683004731
0.051874200626181304
0.015264394930044667
0.003958063427993695
0.00628190996903274
0.031199712717185444
0.036058649139993494
0.0707142076922772
0.05917378400413441
0.015276054613188959
0.011644743612101853
0.013061794958367819
0.002458283746435205
0.025335871995562018
0.02167632185461849
0.0850787976621425
0.09444310908808529
0.005022914796046993
0.004268000152193223
0.00921251422283575
0.01893919772063464
0.027958699247193044
0.027654554069624887
0.0723283484565304
0.0533795071687511
0.03301942072352045
0.036028017692660404
0.03193724399215125
0.027522814968070703
0.011503783314073335
0.01345413563718507
0.040267549216933
0.04400335134289088
0.014067785426199766
0.010968896951263102
0.028161828923023893
0.004539117361874328
0.03475010275412796
0.021388820529515247
0.04056017040781269
0.02799681876466522
0.048553483456946156
0.03264634663936542
0.02166805236533139
0.02474576770342584
0.01192394826756266
0.0277448694242979
0.02996853395762268
0.02468382043000604
0.013030578958012394
0.019322503254005766
0.015448013615931106
0.02873944731030961
0.06670857009997745
0.0906732747316715
0.05662762801995168
0.0221925392802857
0.027546430221543634
0.02199895510739258
0.03246902985935315
0.013355527864707653
0.050811403674500134
0.08777626218501408
0.019469153217614475
0.029462248333237642
0.05010823476128367
0.0336917288942641
0.02236189408952663
0.02553816223157231
0.012305769978424762
0.028633299437035326
0.03092816885799008
0.025474231318724557
0.018925915882231102
0.010874247889415465
0.030667828991688576
0.0570242074654408
0.04611033793701086
0.06693039182201407
0.0584176937579729
0.01535486541226914
0.02842850592996863
0.022703392806030818
0.0335087341798303
0.013783190781750108
0.052438456781991376
0.09058698241362617
0.020092583076900965
0.030405671250883393
0.02717441153280076
0.011359045535785805
0.009454337866333705
0.01133282854048441
0.016823538784921304
0.041312949675786546
0.03178874576314874
0.025459573179012544
0.02087073322628796
0.011991679987841118
0.0338192392641818
0.06288398558133149
0.05084861245530858
0.07380812432753493
0.06442066580578666
0.01693272345387
0.014732441789298728
0.023309403275284184
0.005704668640191258
0.044651332107379225
0.060850383686881525
0.07340294074045418
0.07763914545535655
0.01951146126409758
0.029966840030971782
0.01252629519003734
0.010425860743928346
0.012497384149835372
0.018552316943977094
0.045558247053392044
0.035055340864315256
0.02807578577336924
0.015089045594237415
0.004085239641445818
0.002979149223944771
0.006385941839400696
0.031436575157046794
0.04271752933450217
0.028870646510396968
0.020400180194922898
0.013284476186208101
0.02101845825382172
0.005143990099175289
0.0402628136290219
0.054869755100419255
0.06618859468173906
0.07000844759274125
0.017593793766713006
0.022018246696824912
0.05197793455136081
0.020695697274364877
0.02452836507236235
0.021490183837502005
0.056460317293498395
0.08326344364057728
0.03509567840752775
0.013606031487248576
0.0036837253123349076
0.0026863460576780954
0.005758304937179504
0.028346857908719304
0.038519073029023826
0.026033119392766788
0.01839516570774161
0.07552800521752404
0.008040079530482773
0.012201928762352897
0.00995430305855559
0.004148104497923504
0.01551113783126782
0.09249732348654263
0.04119022493647202
0.01702908915249049
0.04020015279259624
0.01600621878802616
0.018970434900355854
0.016620681088335882
0.04366686367028174
0.06439661724306245
0.027143280057585505
0.021805537895490633
0.010895747161638557
0.02883262505831343
0.037314996343272344
0.06665216494259554
0.0447562085532632
0.05191544375831645
0.07094833076107247
0.05841396692791407
0.006218262198753934
0.009437069880609928
0.007698738077064786
0.003208177394032578
0.01199643880015739
0.07153817421103865
0.03185685137933655
0.022812879426019804
0.012714697683402262
0.0027808096017423295
0.0053510052004271235
0.018000593880323275
0.0421107897145494
0.07233895434287362
0.04636814284008732
0.02524202636505477
0.012612884783636877
0.033376561742427535
0.04319572972807005
0.07715634958571246
0.051809655038823337
0.06009716460018819
0.0821295784681363
0.04398746855142344
0.020425295758928843
0.01944896687543639
0.027183782587793477
0.022058593726875863
0.015666072002391125
0.053183277570503916
0.03914184007776016
0.02640812195022675
0.014718496543692776
0.0032190569945946272
0.006194307840333489
0.020837434393568766
0.04874732599225414
0.083739360225593
0.05367562541578728
0.01938850283248093
0.006959797301396116
0.012823717605188651
0.008871267142484903
0.02753499278829264
0.022406564061112372
0.0118574958308545
0.005902620475236973
0.04852919675215239
0.02253421779539722
0.02145708246476494
0.029990521780732804
0.024336154598119338
0.017283601797831186
0.05867447766688539
0.04318325470705992
0.04896128598318042
0.042434330426207555
0.013207876937112973
0.016247979699752526
0.04859756584361603
0.054038275331627986
0.08063457501264985
0.03247636025995214
0.021390375479033632
0.007678399865173002
0.014147772882831696
0.009787229926524676
0.03037799461066985
0.024720053043976353
0.013081788225450032
0.006512069001224413
0.01593129372539077
0.008165853495442521
0.02613518871309861
0.021138672698272548
0.03255479451540719
0.09219873219115836
0.04404581218764919
0.029547140511791366
0.036061341653406194
0.03125405831576157
0.00972796676355673
0.011967086553479526
0.035793451708204145
0.0398006847647772
0.05938959527344286
0.023919737798463007
0.01112650180499444
0.02592924683027883
0.029288211107055477
0.042322577835545855
0.037384967817786496
0.042006255524646645
0.06209667373998511
0.015384929169761846
0.01173383857216171
0.006014377009868026
0.019249289524034548
0.015569217249191613
0.02397750679750986
0.06790691696085
0.032440959215128115
0.021762286416311453
0.017281939215798924
0.023820745253628893
0.020577175101439343
0.020311939243819663
0.06082996090590185
0.08613610924775034
0.029287002064780673
0.029647397626536575
0.011175314035595551
0.02604299905876673
0.029416699192484984
0.04250824800080974
0.037548976569334785
0.04219053797633671
0.062369093338820535
0.015452423223470542
0.029515938417419323
0.01961921195886775
0.020287248235898947
0.03229257815763874
0.04451837912795217
0.040955618700467704
0.02475415164922028
0.03818694446400978
0.017357755498132815
0.023925247435068218
0.020667447662732603
0.020401048209036394
0.06109682340511636
0.08651399042742142
0.029415484846112686
0.029777461471852253
0.027762893797420637
0.027389792846249678
0.02438290897757102
0.023097311655810134
0.022695231177746227
0.025209762239290542
0.033202841043564794
0.010269584033414101
0.028334440475264414
0.018833871569946786
0.019475166922280455
0.030999933685335268
0.042736346228171296
0.03931620007416625
0.023763263986435225
0.03665835351550772
0.02198858863007558
0.023512355499068084
0.01581988623734652
0.02058189437922112
0.026797412433914897
0.09059896667718485
0.06728551902871525
0.06602399677130333
0.026651568742257922
0.026293402705226922
0.02340688184357521
0.022172745890537193
0.02178676035245774
0.02420063687160926
0.031873759521172246
0.009858501308187079
0.029980544032097337
0.015429634442129634
0.015887107166264323
0.015757010660464584
0.021506825254207478
0.06787929538291039
0.03829310634599212
0.03629597232881213
0.02385308277837515
0.025506055503114272
0.01716131318441093
0.02232710969415449
0.02906966462404706
0.09828118976359757
0.07299090824695485
0.07162241682901767
0.013856312873095153
0.03416428140594864
0.015061679516306738
0.0065309680638838
0.027583609106911714
0.02345506080969238
0.04773667398302265
0.018291756507840918
0.03252270578022455
0.01673797048914646
0.017234234025711427
0.01709310615369448
0.023330468895442557
0.07363503310493168
0.041540121145507695
0.03937364271286537
0.024308562811214324
0.005136086368811648
0.00389723860220218
0.014280062136172528
0.010644965721487347
0.022409389515304023
0.0602649238550828
0.050099350425950186
0.019829791108088076
0.04889255676041682
0.021554793203699962
0.009346478650310772
0.039474946301139215
0.03356657435087271
0.06831602908709389
0.026177361457736276
0.04066109859101657
0.0455314078240548
0.05669105052867171
0.01919342834630481
0.022810611368413433
0.02250209079569773
0.0299534056458102
0.01665139844184022
0.034788022405309905
0.0073502612664290545
0.005577344282554703
0.020436219343794738
0.015234027157377582
0.032070112519694854
0.08624522714924693
0.07169725905413837
0.04238059776636712
0.022318144398647537
0.01173723208666426
0.00563173261125848
0.027627567022000598
0.026690838890648962
0.023239493445259194
0.04582281890524736
0.03674386954990024
0.041144980521505135
0.05122952004382226
0.017344362346564664
0.02061307140037851
0.020334273235298166
0.027067739627380762
0.01504722777720435
0.007612930122650597
0.006468751360799539
0.013962854215159809
0.02870500390325674
0.04237532037306196
0.04191434580391542
0.10962373144765115
0.08090411136916821
0.03829771476263634
0.02016804795729056
0.01060648481260114
0.00508917996755058
0.024965968796076647
0.024119483643073165
0.021000635623431563
0.041408317497724965
0.06184787601766178
0.015764231234957616
0.008235263032690763
0.01914542782093164
0.008330101729581601
0.031969542516043066
0.03733717154708163
0.07062238834205918
0.005934462096867509
0.005042547238218867
0.010884380622043922
0.022376240804769222
0.03303258121972591
0.032673240458133905
0.08545433475839702
0.0630667002935674
0.03901171106833571
0.04256630146118148
0.03773314333322766
0.03251759364018192
0.013591464084095606
0.015895761968294835
0.04757521364879631
0.05198898075775499
0.04821190659645574
0.012288597326247196
0.006419585565330498
0.014924321371818029
0.006493514610119764
0.024921027154994606
0.0291052230587465
0.05505184995186686
0.03899650355289886
0.00603509810972291
0.008523023948301373
0.008447277799703126
0.031067176190030604
0.038439438476145116
0.09069514159556172
0.04103560142384913
0.009548235388007312
0.01415868089585838
0.01131962522596549
0.021059003496643313
0.04888110741390477
0.06644138939099867
0.041494236253144294
0.016261717118522274
0.02018481302343733
0.0161198671473021
0.023791877622345546
0.009786343660878346
0.03723236275552182
0.06431858596018972
0.014266139541916287
0.02158864030923986
0.011318992249191324
0.017459228659605863
0.005498788771924412
0.00869945688842559
0.030497859011632388
0.06405579283182834
0.0940375168837769
0.02523555767087843
0.013371141350799495
0.0046740779445106585
0.014725590254706641
0.0078892713915364
0.05745960504206184
0.14057431615697802
0.051940463775249135
0.016109663958087234
0.022206480400569772
0.01773439830483967
0.02617482081701242
0.010766522753824701
0.04096147597886448
0.0707605969328958
0.015695005337007996
0.023750912002277528
0.021226864281461137
0.008872939811926493
0.007385107365342844
0.00885246081827989
0.013141442790412327
0.03227096103907321
0.024831278910225754
0.019887345265324596
0.014710366055658048
0.005142223519484247
0.01620047364314291
0.008679443813896412
0.06321463526610051
0.15465393674634267
0.057142708702939256
0.017723173186179407
0.009247299631536332
0.01645874812884522
0.013181082981208693
0.050285511704444834
0.05387281269473239
0.08590395657566606
0.06052532741541978
0.008539629966438748
0.02730683678639188
0.011414399981412488
0.009500410366854062
0.011388055226499924
0.016905522580125263
0.041514274287022736
0.03194365740544677
0.025583641751039683
0.013749668129119215
0.0037226137960146306
0.0027147053722209828
0.005819094417552142
0.028646111036378794
0.03892571256260451
0.02630794676256223
0.018589360453754818
0.01189598700990247
0.021172997711924532
0.016956516839376413
0.06468870025389141
0.06930350540582322
0.11050927213802958
0.07786148793626863
0.010985620797198246
0.006267485126439026
0.003230029114305201
0.013408796540335723
0.01866344483225091
0.08965730439545082
0.10878527768772213
0.04888494679240791
0.013696542973205533
0.013163421883668392
0.0035638922661069255
0.0025989581543954658
0.005570984992497072
0.02742472337202647
0.03726603229781352
0.025186251688161895
0.017796763667490136
0.0730710492359169
0.007778532552800469
0.011804995177605564
0.00963048562988115
0.004013165012508101
0.015006554362310746
0.08948834884768667
0.039850290573715585
0.006000257613070007
0.0030923099764193925
0.012837084077608132
0.017867689301474577
0.08583457517860814
0.10414698678456287
0.04680063346593431
0.013112561831384914
0.07041935462755324
0.029493530077082105
0.02175550967442992
0.02457073151476798
0.02500829731049711
0.029978138505030404
0.050471744549505836
0.07539607540214527
0.06319351598563858
0.006727053003347207
0.010209230047564714
0.00832866441586851
0.0034706769647188827
0.012978011714630045
0.07739157248415456
0.034463443466808984
0.024679475414940928
0.013755039994119686
0.0030083410742773246
0.005788835281290178
0.019473438921396274
0.045556379800026525
0.07825787406789295
0.05016207817910074
0.060900269790669544
0.025506679921640966
0.018814662753070713
0.02124933104141214
0.02162774795750024
0.025925780382884556
0.043649119991622104
0.0652042518343632
0.015311751310817377
0.027427409468496384
0.022363171001757193
0.02081451540148224
0.02316967449447144
0.037789008674885806
0.0402531347586866
0.0725497995209614
0.03008776537065667
0.01676933601905178
0.0036675925592392507
0.007057407614401477
0.023740871772018054
0.05553965971780368
0.09540739881106569
0.06115465638477925
0.022090049614716716
0.007929558513339785
0.014610543196206438
0.010107367908500958
0.03137165164786582
0.0255286401472994
0.013509690432159889
0.006725077241982332
0.018667186927920392
0.03343788500113148
0.027263863219612685
0.025375833366562513
0.028247104858724302
0.046070137532637466
0.04907425517317002
0.08844844993558348
0.03202625775501755
0.011881778763089422
0.028621871040077143
0.02687618633136771
0.025548606088344347
0.04128036791011345
0.048752248411497674
0.04313062651335378
0.023088230226075913
0.00828787059061918
0.015270748184164603
0.010564088416336232
0.03278923897643172
0.026682199966034423
0.014120151308891594
0.00702896255821845
0.01719583546775955
0.008814015709073529
0.028209661611663408
0.022816548611302407
0.035138821731813354
0.09951697937552757
0.04754193554384899
0.031892436078418636
0.03347342469683162
0.01241867937656174
0.02991520433861327
0.028090637569420866
0.026703068105833387
0.043145699296702915
0.05095521083002044
0.04507956532935004
0.04821310063993047
0.07673695324553423
0.02222971425192868
0.008373815958723241
0.01573069526489099
0.042689962649394265
0.03648516168441984
0.05080130483115213
0.012269724335810181
0.006289054302979036
0.020128406801201704
0.0162802652002676
0.025072562303987887
0.07100823370632778
0.033922541571624186
0.02275617255197126
0.01807120737702595
0.024908641442281238
0.021516937066387833
0.021239587856497853
0.06360807225047954
0.09006995531168462
0.030624542833723425
0.031001397702434964
0.0344014372163387
0.05475402834936132
0.015861541967319877
0.005974959090820425
0.011224304563318462
0.030460519036493532
0.0260332146730886
0.036248195520732725
0.0537466326952185
0.02668680773698164
0.008144868294046098
0.0060579680123560185
0.021022108850235904
0.03241037386584688
0.06948693113270572
0.058718751028799636
0.016578272820273198
0.02285083917179092
0.019739337029396214
0.019484900744530777
0.05835315556616915
0.08262891686834625
0.028094527139290896
0.028440248523413286
0.026516148801809112
0.026159802651024758
0.02328794856141072
0.022060083406871746
0.02167605910938891
0.02407767042127869
0.03171180497890949
0.009808409035083754
0.04930640888583436
0.02448210405289866
0.007471988221193853
0.0055574950998019314
0.019285388546852383
0.02973282354327611
0.0637463384558379
0.05386776068203935
0.030719178647412936
0.01589978897435633
0.006082860513224232
0.00798979728991234
0.01870987631712364
0.05586118288986324
0.10378503553917752
0.046033796733377215
0.028629452751072405
0.028244706257033604
0.02514396898251018
0.023818244508367715
0.02340361395389977
0.025996630688498064
0.03423919623776472
0.010590126987594945
0.03220548017713643
0.0165747087722779
0.017066131767568677
0.016926380453044076
0.02310290412528787
0.07291679895974783
0.041134939913915654
0.038989593254011315
0.03316745882712264
0.017166982301830332
0.006567656900569044
0.008626574157201337
0.020201030096910374
0.06031324941332508
0.1120565732771318
0.04970263285144849
0.026919183083971805
0.019739434954604142
0.024946265178302864
0.015391891072456901
0.03492018210784487
0.026642694742533037
0.0375246364038444
0.04713062201533224
0.03405222229551971
0.01752514368650199
0.0180447460953073
0.01789698109375762
0.024427681954106863
0.07709802908070874
0.04349371940294571
0.041225353244074524
0.025451774834657024
0.005377632351429628
0.004080522577600641
0.014951641894151884
0.011145589838859089
0.023463284956629235
0.06309913442022595
0.052455482305009404
0.028462795814482616
0.020871343118160544
0.026376745902320635
0.016274500285818463
0.03692259196869686
0.02817045294572215
0.039676392134323925
0.04983320878822274
0.013695052677368659
0.003195520607051649
0.009396348571484412
0.005853735421192691
0.0467121003737219
0.09723829112594344
0.06785969036475797
0.03567223189955691
0.029138573463129827
0.006156605437058408
0.004671603755250588
0.01711745128021148
0.012760076278345927
0.02686204230693301
0.07223931437818859
0.06005388365321912
0.035498142062773665
0.018693758516766638
0.0098311480723569
0.004717159616202027
0.023140950120672313
0.022356343247871065
0.019465483812533397
0.03838135894595845
0.015678839731740734
0.0036584054576315928
0.010757449919074106
0.006701674076256889
0.05347854824267039
0.11132367419596848
0.07768945724705445
0.04083950752163917
0.0494385812484162
0.0027085230542317207
0.00231524254206414
0.011772338913789447
0.03821880201989764
0.029617266220418784
0.08060057656598744
0.06411715172884046
0.03405899966077436
0.017935888415096524
0.009432580112765016
0.00452591962373509
0.022202784892691695
0.021449987037318784
0.01867632692988558
0.03682532705539341
0.05500267578263596
0.014019477392097792
0.0073238004558550404
0.017026449846941294
0.007408142593897822
0.028431216965752657
0.033204767462965676
0.06280604248825657
0.047434274700668834
0.002598715888345559
0.0022213794968572943
0.011295072467799653
0.03666936040565239
0.028416542431164336
0.07733292083469365
0.061517756200330155
0.03528474079290006
0.025799659670913713
0.031117206369336656
0.006334903670386455
0.017177259307152356
0.05109414249189243
0.08467461508342322
0.09070099979617423
0.043164692181746706
0.011002127034152395
0.005747531147881344
0.013361922054402783
0.005813720699112529
0.022312091388590156
0.026058251641602293
0.049288574648129184
0.03491403246327984
0.005403294965563165
0.007630764496941293
0.007562948071103522
0.02781481156560078
0.034415285488501535
0.08120043669129959
0.03673966098829847
0.027690561474812327
0.020246912577303797
0.024419987125650612
0.00497147026108089
0.013480273458865929
0.04009737529258702
0.06645047070305804
0.07117982318261144
0.050589588236847574
0.012307925337934898
0.027897271650017496
0.03604642297120781
0.0462959402985808
0.021222663237537683
0.08489899284194574
0.039774125852264454
0.012870111409067833
0.01985178653882117
0.006252325520821395
0.009891603146951446
0.034677189857232636
0.07283379756715519
0.10692412295032476
0.028693759262655712
0.015203480580479942
0.005314598910942513
0.016743538909649677
0.008970392373287405
0.06533368891256247
0.15983817908551787
0.0590582218548535
0.01831728172780047
0.016163409643242883
0.013952291110506877
0.013913000990728673
0.010982918758984887
0.04443395645676343
0.029007767544992662
0.0523460282707484
0.02486204582421436
0.03016755283862338
0.007720028254984471
0.010204929035288088
0.009101204979203675
0.03389592830430424
0.01888803916824641
0.017776504552969634
0.025810256583401348
0.014052147872433885
0.004912133730425217
0.015475580306810266
0.008291080416482402
0.06038608414639354
0.14773391634110686
0.05458584711535902
0.01693014636336372
0.00883352741538824
0.01572229825054014
0.012591292865857957
0.04803547672697626
0.051462263238455375
0.08206016737184445
0.057817109897263456
0.00815752256675552
0.027883017391562064
0.007135404162497699
0.009432127799451262
0.008411986814999722
0.03132904957415114
0.0174576813518147
0.016430321288011137
0.02385569147903411
0.0299396251154293
0.03832839189284864
0.022676381218082322
0.007891454808673745
0.05292279930635287
0.035400110441130554
0.0341928715662723
0.02966643656318008
0.008885096928018747
0.015814083923475213
0.012664799949262616
0.04831590446634898
0.05176269631680264
0.08253922886548651
0.05815464212407382
0.008205145610558736
0.004681176332570922
0.0024125044636510197
0.010015012360873628
0.0139397022043856
0.06696492180054868
0.08125157969593065
0.03651210195589684
0.010229929790138781
0.030114410544051298
0.03855215035273433
0.02280876433896368
0.007937524567592481
0.05323175889168415
0.03560677379956821
0.03439248714894865
0.029839627136221375
0.00865550385242965
0.0011585346126591867
0.0013518935037258675
0.026317527012866628
0.0335635043026275
0.12610581763817857
0.031627437207170914
0.006387703382744988
0.004900680695240165
0.002525628861688721
0.010484624857651935
0.014593346765237302
0.07010496426781296
0.08506153577319496
0.03822418565028353
0.010709619949022899
0.057514659211098586
0.024088694653443217
0.017768704804332444
0.020068023302876756
0.02042540299993446
0.024484496187434656
0.04122254745030901
0.06157937126154756
0.009061367832277916
0.0012128592916960793
0.0014152849465705471
0.02755157836739384
0.03513732573072322
0.13201902730237206
0.03311047479298405
0.006687228258617278
0.016424594377869545
0.007561777066438954
0.0065335820345438405
0.024320604688494375
0.03837994563055775
0.07104527597891257
0.0647238947792546
0.021058634735138256
0.06151522530030708
0.02576423991939285
0.019004648455297365
0.021463901407765922
0.021846139482090077
0.026187572351013905
0.044089877757095754
0.06586266786528
0.015466365499935955
0.02770436450704895
0.022588988642102095
0.02102469510956192
0.023403636002948477
0.03817059251955905
0.04065960072484935
0.07328238903315677
0.017567045297311484
0.008087754083795818
0.006988040551502489
0.02601228099711554
0.0410495521465544
0.07598699563400965
0.0692259160407388
0.022523417125610373
0.022709744093600343
0.009808414072307621
0.009392606589447721
0.027723468273704147
0.024430414345071975
0.025340397272054532
0.03457387960161056
0.030545107803911183
0.016317755981618498
0.02922943077051355
0.023832464358539834
0.022182059798546715
0.024691956321626816
0.04027180234493593
0.042897825151027094
0.07731642847817347
0.027995469326401238
0.010386351582180766
0.02501955485701899
0.0234935800431622
0.0223330875417842
0.03608486768733013
0.04261634579467365
0.037702254844117426
0.023959867140467286
0.010348346377773853
0.009909649578537669
0.029249586158837368
0.025775256624729796
0.026735332173830315
0.036477098040859995
0.03222655093586903
0.03498501769123586
0.01006299140166252
0.006099171710871168
0.014059308369080736
0.02624722218945904
0.08342227057072532
0.08971228619784258
0.038358745077191767
0.026105728652930302
0.009685255601078337
0.023330693352530546
0.021907724372897005
0.020825567042669142
0.033649079189894335
0.03973967167773184
0.035157290027496006
0.03760111593665466
0.059846702189099064
0.017336824467439605
0.006530690217326286
0.012268277471652022
0.033293652837210384
0.028454564760501146
0.03961964128702925
0.032623470895130506
0.009383722769770843
0.005687467491087038
0.01311028170493881
0.024475491101162056
0.07779112876228533
0.08365655788832466
0.035769466079560816
0.0431681379777351
0.040685450112820085
0.024215608443281356
0.027292465061038315
0.021380928652104184
0.008343778160766705
0.04570365917779388
0.061359846138150764
0.03557682427058776
0.05662479833158927
0.01640348011285647
0.0061791043281502955
0.011607803141988523
0.03150125752413432
0.02692268633425229
0.03748668039818206
0.0555829831907564
0.02759861058219487
0.00842315238698041
0.006264949398976587
0.021740367056722887
0.03351773265512432
0.07186107727024232
0.060724982901232745
0.04084414041087645
0.03849511039704383
0.022911938242560315
0.025823149372042376
0.020229866120977717
0.007894582966060106
0.043243159427248413
0.058056480743946544
0.04280835828219541
0.020688449846522433
0.01837804707793582
0.025715957162873317
0.005923152255426408
0.02181228663919573
0.05704764404194082
0.04211112988634306
0.05620739859330737
0.02790865147146104
0.00851777750039712
0.006335329408762999
0.021984596841956635
0.033894268553829474
0.07266835965984438
0.06140716317415986
0.03501867521303539
0.018125144309340976
0.006934225655044863
0.009108059806051933
0.02132853516513514
0.06367958737076565
0.11831092534194011
0.05247674734834705
0.04328926442891278
0.020920862466311797
0.01858450479224897
0.026004848453373704
0.005989692539657821
0.022057324364062495
0.057688513343553925
0.04258420341731233
0.03306906366858531
0.012618392768421286
0.012798959126178275
0.01838063946058092
0.024076548528111787
0.021879116609931498
0.01618668127284336
0.009965881460631909
0.03933637271249961
0.02035992017638287
0.007789194856174522
0.0102310562303976
0.0239582795055338
0.07153108927610673
0.13289830717179416
0.05894697271888396
0.031925961660988426
0.02341083091579774
0.029586094911682504
0.018254674472716767
0.04141509018650713
0.031598048434166165
0.04450395464953709
0.055896585970915125
0.03714637991892491
0.014174202706176708
0.014377032353639315
0.020646917112568216
0.027045114664413273
0.024576745989184048
0.018182450468314366
0.011194644719114908
0.037316410492352535
0.012124210970332963
0.013035277843073003
0.02392526804443342
0.014670182313639231
0.030068492598852904
0.03132595734932299
0.02854821358251328
0.032403703797794774
0.023761152090297923
0.030028823132462586
0.01852783859168382
0.04203482825083947
0.03207088365642652
0.04516991467969595
0.05673302606645516
0.015591245264347792
0.0036379666953856894
0.010697350248926962
0.006664233195337467
0.053179774543186675
0.11070173162137348
0.07725542215606326
0.04061134555486391
0.037874815651008836
0.012305638440476661
0.0132303385763014
0.024283287289102846
0.014889707862165485
0.030518439449546356
0.03179472098314822
0.02897541088055362
0.044125436584191526
0.01112423708144224
0.009330407797608443
0.028022266360719875
0.014951510573552882
0.02692599281602124
0.034075649820562964
0.03850283429238701
0.014972089820289082
0.003493496715819465
0.010272539880587022
0.006399584913984004
0.05106791327976846
0.10630557348018688
0.07418747508705271
0.03899859844810513
0.0472100545514516
0.0025864318496850117
0.0022108791140561124
0.01124168105726094
0.03649602562792594
0.028282218433920554
0.07696737083612448
0.06122696392909189
0.04237313881583797
0.010682474295135198
0.008959881089495705
0.02690945346617981
0.014357760105802551
0.02585671484905555
0.03272244654920628
0.036973819832051724
0.03362977715960143
0.02040332380208157
0.016542085003196587
0.021180930416698492
0.02650603290242251
0.04337450700865506
0.05225779482270648
0.015350899481313419
0.03921544054612982
0.002148442008627598
0.001836485877334827
0.009337999697905774
0.03031573966139282
0.023492869602582695
0.06393361294947199
0.05085870767559855
0.029171030093352795
0.021329408456641462
0.025725595343005583
0.00523726861682143
0.01420099274956533
0.042241170963198904
0.07000322771929282
0.07498543379079538
0.027934865555909297
0.016948197563126162
0.01374082612518259
0.0175941232298833
0.02201746571306917
0.036029409772484644
0.0434083897045335
0.012751357558440939
0.10887094960879984
0.034458288554221804
0.009707507093705202
0.003754534247402309
0.008818828389663464
0.0021221500855469737
0.06949510829715765
0.068314520105955
0.02547909523258053
0.018629922480701607
0.02246972052620899
0.004574431050928356
0.012403691110853526
0.036895056988484935
0.06114350093020254
0.06549515058254311
0.04654932467281837
0.011324970860052219
0.02566929680160204
0.0331676280566827
0.04259858265504519
0.01952774623981774
0.07811865879779056
0.03659762339251583
0.09509205826009495
0.030097189328422765
0.00847890859252951
0.003279354048774131
0.007702702566928607
0.001853567184787256
0.060699689960734715
0.059668519005926145
0.039053729689301264
0.013493927600747458
0.029357711938370633
0.019256840007348248
0.0411427063961573
0.01752885272334329
0.011570310055099698
0.02107948628201776
