0
0.045044268139961756
0.031213111239539335
0.009809619093096172
0.02463643608146581
0.058850995197161284
0.029855544878808298
0.05316959107456735
0.017112060668052598
0.04086196753940203
0.042506245669650944
0.04817567256787374
0.02615011655654506
0.014304738090643246
0.00598484094907419
0.015525958597799228
0.034281467493164616
0.04249620805476063
0.029354430198541254
0.02163593899427086
0.017231346651123948
0.052764038834519925
0.03521652497186032
0.04097690977519067
0.025483662392466334
0.05126382424767107
0.03152558667336567
0.03600197444924226
0.021307911369579283
0.03660198476417289
0.0164130025922246
0.00884166431634317
0.035402243937920214
0.04138167624178247
0.04304686735554351
0.04878840166008918
0.02648271050541927
0.01448667492136026
0.006060959993527873
0.01572342769392863
0.03471748117677861
0.03810959237485098
0.03902838785303699
0.05218003416839973
0.04929921315558335
0.020544984926881955
0.01845238300426182
0.020626264522675852
0.009693249652958355
0.05191583043296124
0.03192654929774245
0.03645987064345042
0.021578919048238988
0.03706751227427123
0.0166217536826156
0.008954118272073503
0.035852512374959886
0.04653734379748905
0.014521770583955422
0.015494420035891654
0.006962908480742879
0.029651427645793732
0.027722849870497997
0.09784789578644215
0.04226189317669248
0.04240833762658777
0.04343077283044495
0.058065919063481845
0.05486014270797541
0.0228624501868809
0.020533803688129983
0.022952898085317485
0.010786643948801094
0.03785311211825907
0.028167733977074477
0.023371650318042687
0.05095252837720175
0.024810702419481145
0.035482403343938436
0.04509769963262899
0.007865785591153711
0.05178673570150521
0.016159819916274826
0.017242183798425605
0.007748321493704509
0.032996095637668865
0.03084997513789024
0.1088850953782693
0.04702901613187273
0.02646575094158145
0.01364615083674536
0.027917907418766926
0.02649744880549563
0.02399978632066147
0.017438282569240997
0.015611957208005435
0.006222760383549245
0.0364308312918975
0.027109368476439157
0.022493491343321428
0.049038054239933106
0.023878472957619568
0.03414919877698903
0.04340321297324646
0.007570239058662063
0.0466357231104184
0.03575512235058863
0.025687526126927266
0.030544103669475818
0.021791605254655802
0.02847397731957424
0.03711291031510017
0.05295401936156783
0.02547133521159145
0.013133414694255805
0.026868928821979474
0.02550184207002262
0.02309802596304517
0.016783062072035358
0.015025358480546706
0.005988948358981383
0.04975944391652466
0.052630176419334235
0.028232391521795092
0.0221208224010403
0.029520621256265776
0.05375366204695536
0.041776608731370984
0.04730737782754327
0.039090789529016075
0.029970500491260398
0.021531684519425616
0.025602543463707744
0.01826606295976673
0.023867331312051522
0.031108619512596948
0.04438688386319993
0.05675510149513281
0.04268177000444227
0.017254911464311438
0.04872002546160751
0.031214473531791593
0.01930374155492034
0.015371060126793252
0.03743387442993744
0.04170914096509854
0.04411543366470429
0.02366483033330988
0.018542017899892547
0.0247446445627576
0.04505715681766641
0.035017804168865754
0.03965378097488975
0.019211549942906695
0.02426147891675815
0.022640241173814128
0.0337805684831411
0.03336145957160541
0.037117974483711576
0.033213388417856905
0.02134905231613067
0.07217260963522626
0.054276261409475134
0.021942203548185647
0.06195480734644495
0.039693876917342746
0.024547597784879995
0.019546604498730004
0.04760277640588211
0.030710631729844128
0.009988975853718928
0.021526176183841658
0.014839194453894871
0.030637518573470465
0.03031350292299492
0.0316534491217188
0.02943853818333042
0.02443036234612259
0.030852103174947562
0.02879045663278732
0.04295705087583801
0.04242409114058842
0.04720106232376205
0.04223579649753073
0.027148516667286005
0.038179859850699334
0.02089785528535625
0.013420635909071797
0.02891176856969649
0.020480422502735747
0.011754111330679887
0.012450139628648573
0.02702091096897766
0.034075232225127296
0.011083349730506804
0.023884544571924113
0.016464949386205775
0.03399410892541596
0.033634594714452966
0.03512134296152084
0.032663770442417805
0.06027720428582194
0.05278894178126934
0.030490432639275013
0.040463169375721524
0.03359353127099084
0.022545919525063695
0.03446241477800214
0.016617027695741946
0.042362775281861546
0.023187385988013093
0.0148909761685591
0.032079288915902233
0.022724220035215324
0.013041870213424947
0.01381415409534506
0.02998127242389606
0.035505117499485137
0.04240686342567374
0.028186853260171695
0.03548202802423225
0.037421167600270255
0.03176951151150195
0.056645804103447335
0.028340030985560913
0.047526103669509975
0.041621915771074526
0.024040455752909595
0.03190354969730759
0.026487121768943286
0.017776532959154562
0.027172200782149273
0.013101844889855137
0.10375288445035137
0.019660496124182684
0.03695654043966036
0.002784081559187829
0.008068534673087883
0.008241003034414884
0.0165572154597435
0.03719934751596479
0.027994329117808286
0.03343607274668145
0.02222417788004944
0.027976124013448435
0.029505056046915508
0.02504895698987284
0.04466289354591758
0.02234495223484844
0.03376200895632601
0.12967838177207133
0.053737857821696544
0.04192433590945196
0.018483086632136672
0.006469180811995189
0.013415387011699018
0.006487254722009555
0.08221893848787559
0.015579953560219484
0.02928619807757867
0.0022062444979024168
0.006393907595806195
0.006530580090900391
0.013120759838407976
0.029478610463767776
0.04088308917942005
0.020136837031578245
0.009709058071459909
0.02768379065165431
0.03268348192478491
0.01933376630469601
0.04780774474286524
0.07169317341177098
0.026754692674935767
0.10276359014603832
0.04258454740915214
0.03322292593160374
0.014646915803106371
0.005126500164946269
0.010631018938405921
0.005140822828875846
0.024830660258624425
0.021538773973916257
0.014407377372844182
0.03984182013547422
0.07589712266805422
0.03403348213237187
0.032811344618043504
0.061022179691356614
0.032371612926763264
0.015944536164935925
0.007687723116847533
0.021920284726723124
0.02587908710432261
0.015308657241761682
0.03785462005881349
0.05676732619181416
0.09699119441123731
0.03604639184490014
0.018101613208712217
0.011857856167472345
0.010069165039619889
0.01130705084551998
0.026224293149023706
0.05961696341316664
0.019661149358859573
0.017054602966540076
0.011407896344542702
0.031547126345152325
0.06009605258748635
0.02694802991290699
0.02598032998241765
0.04831793341855319
0.07483855067641472
0.04796191969747745
0.026618770750717547
0.015624362415809874
0.017452249256888666
0.004893828007816109
0.024775443879392883
0.06287330647812163
0.11346256046409489
0.04216790956170125
0.021175689150531907
0.013871596597438045
0.011779144014731879
0.013227251690404663
0.0306777895159575
0.06974131370392164
0.10624184785016733
0.029338146246981583
0.005844209516849108
0.0072191319778584975
0.015482309624741937
0.004531542436785315
0.009927720533809092
0.034832261764901236
0.08754788135884768
0.056106971840926285
0.031139258611225525
0.018277743418647567
0.020416048060490365
0.005724914097700643
0.028982891862033972
0.07355065973932302
0.011179761775439324
0.02468807324748059
0.015272697618568086
0.015060544494120514
0.008338726000703366
0.020523138044882837
0.032331785249476816
0.021338395340189747
0.17920192044601294
0.049485699431731096
0.009857636986747648
0.012176767823258725
0.026114564776832196
0.007643514525460644
0.016745440909677327
0.058752820362759715
0.013013199213239424
0.012798473601363831
0.04503452336602367
0.005605498123816507
0.009411725583670425
0.007936999820496336
0.02669887180288141
0.011783094421478423
0.018857303603313585
0.0416422551714248
0.025761004717260654
0.025403158462710906
0.014065227061059542
0.034617110165557456
0.054535177290265795
0.03599223377205439
0.029129140953783803
0.02813001189565308
0.04874252424864037
0.057408125338866016
0.04443173807717952
0.02163268288654477
0.02363927186907735
0.0037521406117548895
0.011886629371863055
0.01169049283977839
0.04113582520475176
0.005120222748506896
0.00859694007058259
0.007249883264278262
0.02438751521185196
0.010763016376425329
0.05260674042791432
0.025766246535049116
0.052298849364284535
0.044349866981714454
0.03415155966174177
0.0453920692832249
0.03204979796723214
0.017530103098850516
0.02660739275289961
0.025694759616800702
0.044522819554101596
0.05243822811398357
0.04058522383441292
0.01975991296051108
0.021592788884885035
0.0034273128438447502
0.04753239193465813
0.03202359453856681
0.030082117163311575
0.056890418405555754
0.06075751375847251
0.043509098294586455
0.030133337051621696
0.03946720155627936
0.04434141250962143
0.02171797296585542
0.04408189586689877
0.03738182085768521
0.028785824449307683
0.038260277150431114
0.02701428183832088
0.014775854320559001
0.0509476783077394
0.031355366069974425
0.041068558472851686
0.0234155443765078
0.03651913387813398
0.00992748194297542
0.015983741544530302
0.015196567077523265
0.04006432219901065
0.026992195371260488
0.025355753948088613
0.04795205880171123
0.05121157400571226
0.03667314986081552
0.02539892640427544
0.033266297257199956
0.004174338345835871
0.015164822855537557
0.026221816885903908
0.035811515740241905
0.07598031716894224
0.015704104033410698
0.03455423450162274
0.024701051140504634
0.03656975641589831
0.025260709395644215
0.018618626344970676
0.014828291242773975
0.045405652316341985
0.030305286024009375
0.035262336988372646
0.0219297525340754
0.04411465520097713
0.02712907994114833
0.03098119800250494
0.01833634491606768
0.031497531860710935
0.014124072107274089
0.007608620278382414
0.030465104926954107
0.04033981902114716
0.05204903746350998
0.02317313780150011
0.021457650215854437
0.08004551471179688
0.030039020148218666
0.01967876198563743
0.03218847288474129
0.024791473092328473
0.027251437270800937
0.040305735418114455
0.03274340911173187
0.02090390153826994
0.021694568660062665
0.053725347607233485
0.04717559652288251
0.045054014558316965
0.027706755432039924
0.03164089891397452
0.018726791517040712
0.03216822737338521
0.01442482430033252
0.007770635115002644
0.031113816364346007
0.040386412920138656
0.012602400035706177
0.013446492525457661
0.006042607378970991
0.025732341015974637
0.024058667101093868
0.08491514985887882
0.03667605688988173
0.025319372542645414
0.027831718188438465
0.04116398920128424
0.03344063382311599
0.021349020635890118
0.022156523898779566
0.05486935310316836
0.048180134308114395
0.040211291730596364
0.01839486822299169
0.021150070072212566
0.03109000370252604
0.05181707313728591
0.029324526652263126
0.043511267308920985
0.03772396203332443
0.04769598164710772
0.0148833183576158
0.015880183812818745
0.007136263654263866
0.030389657711419
0.028413064234666073
0.10028400980397299
0.04331408535259615
0.02437516004991029
0.012568209813698541
0.025712607327602943
0.024404354026225334
0.022103987679059398
0.016060792288080484
0.014378732592075992
0.005731210145371012
0.047489165135353
0.021724169930607554
0.024978037935532243
0.036717007993169945
0.06119548607225853
0.03463199585915741
0.05138640589627212
0.04455165167442787
0.034956487723578566
0.03708916493095461
0.059388831763603336
0.03484505211106909
0.022390284044141964
0.02011743543039757
0.014030423698686985
0.02117666304236582
0.02637176542437015
0.013597690449312336
0.027818764984682897
0.02640335072241982
0.023914557968921633
0.017376355514529245
0.015556515823549203
0.006200662036352492
0.05151847642508025
0.054490691408366904
0.029230427081927517
0.022902809550749834
0.030564196673821514
0.055653893069495065
0.043253442214055554
0.048979728017645274
0.037819825281905445
0.0401271932304096
0.06425345872151081
0.03769926181372704
0.024224305292276548
0.021765284290402444
0.015179676434069558
0.02291127480109635
0.030217337998001532
0.03656894803151268
0.028013657926714727
0.03207027300466063
0.03761408156672674
0.006795540726480361
0.03936327378643652
0.031543151779840135
0.04777527999957957
0.05053154169244939
0.027106621454095252
0.021238751900113362
0.02834348287021896
0.05161022819314956
0.040110761344567855
0.04542099034603992
0.02200566006660995
0.02779004605781572
0.025933016991217347
0.03869358324060189
0.03821351951510605
0.042516378495075065
0.03804391302917733
0.024454038815671056
0.02802182602965456
0.0339119448541198
0.02597825953194719
0.029740131672735756
0.03488114174709109
0.0063017946858012095
0.03650324228011535
0.029251309683868465
0.02551463169475501
0.021812655778244133
0.010846242128783047
0.03375811795252117
0.02828485682044185
0.042511906009806893
0.02509083471940715
0.017803171746702547
0.024649440091816265
0.031128767479705572
0.029048633251178888
0.043342265541678644
0.04280452652335131
0.04762433489670765
0.042614543359863886
0.027391969291775637
0.03852223535493819
0.02108525549501688
0.013540984621836661
0.029171033045291617
0.020664079410037638
0.011859515588565017
0.012561785476744181
0.027263219297352197
0.028579982764475542
0.02443324809261532
0.012149319528044414
0.03781384896269229
0.0316830252576236
0.04761932508298947
0.028105270434860826
0.019942061000957054
0.0564946331145603
0.031943912653722054
0.027228838222815653
0.020158836052481942
0.023342091018466935
0.048879152223175244
0.043789536386916725
0.05456419757020462
0.03813401363141545
0.020872761226349172
0.013404520464457212
0.028877051436450987
0.020455829695303795
0.0117399970419512
0.01243518955199135
0.026988464369792162
0.031960904962005515
0.03817370078283392
0.025373168761923026
0.03194012033781181
0.033685689992628845
0.028598196812703924
0.05099127362338446
0.025511055891110305
0.05592528806914854
0.03162198635032288
0.026954429782937085
0.01995567810994827
0.023106852675667797
0.04838655493369891
0.04334823153708766
0.05401430718538756
0.03587660143223746
0.031162293576143092
0.01396839828476705
0.030021278562377206
0.03959711189947677
0.02767454517788141
0.04478100608615101
0.03446336618654004
0.022516994897241766
0.026894014007354593
0.01787582398615614
0.022502351780050084
0.02373213494973881
0.020147910469602768
0.03592420957249265
0.017972967786933875
0.02715617795986468
0.10430567735187463
0.043223578077822435
0.033721474580466294
0.014866709812179364
0.005203429263120503
0.010790549743690377
0.005217966855282617
0.025275668894244502
0.02195435974902802
0.009840971439158025
0.02115049548820108
0.027896831070520538
0.019497182363723047
0.03154897168067993
0.024280020903244243
0.14179049271920585
0.08195083077859723
0.018466863599396244
0.006565286123347362
0.005286013924740559
0.005932108874086571
0.050732597745033164
0.07577924086097362
0.02368341330607779
0.09096694205443163
0.037696094998992014
0.029409131909502294
0.012965537105543422
0.004538008479306516
0.00941064128233767
0.004550686986722376
0.02198024835167405
0.01906625100606486
0.012753496260390932
0.03526821648072299
0.06718458502696777
0.030126641086073012
0.029044797679371626
0.05401719690923771
0.12365815421096536
0.07147086011052309
0.016105298902439655
0.005725709448571738
0.004610032115209222
0.005173503666432155
0.04424485221235447
0.06608850052403321
0.03326055534122186
0.015639767893473103
0.011178376858821726
0.008948799197202525
0.014601284760490153
0.04827938233613405
0.024471335828132643
0.02388161683218765
0.022408981200767803
0.01943814526242545
0.013002257907672662
0.035956136047977746
0.06849504513155524
0.03071427232935118
0.029611327168083262
0.05507082225324762
0.08529794696080586
0.05466505224269599
0.030338996080693872
0.01780801504832143
0.019891366388125373
0.005577786823409962
0.02823804682017818
0.07166044655794547
0.033909314737645906
0.015944827333241582
0.011396415221366495
0.00912334882532319
0.014886088203819646
0.049221089491134455
0.024948658257018044
0.02434743657460423
0.12629175700804854
0.04464816879674065
0.0
0.004311307835809285
0.0
0.0024258066115889145
0.01093125321087813
0.03943980125435048
0.10494873591714163
0.06725868952451573
0.03732843991106834
0.02191059380800263
0.02447390391538627
0.00686278740801517
0.034743477705371985
0.0881694524836569
0.01340183049522261
0.02959502890689932
0.0183082706769748
0.018053950390908912
0.009996115718050754
0.02460227890649895
0.03875799093262876
0.0255795752300843
0.15538662684155516
0.054934134327830814
0.0
0.005304539249060224
0.0
0.002984659614171983
0.013449575837962429
0.048525872356216374
0.02186923820352102
0.02212749435560445
0.02412888222552425
0.017060776426002795
0.014790693172142232
0.010043622926390864
0.015361648802342276
0.03004101232941401
0.02012691658699338
0.04444591941460206
0.02749542585984243
0.0271134867519084
0.01501220205126905
0.036947789749882685
0.058206888294740175
0.038415496836059417
0.031090329909338625
0.03002393210211953
0.05202423105811905
0.06127326442938444
0.04742321091639999
0.023089154906211398
0.025230842282380945
0.0040047624360351735
0.032843299525408993
0.0332311495308925
0.036236840934798516
0.025621934567662777
0.022212715482831845
0.015083548545308289
0.023070178673998677
0.045115698900869604
0.04355183080634045
0.03694584002507675
0.034325874624770665
0.029026580694592262
0.010347542637730129
0.014401891894661928
0.0287947703967154
0.027266296887420292
0.025767980386916956
0.024884139081237565
0.04311820972820822
0.05078390228289288
0.039304837624491336
0.019136525489072853
0.020911577682631854
0.003319187676905914
0.046032835854690916
0.031013311362438702
0.029133083886119435
0.05509563448369455
0.05884073037240906
0.042136469436118144
0.02918268788488972
0.03822208681148873
0.03609619857057283
0.03062108648960943
0.028449632624489473
0.024057524131091693
0.008576148163089369
0.01193643389948966
0.023865397407875993
0.0225985830792957
0.05743059136198999
0.030910769148043152
0.016692165372528656
0.03285444604889964
0.03580905569465319
0.03464538091083461
0.021584884860310433
0.026988375977143025
0.04275855322859479
0.02880735675012049
0.02706086850677514
0.05117672148573897
0.054655431387715885
0.039139332561144304
0.027106944208660326
0.035503377167463136
0.004455052739142434
0.016184621370849642
0.027985172131380152
0.03821975558127891
0.08108981402096348
0.016760167934066865
0.0368779251492608
0.026362138481893272
0.05334559455456806
0.028712108289950657
0.015504863611591754
0.030517532845735284
0.03326198322473141
0.03218107979436824
0.02004956746844921
0.025068712134414455
0.03478087416002039
0.03755687370470313
0.02914923488028167
0.01388771660540566
0.026284865806655712
0.026413497068791984
0.014352987835525678
0.024789158071526627
0.0378518943115969
0.048838956467710526
0.021743953845470405
0.020134267526583448
0.07510877432047906
0.028186388622076876
0.01846509074502626
0.03020327565292785
0.023262479656333615
0.02557072759480456
0.03781991278636804
0.030723986650731585
0.01961467083706615
0.020356574223248016
0.05041188158074628
0.04426608093443812
0.02410319454916737
0.022033119039321234
0.01963641081625293
0.06400606538980329
0.057819386300136756
0.021798293922596235
0.0247357772731849
0.01605469934264536
0.03268112657704321
0.024147490497073515
0.010934757665778772
0.020516437978987345
0.03239001353721136
0.0289438309057019
0.04589091789768419
0.021749470548896373
0.024923489740071986
0.027396553431558526
0.04052036679781988
0.032917770477453326
0.021015216545472833
0.021810094035181627
0.05401143953341905
0.04742681048201504
0.03958256529440234
0.018107253987179904
0.020819376687109543
0.030603893796877942
0.05100688370229141
0.028866020985280898
0.0428309438760727
0.037134126412841646
0.03501465600272587
0.025871692981295578
0.011715531814296893
0.021981372537509893
0.03470275662791117
0.031010506329243844
0.04916766562648056
0.023302447292192593
0.03432012966627472
0.016534099250643704
0.02102099084953733
0.02587047090636129
0.028053063836976994
0.03227769697990099
0.03979349542805995
0.03039051951335177
0.04199598999843092
0.019211287891242206
0.022088773898872687
0.032469871728816005
0.05411687094761104
0.030626037488373392
0.04544242843445208
0.03939826511584648
0.03091299467226918
0.0327989804632506
0.052519196276753895
0.03081444905970517
0.019800351134827837
0.017790407869270206
0.012407494038785799
0.018727112316937262
0.036412693606130454
0.017542214901905117
0.022302680862352306
0.027447842992427036
0.02976351278803135
0.03424572989290317
0.04221978094572218
0.03224348760716447
0.03448299786655718
0.04805948493320495
0.01719689882771884
0.02602376139749486
0.02739161349723623
0.033074732141785766
0.043854827248609826
0.026617124572988458
0.034360768565089135
0.03645710125520836
0.05837674310178906
0.034251232008624274
0.02200871478367766
0.019774599450984278
0.01379132095286409
0.020815775987952083
0.02745361592400496
0.03322429838354537
0.025451487665701957
0.029137078775971822
0.0341738424720075
0.006174010599910026
0.03576305100455082
0.02865816883186722
0.03832893971240278
0.05341963328543559
0.019114895432197368
0.028926231575181864
0.03044664232570183
0.03676360794302794
0.04874602365532752
0.029585773459244995
0.035377491859870575
0.03739179546589257
0.055728614673275646
0.010659923650556787
0.02512899477127114
0.013454543573538279
0.05148672131075066
0.02556824129602529
0.033958536135306985
0.041096536804149215
0.03148201919869271
0.03604088238249029
0.04227106795987628
0.007636894266940248
0.044236827061639
0.03544849846164532
0.03092016706792994
0.026433889735402352
0.013144129325219018
0.040910120102004566
0.03427729268615403
0.05151848758489342
0.03040658437399151
0.021574955552278393
0.04375991268419723
0.046251489822229784
0.06893307535122521
0.013185709434017534
0.03108311412770958
0.016642492755446457
0.06368609843451713
0.031626436691282324
0.05638869549266204
0.01486297551624898
0.0038793517296052283
0.011339261204064387
0.016518257235483606
0.01299444264765788
0.02289327512093191
0.024598379263843242
0.032841016530967194
0.028076038783067022
0.01396068033870387
0.04345157410055781
0.036406696421454665
0.054718963798250406
0.032295528607030825
0.02291525367216242
0.06491750521040764
0.03670647992232647
0.03128842776301547
0.023164348050885384
0.026822199415657368
0.056166620512320554
0.050318185991128306
0.06269925804956772
0.059891722989909725
0.01578630618509048
0.004120348185749012
0.012043688633166386
0.017544418752379127
0.013801694695403465
0.024315471033605877
0.026126501136429982
0.026272396671683185
0.02027140686346629
0.02584068891360466
0.013705728182144765
0.024560259695286888
0.021370418836084554
0.061688483236423126
0.015911536099141487
0.05883745250237306
0.03326861933401819
0.02835801185540959
0.020994818327890706
0.024310082142141656
0.05090615937721926
0.045605478347679015
0.05682696224182747
0.0377447824695305
0.03278498925002032
0.014695766423196959
0.0315845588366099
0.04165902887681069
0.029115625393204444
0.04711286091802698
0.036257956661130734
0.023811772899828554
0.018372824627497536
0.023420498086840533
0.012422075190869996
0.022259991485866833
0.019368905184334765
0.0559108547163421
0.014421291243997776
0.0178507640582072
0.030854501722360945
0.03717663831959405
0.024379101907655326
0.027847142164232324
0.018214337240147992
0.030067345058388487
0.033558664717563434
0.023471443464942485
0.020387215698005074
0.009138504137744419
0.01964073280054222
0.02590550208828985
0.01810543631864101
0.029296945939530368
0.02254686672556814
0.1316692170501965
0.07610102425273156
0.017148663671833916
0.006096643484296008
0.004908688173933895
0.005508663634128855
0.047111208205190686
0.07036997418848195
0.011100426919573905
0.019186749675931397
0.023118145275823603
0.015160047951356522
0.017316635047390307
0.01132651346258634
0.018697259422506392
0.02086832272283189
0.023937152848601064
0.013000343566646935
0.013632532377957158
0.004919412447335856
0.003398845616172349
0.010010366068550393
0.1032507657452247
0.1636696649420338
0.11951690989767114
0.0690773398862603
0.015565941203635204
0.005533958553980346
0.00445564464757289
0.005000245843079337
0.04276311618138993
0.06387523259426635
0.0321466774369079
0.015116000574905574
0.010804019098964833
0.008649108780321463
0.014112295677101361
0.046662532086147505
0.02365180410389168
0.023081834476308048
0.021727892094341013
0.01180048705007008
0.012374328490707453
0.004465379132569574
0.0030851518248893465
0.009086467180871386
0.0937213172744324
0.1485639015412516
0.025382848224029034
0.053445363639637984
0.07675392038613334
0.013900642462337808
0.00880025106160518
0.0059260399335611495
0.009216750849372181
0.0017365196806296203
0.04294821186287265
0.02019509470253964
0.014434253808766132
0.01155527681052964
0.0188541371282055
0.062341506926406706
0.03159899481328195
0.030837510943948706
0.15995620019104675
0.056549624420538805
0.0
0.0054605338907905854
0.0
0.003072431781619386
0.013845097798637896
0.04995290978914748
0.03391168326332633
0.07140342280126569
0.10254383646706323
0.018571366781970997
0.011757204077531058
0.007917235585977527
0.012313651043503392
0.0023200038415821605
0.04551423052844756
0.09414392098507944
0.02776773118813611
0.008432722829970181
0.010032872141271985
0.00529085836848044
0.005955600069438854
0.02052177077478787
0.19187635345749918
0.06783441786091808
0.0
0.006550213931342396
0.0
0.0036855527063029904
0.016607964403331604
0.059921291975461186
0.02700483152687148
0.027323734444882966
0.029795111899558392
0.0210671898496971
0.018264018781186504
0.01240218532179785
0.018969052969363596
0.03709559836070924
0.05459684947374314
0.11293086630735727
0.03330893705779497
0.01011551977603834
0.012034987820874431
0.006346678710744616
0.0071440733313888685
0.024617004767892556
0.04097956083291055
0.034934672328010834
0.019983951960312205
0.01525735204782608
0.022285268059511903
0.021522316792982003
0.01609665187858545
0.02944766615089145
0.03687053201564074
0.037305940036487815
0.04068018814000485
0.028763686122607945
0.02493642993239643
0.016933087344619804
0.025899034923338077
0.0506477681831453
0.04889213919699647
0.04147612442030883
0.038534899891478444
0.032585808620615934
0.011616354252485396
0.016167846223157964
0.03232557383504539
0.03060967950427253
0.055950662316602444
0.047697389011449404
0.027284707916749536
0.020831334814790627
0.030426765989921375
0.029385085019944843
0.021977256841741344
0.04020580970934604
0.05721255198446505
0.011919095357344893
0.014477998400208497
0.017082984431601698
0.021859974698458965
0.014441462367267389
0.035958874690993604
0.03904278284767354
0.042719492063265155
0.0362397513606283
0.03366985730446131
0.028471840578188395
0.010149786068751344
0.014126650822689263
0.02824446051179422
0.02674519835127587
0.06796853378009941
0.03658258790624487
0.019755011729456227
0.03888291019024799
0.04237966132499809
0.041002463790073
0.02554549658944572
0.03194047459324138
0.049989450258491545
0.010414306018965834
0.012650146790624935
0.014926252559788227
0.01910014638286399
0.012618223442723096
0.03141905605267964
0.034113619886188905
0.036518842709859986
0.026799642995654547
0.04576073873615576
0.026028010580853404
0.029475895977875307
0.022874204613904894
0.034258115883335334
0.06862902076993953
0.0597592700579603
0.032164129907249
0.017368994375517942
0.03418661844635495
0.037261030733415246
0.036050171607352376
0.02246010241139496
0.028082692693832883
0.03896253606573794
0.04207229063603853
0.03265381169220662
0.015557419765223878
0.029445063032720074
0.02958915947397418
0.016078629985544886
0.027769528188321093
0.032108083878391196
0.02356277256790196
0.04023374041042462
0.022884338191036253
0.025915786761578425
0.020111450032244387
0.030120408443304523
0.060339983193884686
0.03684314510442614
0.025733774159452806
0.014477443256079685
0.04183975237763885
0.045425079374495296
0.022109524308709726
0.033084685696395576
0.02574845183755052
0.029928957019407978
0.02735854251129232
0.024382547887428205
0.07947638542788153
0.07179438077950201
0.02706695996561757
0.03071443552184137
0.01993513372700006
0.0405801824598369
0.029983959335317292
0.013577697824624662
0.02547527835830679
0.0402187071525226
0.035939579269739945
0.05698279149426755
0.027006335941278183
0.02495821464384167
0.024632406134924546
0.022470733953549267
0.013242431281539215
0.048255944397110936
0.04673245051777825
0.018542412661065124
0.02502161683804475
0.04867599278571818
0.016032912250906976
0.01220293544790177
0.007944165149534546
0.017934754733931996
0.026038072927685126
0.016630508845220007
0.050262458515294664
0.039872600419602784
0.029461139825035926
0.013340948393102544
0.025031075095934986
0.03951742802715825
0.03531291375757752
0.055989203062188554
0.02653543617872807
0.03908171528018997
0.018828045395266692
0.02393744974968419
0.029459748199039834
0.031945154761203826
0.03675591483875837
0.04531445753397672
0.03460690977531472
0.04782724701381763
0.015753352128854314
0.011990157253283808
0.007805645600244008
0.017622032868812393
0.02558405641890844
0.016340528646375935
0.04938605011130008
0.0651913460185604
0.040346714015451646
0.020080550272907696
0.024519197587719137
0.02440173364883374
0.025643920422574882
0.03326014230796737
0.049257073143500876
0.034457820016207494
0.016600433088358818
0.021105325833529268
0.02597426172028479
0.028165611085893588
0.03240719320953074
0.03995314460082872
0.030512444497526416
0.032631723073215525
0.04547933475652576
0.016273655858920048
0.024626634219354588
0.025921050995314946
0.03129906234220611
0.04150041083255794
0.025188141745454265
0.057478328461711775
0.035573152299549514
0.01770474970634135
0.021618245037666326
0.021514678670747946
0.022609897956012582
0.02932501782853726
0.043429295483462485
0.043857421081439446
0.03778245329460137
0.029361961659003885
0.036749267176799695
0.05928077304750905
0.01754177991578418
0.025282423193621534
0.028794208343848507
0.035618711195509634
0.049642346082123964
0.017763286567290308
0.026880865898762055
0.02829376883392451
0.03416406359406615
0.04529920607083101
0.02749377176221815
0.032875959388213125
0.034747832154361016
0.051788060047247536
0.00990616345571649
0.023352130638295405
0.012503176592129574
0.04784610976801673
0.023760318165167868
0.047871968384099
0.04124092035038304
0.03204964782641587
0.04011316016871509
0.06470711736208999
0.019147490044384558
0.027596683387994994
0.03142992445730541
0.01921091190610946
0.06624924898867955
0.02952831170710353
0.01612337640474979
0.0162683816851024
0.019859524036901877
0.0136367845813488
0.013030670467953354
0.048898849321537714
0.05168302432492248
0.07702821733661791
0.01473417059729286
0.03473335344939832
0.018596900580133968
0.07116506272990523
0.035340480990096755
0.0630106907258409
0.01660840608809583
0.0043349226279356026
0.012670885086919695
0.018458075486608584
0.014520442433941362
0.025581742328732296
0.027487085037330994
0.028573812113996507
0.09853741470200028
0.043919644985409276
0.023981491887745895
0.02419716898087832
0.0295385409749012
0.020282999701986396
0.0193814812899273
0.04418816249708367
0.026147822630899747
0.020111156769086435
0.02045969436868006
0.01834284249933547
0.022874733452211644
0.01173659113486419
0.012873972189437834
0.07705461423462732
0.02031011419535873
0.005301097115184451
0.015494992216987157
0.022572040867201187
0.017756781863123006
0.031283441966487
0.03361345050479402
0.03380115464196476
0.026080489220868315
0.03324573440858058
0.0176333146745127
0.03159837857129996
0.027494439919925753
0.07936626367056906
0.02047123066080858
0.05403689081531441
0.03197569115161529
0.02459356354934464
0.02501978376647894
0.02243112456745664
0.02797309062281464
0.01435246133487673
0.01574334369766924
0.06991563582082733
0.02179067109942499
0.02163262775751472
0.04208176565824301
0.03812926969166432
0.02235489377050868
0.03414556231413675
0.04074588916179333
0.024192227261553127
0.018666377791142167
0.023794700826316715
0.012620549815498688
0.022615652145338807
0.019678373298708682
0.05680417453062331
0.014651708490901675
0.01813597596051415
0.03134748180446122
0.03777063080652258
0.024768620810540633
0.028292071936682102
0.018505358159845515
0.030547748286701825
0.03409485076381711
0.050040153031148706
0.01559606093350912
0.015482945849566936
0.030118842067830033
0.027289954070165892
0.015999887466346868
0.024438727381565682
0.029162725978370923
0.061707373854650284
0.02513278254581384
0.07034645393958597
0.04936847343972784
0.032603625373249796
0.03480180285484735
0.04982469237550249
0.051598855518164566
0.0117621587858241
0.02033053304231176
0.024496291677619932
0.016063786780140116
0.018348934913882557
0.01200172306902848
0.01981186271308813
0.022112350023848613
0.025364122904976964
0.013775335526197731
0.01444521112964323
0.00521267431944365
0.003601461647878304
0.010607115929468692
0.10940587332832763
0.17342653588180423
0.04002056085180379
0.016299965310776154
0.04562347033644911
0.03201811829019189
0.021145209911428216
0.02257084659258978
0.03231400088153212
0.033464641389734276
0.005853433429342602
0.011107248339202838
0.006641422761636238
0.008426679859141698
0.046154609455156925
0.0608589959210152
0.08853369380930534
0.0282010399805588
0.024255948813174066
0.013173482665240769
0.01381409099257149
0.0049849293802058615
0.003444111578816094
0.010143684526544818
0.10462586359695496
0.1658494241237773
0.028336161859666475
0.05966377222032366
0.08568429721635878
0.015517992752021993
0.009824166944798608
0.006615539172836833
0.010289126798654171
0.0019385650620656278
0.005597693331457426
0.010621965844442883
0.006351254926354569
0.008058513045930672
0.044138086250033605
0.05820002904936462
0.08466560240718429
0.02696891924114144
0.027534278764677296
0.03340739326123697
0.02930525157935146
0.04165499529773189
0.017382093122770982
0.00692059310912853
0.015415837959698576
0.02561624788370692
0.037594127994261234
0.07915706793953556
0.11367899620996971
0.02058801783469201
0.013033910216522752
0.008776962372193489
0.013650781349056746
0.002571931351515649
0.05045658732892206
0.10436694008705287
0.030783008684383245
0.009348425996679111
0.011122334344191449
0.005865388785323645
0.006602314298424887
0.02275021476184282
0.036530254352560756
0.04432222770456554
0.038879837863515516
0.055264479098430526
0.02306115545576968
0.009181683264984095
0.020452487117552078
0.033985566091911654
0.032018050415451006
0.012568185464735317
0.009137513836272025
0.019512210349717597
0.023404469682693035
0.016426506939402428
0.07286321610715155
0.022045030981920774
0.057403252070247636
0.1187357704270151
0.03502109239911656
0.010635480565682788
0.012653613646264689
0.006672912473034862
0.0075112949960102005
0.025882374963511662
0.04308600373270466
0.036730394170468306
0.021011172673786025
0.016041614744584702
0.02343078166970823
0.02262861296781284
0.016924056501059433
0.03096134336017078
0.0364261698242622
0.0142985238695341
0.01039553084752996
0.02219857482336118
0.026626705131839106
0.018688043888685526
0.0828947374815867
0.025080104250852667
0.07401877780148045
0.10589533348358514
0.02492500551647052
0.013277209367675947
0.01752575521971368
0.019088624463400646
0.011117578726293235
0.012213422292041557
0.04859373024247732
0.04142567681821894
0.02369705167650684
0.01809223023764433
0.026425961685649018
0.025521250964490292
0.019087475397414896
0.03491916253181856
0.04968969450057492
0.0103518578788533
0.012574291698813113
0.014836749072036743
0.01898561464015211
0.012542559775447774
0.031230655441922852
0.03390906164577242
0.08348067144209993
0.11943203879297182
0.028111193645937053
0.01497444818480586
0.01976608985892122
0.021528742225177738
0.012538749820627308
0.013774676154206206
0.0492954203745966
0.032963768046972056
0.07876126226334736
0.011936842449506357
0.02091637584219424
0.026653173054029363
0.02226114917771717
0.021722225979572497
0.04698669438870064
0.009788741657554667
0.011890280412162146
0.014029665534803445
0.017952842774433767
0.011860274629262521
0.02953178274805978
0.03206449008333276
0.03432523648418688
0.0251898476308849
0.04301199222793387
0.02446456547100522
0.027705344007264734
0.02150020166296158
0.032200306525066016
0.06450662706708153
0.04661386782880901
0.031170618187342056
0.0744768386449505
0.011287506871963853
0.019778575201443643
0.025203304414848807
0.02105019609534063
0.020540589025610873
0.07142390275350062
0.05949526046466524
0.02284391677482641
0.03660586009478669
0.021322108491608382
0.029000059018715708
0.019223484536661742
0.0429548778876373
0.02982626929403359
0.0218882447979803
0.03737446247906384
0.021258024492733597
0.02407403810969237
0.018682196260204786
0.02797985133210939
0.05605182155231252
0.0342248254889893
0.02390496053700171
0.013448579581403514
0.03886634052463634
0.04219687027285896
0.020538274052484512
0.03073346727343232
0.02391859512140144
0.062062458288908745
0.051697288703466654
0.01984979225912547
0.031807974329027836
0.018527445545212448
0.025199056392038493
0.0167038856913427
0.03732483404620449
0.02964799728480159
0.03292763912815525
0.021635303259974873
0.016721999691203887
0.05515413505899104
0.0379758821789913
0.032847437230415784
0.04494992774160488
0.028518316033926964
0.028146033394466065
0.025676014953246364
0.01513136439179073
0.05513929151066031
0.05339848270095311
0.021187348207626
0.0285907620737311
0.05561925663904737
0.018319886459843567
0.01394359230461791
0.009077340490620233
0.02049301245269333
0.02975220797090894
0.019002725708588575
0.05743201975927401
0.031499558647428934
0.009923708514473863
0.007112280563566313
0.013006598262374533
0.02863620657382647
0.007541289466774527
0.02196496360767934
0.017340514223060155
0.06374076954459947
0.05963886966686377
0.04610095246601119
0.044584907510357374
0.0515693960358011
0.06447745470612355
0.017289442846086793
0.03614530177740167
0.039628359396958496
0.013052800210071077
0.009934719025786812
0.0064675461893591996
0.014601138376803498
0.021198255093119973
0.013539318743305464
0.040919941355633226
0.05401578077133774
0.0334301926897171
0.01663819920209036
0.020315941953557428
0.020218614520410627
0.021247856782540844
0.02755845162054432
0.04081307453905898
0.0454148846350953
0.04249230759275612
0.03284662944564809
0.03176645725358723
0.03674285999996808
0.04593976803173507
0.012318615822651806
0.025753292940287123
0.04988576880014829
0.0681245022513743
0.04750783245485303
0.04048221182376156
0.024894923608778874
0.03633375527066846
0.02815696034213564
0.03775894625050485
0.05246446718529342
0.03247008970938294
0.016160356169907242
0.01973247548661403
0.019637943261963327
0.02063762606051136
0.026766982909015836
0.03964093787609552
0.040031717879400734
0.03448667235295349
0.026800704111999432
0.0335436115398713
0.054109683693074485
0.016011602309840205
0.023077025680905743
0.02628247618210838
0.04845306765642993
0.0661679913137199
0.04614342477846084
0.03931957741769464
0.024179950453409302
0.03529026302861415
0.027348302677713907
0.03667452304164497
0.031055405878676556
0.015785541886581416
0.04413908833532235
0.030205895182014855
0.021719073676717264
0.015465881810741409
0.02370367319042216
0.012493876928239264
0.04781140060244348
0.04118874219386745
0.032009098500010234
0.04006240885832154
0.06462524969112855
0.01912326457308255
0.027561767967754704
0.031390159207071576
0.019186606193246414
0.06616543020739624
0.029490952383965145
0.016102977052590353
0.016247798871755637
0.019834397697704818
0.013619531273852027
0.013014184018150503
0.037090650364043534
0.018853272026438793
0.05271698908811176
0.036076047484484036
0.025939914329928298
0.018471489860891043
0.028310196881154645
0.014921911587537787
0.03754441193572076
0.020444950004002357
0.06595258775297731
0.03474075844097366
0.0440362508443405
0.02185339785354252
0.01753059240127369
0.028082501962124216
0.022808580965151322
0.07865588925834499
0.03505814256123418
0.019142836006779754
0.01931499673988088
0.023578660093745596
0.016190574749817346
0.015470952334334591
0.035272482299353564
0.02087207430215994
0.01605340392246323
0.016331618394792486
0.014641875805999878
0.018259384079363252
0.009368543059163612
0.01027643899436383
0.04463190367279785
0.024304470149541138
0.07840286721236459
0.04129898710125338
0.052349247317037176
0.025978799444043355
0.020839951168240577
0.03338381020884201
0.04593716705562657
0.02348527977941312
0.02789915127443159
0.019530738520542098
0.019843098920992303
0.04005566127935154
0.06363111823337504
0.0671311668379987
0.041842977974644376
0.024760087421644983
0.01904380363833961
0.019373843410961836
0.01736933855854992
0.021660709880840203
0.011113698705754963
0.012190715891487538
0.05413854064499646
0.016873409204505033
0.016751029771217646
0.032585634869150885
0.029525055343217987
0.01731030992996755
0.026440307543330255
0.031551210978834315
0.05449426136252874
0.027860076197595937
0.03309615587527582
0.023168889980804068
0.02353943632470084
0.04751715908302941
0.07548421049997664
0.0796362419739888
0.052466495113233466
0.05140498461854606
0.037069753844212655
0.013176647251038143
0.024421290844020584
0.015067968403667436
0.027372738596926214
0.02169286411428645
0.039967239224118434
0.012456626539400852
0.012366281139838236
0.02405602087845517
0.021796578480856955
0.012779164155001787
0.019519294095364743
0.02329236772876048
0.049285887898978406
0.020073638299048013
0.05618595033915547
0.03943076646602025
0.02604062569623
0.02779631747457832
0.03979515007078916
0.041212180164627014
0.03873286823876448
0.037949218672768924
0.02736637711729232
0.009727528791501256
0.018028775096192984
0.0111237778232667
0.020207652047667817
0.016014541197133473
0.15840003574080894
0.026671995067162974
0.019556076039638527
0.007698737437103389
0.01921413383953029
0.011621210437272475
0.05390831380035623
0.05772455768003268
0.03942688681201855
0.016058167943411885
0.04494668147174631
0.03154315429101038
0.020831537091181903
0.022236025555782857
0.03183464769315474
0.03296821934014393
0.005766602275639389
0.01094248090836022
0.006542902396181527
0.008301676586636884
0.04546994155278999
0.05995619982828943
0.08722036499676046
0.02778269938324934
0.12671416801850938
0.0213366092281671
0.015644137284945583
0.006158705107439422
0.015370596176229965
0.009296538381699476
0.043124656509992164
0.0461775104181832
0.04828275744497809
0.03475647128210043
0.015927377559353164
0.014735800509855203
0.01844736540992123
0.009350317068822226
0.03055978207085611
0.05228892954891863
0.00725434929405372
0.013765571970880843
0.008230929949740479
0.010443456789128766
0.057200899704422964
0.07542452125333536
0.10972266908613904
0.03495046060471278
0.03568314015995041
0.04329442242912778
0.037978238270402795
0.05398292972459715
0.02252638140530631
0.008968765661653045
0.01997820648582568
0.033197461659281634
0.060739404356980324
0.04372342167141176
0.02003654051917592
0.018537544105923592
0.02320666934217775
0.011762639902171518
0.03844401311126834
0.06577914359768536
0.0225835027009047
0.016953024078924617
0.007944211121732799
0.01472644026150603
0.015563099951587035
0.012088917561901256
0.03185081609984831
0.023458094132890704
0.03803301391839672
0.046145528769468376
0.04047925317838462
0.0575379159000083
0.024009831356734457
0.009559393812076511
0.02129384919415869
0.035383643807223
0.033335189657813395
0.013085207896335427
0.009513407368052312
0.02031489188789271
0.02436726863721275
0.01710225067220585
0.0758606191349495
0.022951906167280916
0.024070714312124375
0.018069446743264165
0.008467368365261197
0.01569623370935623
0.01658799069865637
0.012885019867342862
0.03394831639277759
0.025002900996270738
0.043832809474349886
0.038964390572422535
0.04084846031141228
0.013628492512980726
0.03486590530007077
0.06980774661527155
0.05381113391733225
0.06053977837374359
0.03413643360761268
0.01339972369079851
0.009742071436679899
0.020803180221725108
0.02495295981728751
0.017513320026234375
0.07768400345445824
0.02350357772342532
0.06936598347636048
0.09923879008576567
0.02335822844090662
0.012442608659122816
0.016424092413980424
0.017888720246988683
0.01041873163987543
0.011445690864712208
0.04488637400344192
0.03990093788246469
0.041830293083900016
0.013956066685589377
0.03570394150033606
0.07148564421233826
0.05510453725253709
0.06199491127210351
0.02423024912804117
0.014382278192859074
0.00941910914603499
0.01840808430879193
0.029435307136869603
0.029002569935543267
0.019056773890042643
0.008884683188168178
0.07043489911044022
0.10076803956675921
0.02371817396915534
0.012634346716567137
0.01667718432268027
0.01816438177137551
0.010579282165925987
0.011622066622612387
0.04159187870331905
0.02781242216407867
0.06645300601322339
0.010071436646401881
0.01764771170081932
0.022488002583157453
0.018782333315352718
0.01832762924513063
0.024603632316927068
0.014603906161548804
0.009564255693675756
0.01869174912726641
0.029888899206291657
0.029449493613099974
0.01935043488243859
0.009021594340980058
0.09644638408060906
0.06798071515524191
0.04036525864281689
0.06693884765139588
0.020362846396344402
0.01617473000796676
0.0227766769595241
0.026007655870685636
0.03589023169131601
0.023999740008998918
0.05734325682693142
0.008690787864673425
0.015228464823191791
0.019405221599668378
0.01620754617025124
0.015815175473373994
0.05499265642438015
0.04580822793881823
0.017588616949717046
0.02818459100812534
0.01641690444400854
0.022328523371327763
0.014801074145338702
0.03307300147932992
0.08322497512396533
0.0586615390679212
0.03483176355904755
0.05776249658004957
0.01757139369136407
0.01395740768699836
0.01965432288035466
0.022442381158234027
0.042879346166510256
0.033280536265577344
0.0498499938035303
0.030094577548838493
0.0284182603008747
0.02007823668944334
0.0343982271483785
0.027120414006833033
0.05563132196805137
0.046340228731349326
0.017792885016346318
0.02851191702417455
0.01660756465000439
0.022587839059012974
0.014972968661453766
0.03345709979070502
0.02657576461088182
0.02951555810855748
0.01939337491159596
0.014989205623156377
0.049438864168944135
0.0340406839620435
0.02944366702143968
0.04029205370810706
0.04337733194701821
0.03366704481362235
0.050428934256030865
0.030444085482833543
0.02874830007064298
0.020311418331956935
0.034797716168758056
0.027435381042114924
0.03648273864591717
0.030252534962495407
0.040619820017636886
0.06304845993660975
0.028413872109222322
0.017673829173111395
0.013879410920345487
0.020828015747765348
0.03246421948978066
0.010227617947681325
0.007330091188670157
0.01340491990796803
0.029513178453479148
0.0077722383105619216
0.022637631454653716
0.01787156023689358
0.06569280402004313
0.06146528516981361
0.04751277490253632
0.04595030170259079
0.053148687275284115
0.06645204985730296
0.017818924820306756
0.037252236564962314
0.03974925944483289
0.03926671359826647
0.02000308932732772
0.008200881769819283
0.030820127715156992
0.011857255831628923
0.03784492226130072
0.018120770170435417
0.020530888481323457
0.018717869415416324
0.02733186543246341
0.030160587662455447
0.0564278095782269
0.038863470496349216
0.038588816903936264
0.02700101607535813
0.04370816086766049
0.04089541635578788
0.03161222967549675
0.030572651125100405
0.035362037105682566
0.044213318771758006
0.01185567345088651
0.024785465816997837
0.04801102601588112
0.06556433485094372
0.045722454215064434
0.03896086141996571
0.02395935461740148
0.03496830682400019
0.027098801682903777
0.03633993810996165
0.013660055920643807
0.012453778761814858
0.018185029379639124
0.020067096192325287
0.03754377386147743
0.02585748691457505
0.025674748430822653
0.017964901511160446
0.016393927397390484
0.018481551529227775
0.01771810809689667
0.035197297598572944
0.01851285660254683
0.04191482341848828
0.05968902412886359
0.03705541983953371
0.048462930329184396
0.06618145987776988
0.04615281732098441
0.0393275809589289
0.024184872307691726
0.03529744639867728
0.027353869453415565
0.036681988179286015
0.031061727239123958
0.015788755050193334
0.04414807289306014
0.030212043623668715
0.02172349461695004
0.015469029907209527
0.023708498097968028
0.012496420069995564
0.01654823542031028
0.01865550933737443
0.01788487998529399
0.035528592551447996
0.01868710907004229
0.042309347157428887
0.06025084772854618
0.037404204388549814
0.040771927210075845
0.019938888458918797
0.043235258746173705
0.026223775639489074
0.022882047362519795
0.03476529819764515
0.020631355380014135
0.02603162668901478
0.03340979577369066
0.016982284265357018
0.04748538572257282
0.03249588149435674
0.023365652304389965
0.016638389940081103
0.025500709392501413
0.013441069752068813
0.033818526310655884
0.018416005045282496
0.059407491266571785
0.03129310575964555
0.039666118898111384
0.019684679348622502
0.0157908665976413
0.025295610784931883
0.043854024951731345
0.0214461412991811
0.04650356864614189
0.02820612587914554
0.024611784250773826
0.037393333083287315
0.02219095430445054
0.027999451693127023
0.022651472714817635
0.03171762451948046
0.08677858837208069
0.05447971674357964
0.0693511105138001
0.011320813833269303
0.008654907293260615
0.010148712062230007
0.030959041765763837
0.01685886203668704
0.05438436277282528
0.028647155091677385
0.036312198242223405
0.018020265120412743
0.014455688991981417
0.023156771042813194
0.03186444127281971
0.01629062840119544
0.019352322407455717
0.013547550066572624
0.013764219710655104
0.02778471874276198
0.044137898787184396
0.046565717052054624
0.020736204865708072
0.029035779181779683
0.07944112990336774
0.049873250258099563
0.06348721133428951
0.010363596126782972
0.007923102086398182
0.00929060000181884
0.02027676103114792
0.027712543606645185
0.07965475999150773
0.029967395654257236
0.04216700659490381
0.06107031256278424
0.02201258503904929
0.010885831290419022
0.036685251413540364
0.01875525741893956
0.02228015884147904
0.015597175421170117
0.01584662527967519
0.03198830269157055
0.05081557526804777
0.053610701116029356
0.035320169792038836
0.034605566485157495
0.024955164188134076
0.008870449935564347
0.016440285124630107
0.010143677432426284
0.018427184297902018
0.014603522536403778
0.023344456910796313
0.031905208091179436
0.0917058256742844
0.03450119945216853
0.04854650439485248
0.07030971455257466
0.025342895847613296
0.012532761968591318
0.02710716220044388
0.027033195869258453
0.03964602921799566
0.047555103052142764
0.03849771590690404
0.025314224095675363
0.019556896745820895
0.02815593635126448
0.03427714861864812
0.03358364788245205
0.024218226489733416
0.00860850139016462
0.015954795797072156
0.009844129882107006
0.017883020906223845
0.014172273669219937
0.14017814360706057
0.023603724186839557
0.017306400359408444
0.006813096455465616
0.017003794222939385
0.010284339255007876
0.047706853841157026
0.05108408781779703
0.02630667499180163
0.026234892921054322
0.03847526338762989
0.046150778563381595
0.03736086030698752
0.02456668318986414
0.018979372415903743
0.027324478350243497
0.03698961696450362
0.05596291768225772
0.0352803415090601
0.018010262322891886
0.017016884396526256
0.02506929276971454
0.022250572076145846
0.07149882436969159
0.13459917261870127
0.02266431602329059
0.016617620332554046
0.006541941006492887
0.016327057663153524
0.009875031292569975
0.04580816160086182
0.0490509845352969
0.05128723413860236
0.03691925181589021
0.016918485714726508
0.015652760756879405
0.01959528409488945
0.009932156449957147
0.03246141648141677
0.055542697114768946
0.035517461644099635
0.05373564111731447
0.03387621389919396
0.017293469188051903
0.016339626858956024
0.024071556222047215
0.021365018216656994
0.06865323192142482
0.026474173871903
0.04119774826719265
0.05141117162030551
0.010117314004924468
0.009332334332843027
0.011142425392287474
0.00999607422967988
0.02968287212809887
0.06886397409527081
0.04957191479258676
0.022716650284582595
0.021017146457307265
0.026310819036433074
0.013336023592764264
0.04358632671886562
0.07457783441696735
0.025604296937707022
0.019220679283355545
0.009006837565925177
0.01669626515801285
0.017644837371294263
0.013705944512229326
0.03611121640117171
0.02659587468453931
0.035547185461035
0.05531670243297615
0.06903038641351698
0.01358463682533506
0.012530635362564746
0.014961065974026466
0.013421846749364174
0.03985554244899549
0.06080583401629494
0.03776636876683015
0.029540499468367586
0.004342215252163729
0.015460529032458235
0.005312598833207338
0.06733776194388214
0.040619421554884384
0.019286222483047174
0.014477815885199152
0.006784325052459586
0.012576322062535094
0.013290826147185042
0.010323888050754137
0.027200471676330655
0.020033120126094064
0.035120242158892596
0.03121950997181541
0.03272908661705149
0.010919581999338334
0.027935673115912305
0.05593218858420697
0.04311519331488932
0.0485063974276109
0.04580148581929873
0.02844720135006835
0.02225113411211264
0.0032707373151566873
0.011645514163151337
0.004001670630116872
0.050721605889815204
0.030596239496288962
0.0095214386196137
0.01491011741567801
0.03187070450020368
0.011783325451481754
0.003516353847995497
0.06712983274613159
0.16488741477242513
0.09019426266539426
0.028523363770681386
0.025355333133516882
0.026581355539540955
0.008868481264501982
0.0226883221037886
0.04542605811941226
0.03501656786419538
0.03939510475962549
0.015397283150569426
0.009139320380715108
0.005985439513280951
0.011697547345231813
0.018704874069406564
0.018429888154759256
0.01210976172679104
0.005645834759206562
0.007732960841748921
0.012109446768244202
0.02588420928233902
0.009569981800249079
0.002855852744381345
0.054520371204162754
0.13391546936045967
0.07325244946757929
0.0332471513091516
0.020645173860714294
0.023441889866843976
0.012281331890449434
0.02547430335066314
0.02050753043358043
0.13464207592422966
0.08095518784046063
0.01837906247566629
0.010909206424256813
0.007144556976913419
0.013962849898108745
0.022327188878667848
0.021998950237096578
0.01445489214984619
0.006739185657107843
0.07204603351798963
0.050782006286083
0.03015309288020683
0.05000372494542995
0.015211169687466407
0.012082621359080057
0.01701431574959604
0.019427876580812964
0.039685668248961796
0.02464323975187974
0.0279815571485727
0.014659687939207333
0.030407560101835113
0.024478940821872432
0.1607163485314813
0.09663266178190018
0.021565067905624492
0.04234586600909318
0.04828275177559375
0.028010247769460882
0.011284710180758892
0.013950799346478209
0.010342299479053152
0.022375765921826534
0.06451515073744339
0.04547382597375587
0.02700122737334225
0.04477689741910013
0.013621164932482858
0.010819639891623758
0.01523583036678291
0.017397104669289353
0.03323963122049436
0.025798731818165464
0.03864320607732184
0.023329009159221814
0.02202954514886829
0.01556444402214662
0.026665154375509294
0.021023467956662323
0.01931089802809437
0.03791950500650489
0.043235815446289586
0.025082371211854207
0.010105133381954115
0.012492539544472386
0.009261231705369181
0.020036854783295352
0.11445686211793715
0.08814326684270601
0.06486710942751499
0.03706021512697416
0.004047931768181827
0.024798690429789574
0.02492200184209957
0.01912545839469862
0.03251602461969604
0.025237109081979993
0.037801966930952516
0.022821150786614806
0.021549975319210338
0.01522561552078716
0.026084670146023378
0.02056579981695886
0.027347777623886894
0.02267756285357093
0.030448969737335248
0.047261672940989784
0.021299285215901288
0.013248455788362435
0.01040412692380576
0.015612861428659381
0.11196520568571605
0.08622444141169508
0.06345499181871564
0.03625343673298435
0.003959810750003033
0.024258837987771932
0.024379464985465248
0.018709108771386172
0.03358766588452908
0.029464782508354787
0.038443739536966365
0.0229945949716518
0.027721013999532966
0.0326557544589042
0.033495298349232226
0.02232874543657909
0.028482020147869862
0.028136255705559925
0.01433305679647446
0.005876277522162865
0.022083920827791266
0.008496223683452882
0.027117482272517025
0.012984295765448581
0.01471124714135369
0.01341214254708302
0.019584433843521216
0.021611332575035416
0.040432904455434925
0.02784731502304892
0.0276505141451949
0.019347366331155087
0.03218471186387336
0.01950401778901528
0.01932604937709688
0.010449997218413828
0.021861477550322427
0.02157258053596529
0.03720697934501507
0.053462378373543576
0.016524747649059004
0.010529966248923613
0.006257216662411757
0.024577165564382386
0.05409243169081586
0.12711871298059202
0.12816474453494278
0.08505993743383204
0.012317813747658465
0.011230065830898157
0.016398161632381857
0.018095295860381763
0.03385470868468387
0.023316720637644357
0.0231519381052398
0.016199663610093992
0.01478305399676386
0.01666554740531771
0.015977120208462984
0.03173879805169161
0.01669377643049455
0.037796257287254095
0.05382395842814247
0.033414340510485425
0.01383626838787754
0.008816802666496138
0.005239204309855738
0.02057860526429648
0.04529191116995243
0.1064372459582583
0.10731309433038215
0.07122118584713096
0.03283698199023486
0.018712999428885952
0.01251507438067721
0.01073510050124998
0.031161626198251476
0.04295877232842606
0.05798219833161682
0.03890562776362222
0.015226172959770927
0.017165093715965436
0.016456031057341922
0.03269016190944624
0.017194168900289485
0.038929192223319586
0.055437320365996114
0.034415928404286845
0.037514598979047235
0.018345941823408363
0.03978113139614412
0.02412872027763317
0.021053967505670398
0.03198784824547972
0.018983086560700236
0.02395192238470682
0.033821263682703814
0.019273917687284724
0.012890211127301824
0.011056882901756118
0.03209568944997239
0.04424645257706724
0.05972020264406813
0.04007181584854223
0.08037912701373243
0.03359589284908313
0.02243764619203818
0.04391896083222264
0.03195178225229952
0.024763950322167726
0.030208506030939136
0.036306328745002406
0.03575801023782179
0.01748690892071959
0.03791841422934978
0.022998913761414212
0.02006813363605492
0.030490044840586043
0.01809421990521877
0.022830394277337716
0.01846972071844485
0.025862144775429405
0.07075814944803778
0.044422063224863514
0.056548007223653246
0.009230846596089613
0.007057100549845727
0.008275129824944357
0.07661544371751189
0.0320227941425482
0.021387022761342633
0.04186249337092065
0.030455667606429943
0.023604399706993035
0.028794018790576362
0.03460631621536506
0.0569551647161231
0.014862166662432423
0.0215059015646403
0.02457302683368928
0.05906573721017355
0.021432490035314975
0.039322643761543694
0.02666643149267837
0.01848887079724327
0.025888959588598236
0.07083151407321085
0.044468121637121744
0.056606638256072976
0.009240417473873093
0.007064417608597079
0.008283709780788334
0.018079220248804657
0.024709132723392244
0.07102199150741849
0.026719609975386496
0.03759705991953026
0.05445167646794584
0.019626920322983372
0.009706054196155467
0.05701421790425287
0.014877576297858939
0.021528199666266852
0.02459850504244805
0.05912697871669682
0.021454712021195504
0.039363414910067
0.026694080219594282
0.02531950740704465
0.013888938916127615
0.008345362089038605
0.044336003874314675
0.05067904843662501
0.03243484835844202
0.024728045054522117
0.03282616718431645
0.018873459006421022
0.025794630361339457
0.07414206070962988
0.027893429948747786
0.0392487374669892
0.05684379467176544
0.020489151138175322
0.01013245114912258
0.02191552009650206
0.02185572001099063
0.03205290703795118
0.038447212176765416
0.031124522013350663
0.02046597068309296
0.01581130331862017
0.022763429988693736
0.026431819433209554
0.01449909430101398
0.008711982436942989
0.046283730167274585
0.05290543120720639
0.033859744637660005
0.02581437353064562
0.034268254502407634
0.0766532181054836
0.03340025396113001
0.029425758522423757
0.017976499184405116
0.011029076324418744
0.044518769803981055
0.035066431351117096
0.03130117994366832
0.023585169413087442
0.023520813415990695
0.034494880310537664
0.0413763400848818
0.03349576561969939
0.022025185057829005
0.017015898585536603
0.024497677916938344
0.033162928530683304
0.05017338355371993
0.03163048282240466
0.016147045880634113
0.015256435923584943
0.022475798147210565
0.019948682686715798
0.06410205341881076
0.08249309745401519
0.03594487580694602
0.03166758063710006
0.01934605142161761
0.011869334263383786
0.047910463601396475
0.03773799209358042
0.03368588235872091
0.08191106546231172
0.020474634511118535
0.01952551475612121
0.012280086324552677
0.003810916040401761
0.007904182358600543
0.03546351360105404
0.04506617882310921
0.040387707799918925
0.0611040111377988
0.0385214079214889
0.01966479438797313
0.018580158732960938
0.027372310237909973
0.024294644744626195
0.07806714055600865
0.030104381030852567
0.04684689000871792
0.058460804374439956
0.011504626255260513
0.010612008141314631
0.01267030356604504
0.011366761768620892
0.03375306428665266
0.09975597222697126
0.02493517890556914
0.023779286678002564
0.0149553902567722
0.004641151138005333
0.00962616456508267
0.04318949165037173
0.054884165621338334
0.044614788709108684
0.026844764483343317
0.020220766436785675
0.011757972319684727
0.0359932725982206
0.021115334968945368
0.018410203882833955
0.02196497207574567
0.03483833249336013
0.054213621888819306
0.06765383877312497
0.013313743082172766
0.012280759656558652
0.014662724603880774
0.013154199233068039
0.03906077574167824
0.05959329368897021
0.03701326265641767
0.02895142693159239
0.0042556263386433245
0.015152227777539065
0.005206659322099968
0.06599496723956365
0.03980942219372601
0.05163051987602746
0.031066137178445533
0.02340050717778753
0.01360692813119435
0.041653259604170156
0.02443574772731209
0.02130523140414008
0.02541899132880218
0.0544189864762533
0.05846817843307854
0.022353784118631655
0.002472410485192291
0.032359838254450345
0.024821501058763733
0.035319612698848486
0.0321133588261667
0.04961297706701244
0.0308145101180745
0.02410282082932141
0.0035429203333992433
0.012614626289406307
0.004334680188870024
0.05494253788494179
0.03314238613251709
0.010313790206360906
0.01615090209800146
0.034522909097675754
0.012763905906982193
0.003808976492779916
0.07271621854553191
0.178608955177091
0.09770001573417987
0.045305230856137794
0.04867628916250363
0.018610110470263952
0.002058346453248469
0.02694041248314865
0.0206645494243792
0.029404502190958054
0.026735211906608106
0.025665775608226978
0.015436364821301564
0.019498041112281057
0.006469277877496905
0.01250741266537017
0.023839500449101002
0.017875197731140706
0.020620540120799197
0.008027407113187876
0.012570535544337319
0.026869796700703157
0.009934375919977312
0.0029645944294319077
0.05659633154420021
0.13901453961933186
0.0760416670856296
0.034513095872855414
0.02143127566452499
0.024334481618959167
0.012748965499031022
0.026444282869841882
0.021288391218493314
0.13976881302351177
0.08403770095556297
0.019976131524945973
0.012014398420849864
0.015175673616225351
0.0050351545078917235
0.009734742649278134
0.01855470895286722
0.013912585630072449
0.016049334641438717
0.010950867061060089
0.009864509271667165
0.02363441225345349
0.041834089118820944
0.021698473342908326
0.026803182100677173
0.039446914926307794
0.018728485917235492
0.035972915289568835
0.022337766129920122
0.02536377058491809
0.01328821551146276
0.027562811260823442
0.022188838021812117
0.14568069145523443
0.08759228985836189
0.01954756956884867
0.038384240911664425
0.043765707274342064
0.02538977708349438
0.01022898041814867
0.012645646281280941
0.00937473600609116
0.02028242354382288
0.01141406191394943
0.010281753851063337
0.02463409000004872
0.04360356861730332
0.02261626561560703
0.027936891050011046
0.041115422803752584
0.019520654996716055
0.03015013731313157
0.024533692255097776
0.0034190220777539724
0.024647098305425705
0.05540386515802054
0.023046372936489087
0.043043491499041485
0.03502714757969879
0.0169495657046719
0.033282716353290914
0.03794894953283901
0.022015304428918206
0.008869479915575245
0.01096495458259855
0.008128770348638
0.017586752629025603
0.10046110243014886
0.07736512774296406
0.056935173688673076
0.032528500249447555
0.0035529515703002852
0.021766312069900935
0.021874544990091567
0.016786801588476022
0.026142980670507094
0.021272999049388838
0.0029646109787974037
0.021371332670587648
0.0480403177224227
0.019983354501722922
0.03732272110616465
0.030371803372193442
0.06706090621183404
0.029566451119793585
0.02353455484306737
0.033288622613521994
0.04229741959885022
0.03202195075262186
0.041758848631769326
0.035984044778195584
0.09681571891033042
0.07455781670555091
0.05486919453015249
0.03134815426612336
0.00342402733208489
0.020976488412908795
0.021080793937380878
0.016177667024144107
0.029043076366585117
0.025478041000435766
0.0332420974719624
0.019883304188993686
0.02397021362888013
0.028237257504555073
0.028963206649212012
0.01930754763114727
0.06462749948609472
0.02849358758311725
0.022680567814298367
0.03208069443697063
0.04076259355566895
0.030859985686319605
0.04024356545324071
0.03467830911894328
0.014522954408920123
0.015743392758496677
0.02976152188142537
0.03354430109280929
0.04184803078880034
0.009753910938482012
0.010438280002914888
0.022586128549031196
0.023334808595406195
0.014140953750744438
0.014011921716972972
0.007576537765681496
0.015850177450933062
0.015640719104301874
0.026976091788589663
0.038761706852567884
0.011980900283000823
0.007634517530372216
0.004536655595206955
0.017819126568170907
0.03921851297920443
0.09216459196038629
0.09292299384413683
0.06167081338340817
0.03492972173205394
0.015808680372943924
0.009009422553757983
0.015507167933257527
0.020801363910013672
0.006213055561619325
0.011212186201236554
0.027827649221788254
0.15178187737310544
0.06409786338010744
0.024535261089365802
0.005909923431140434
0.0008727262565419975
0.0
0.01933737672621509
0.10791462519604443
0.010515930323023587
0.0067010034724358635
0.003981933995931928
0.01564028486856665
0.034423051700636684
0.08089512510845888
0.08156079306144956
0.054129986994739955
0.024956975750067858
0.014222375037286428
0.009511787895785932
0.008158960618363478
0.02368366098911634
0.03264980440565595
0.04406800594914953
0.02956930721972667
0.13322268018689404
0.05626026836366155
0.021535201026507435
0.005187284890807151
0.0007660132617822093
0.0
0.016972890307038198
0.09471931596050084
0.07346588533003937
0.03022691919926576
0.013805605656934969
0.005833051313159536
0.013256341254977558
0.018495216260446607
0.015403429303443837
0.02618084894846357
0.03276470936301573
0.01867181301192845
0.012487529300389277
0.010711473058358989
0.031093040949021263
0.04286422212465864
0.05785458228558028
0.03881999833723575
0.07786813527031787
0.03254637896791998
0.021736708692179047
0.0425469610093057
0.03095362931877491
0.023990340591588444
0.029264811914783608
0.03517214260614548
0.09644952197097983
0.03968334274238376
0.018124658270289428
0.007657908269382753
0.01740355773816521
0.024281402981208892
0.020222357443278157
0.03437146853304501
0.057421950000708835
0.022996691896867566
0.022392821253589698
0.008736664419442305
0.012364854784834156
0.018477759257805718
0.014352689820362474
0.04571579327891233
0.08767812436118237
0.03664663925428826
0.0244751443103087
0.04790711535102432
0.034853231702801614
0.027012693427862364
0.0329516535815785
0.03960320203848996
0.0651790523253272
0.017008149188693193
0.02461118829822675
0.02812118285966965
0.06759437525015351
0.024527176708847166
0.045000530997995856
0.030516859046129843
0.06465608628928958
0.02589386281088889
0.025213915292233383
0.009837327512859713
0.01392260482120345
0.020805625670856844
0.01616087143500541
0.05147516367849216
0.0642809280689955
0.011085566722126102
0.003823848342097703
0.0026494679074728134
0.008515628701293724
0.003932779960794765
0.020120383240540874
0.02393953015944312
0.05123480193216618
0.01336946647468849
0.01934592960144828
0.022105004330563786
0.053133396453578244
0.0192798912503476
0.03537322514320629
0.023988155289774653
0.022752920143506553
0.01248104526507366
0.007499409610461526
0.03984175281995446
0.04554181578219028
0.029146993371642203
0.022221413133575885
0.029498644999481308
0.05052882022881227
0.008713947120296557
0.0030057833834121243
0.0020826470870956926
0.006693815486315654
0.0030914104324253166
0.01581587662525458
0.01881796439669284
0.08371456939183738
0.054475557066544736
0.05937452963962237
0.06138624098869892
0.03611468608112741
0.028950440179643436
0.04870803665180646
0.07171173835560887
0.020723654645288067
0.011367897837034832
0.006830559498760112
0.03628838499392813
0.0414800762379852
0.026547459436972443
0.02023955116995915
0.026867748298570315
0.06009933684217412
0.026187199481459377
0.023071028418428643
0.014094329063130928
0.008647258255578334
0.03490458206942866
0.027493552413202563
0.024541437443674027
0.07624831511354623
0.049617043620615905
0.05407909135254948
0.05591138412997423
0.03289372428891814
0.02636843624150037
0.044363911254272345
0.06531598099591723
0.05260038068619701
0.03230439290741383
0.014433699470491817
0.008587368176437338
0.004686189719904023
0.01576948042742367
0.025792593672341237
0.03164388691130878
0.06800346612571226
0.029631280916481244
0.026105278060855237
0.015947983444913383
0.00978452616553421
0.0394951540085025
0.031109442440547887
0.027769071965966136
0.06752366606905963
0.016878334762364035
0.01609592465654659
0.010123131027514765
0.003141541630266191
0.006515839674636707
0.02923446834097066
0.03715045815464688
0.05951826416299551
0.03655299383019856
0.016331987083117262
0.00971675947821075
0.005302506826539983
0.017843446939897947
0.02918477744101288
0.03580561957464039
0.06350821397920371
0.02735320099488133
0.0018069873763247163
0.0
0.038978799525268316
0.04891801642245643
0.06618330439917976
0.10848548105707034
0.077627777781741
0.01940397636168922
0.018504487910240706
0.011637936913195028
0.003611635886549377
0.0074908574100054645
0.03360905803928335
0.042709581366172984
0.0347181910653929
0.02088997145128038
0.015735330211205975
0.009149780629871568
0.028009127719541737
0.016431462639919407
0.014326392535992737
0.017092630478289513
0.07301146115275702
0.03144628146046271
0.002077381497033693
0.0
0.04481151222820002
0.05623801445380985
0.07608684696571892
0.12471904009818541
0.09457942629571946
0.02008479718334376
0.010282588855875244
0.006716179497790426
0.013749800989007112
0.02176467016121101
0.010182096869830912
0.04330161943311505
0.04444101902782024
0.026740207086491146
0.020142008781739086
0.011712176314330724
0.03585308277128449
0.02103309306813136
0.01833849816924123
0.02187942093211036
0.046841194302766787
0.050326540125986356
0.01924104091427427
0.0021281296737054455
0.02785376151656645
0.021365130614610674
0.030401390181111956
0.027641604114537158
0.12106639069217365
0.025709543798341006
0.013162227436864087
0.008597045286529322
0.01760043218352774
0.027859865133721174
0.01303359267431186
0.05542823615256576
0.07382483725166417
0.024151538813695
0.02104325244609392
0.012107460273788942
0.03260068221848647
0.021840257773728233
0.02024423792522815
0.08579199423466632
0.05258018401316958
0.05649255489658218
0.0215984559517883
0.0023888684204772586
0.03126640829295631
0.02398278942079145
0.03412617277959998
0.0310282573362076
0.02978709475306573
0.017915081491930964
0.02262896734453328
0.007508091555945162
0.014515808595305197
0.02766756281136909
0.02074553353363694
0.023931713259456436
0.08286986668923416
0.027110588744110677
0.02362147469382188
0.013590868008469205
0.03659492238654627
0.024516129226232322
0.022724564801542824
0.09630324142800706
0.015573115225693837
0.01896753309491802
0.01409826755874387
0.030635379144444305
0.03712659707382885
0.0571640242822765
0.05027039460017024
0.030669367229597105
0.031386902804403816
0.018877266352480992
0.0238443260242355
0.00791133683451159
0.015295424991431302
0.029153534844340682
0.02185973657530823
0.02521703993774393
0.017206224320270132
0.015499316939133688
0.037134867645018756
0.0657305688763356
0.03409308118377804
0.04211370306568733
0.0619797923927094
0.02942657673353029
0.016409517544517378
0.019986243123902916
0.014855458622101119
0.03228074693265509
0.03912059579743325
0.06023419500727679
0.05297032162198958
0.032316560453041765
0.022345400472268944
0.032570755046493705
0.01497183046001034
0.033636087615047196
0.03417542453715539
0.07455662759406638
0.01757899498890375
0.025261412788894683
0.01470484191348219
0.013246078925544273
0.031736326810222155
0.056174882194874994
0.02913674492551888
0.035991356060766505
0.052969380847344955
0.02514864103054554
0.038842701765753246
0.03160698346347112
0.004404757879456893
0.031753085530787456
0.07137731376320143
0.02969085617943388
0.05545332964456564
0.04512579936246901
0.01909690210484286
0.027835729387603543
0.012795276637800626
0.028746187528464112
0.02920711748207177
0.063717838496476
0.015023420449377644
0.021588994462562117
0.034160416334080394
0.026412715470796877
0.0163046144750572
0.006948485504533571
0.024345194303294654
0.02722612050495084
0.04948177958134398
0.029746017695772186
0.031506609532939
0.02563747734395873
0.0035728458703030565
0.025755985598473335
0.057896517286807996
0.02408324266384696
0.04498004322534281
0.03660303932896331
0.08081946789353286
0.03563245685129424
0.028363025598246727
0.0401182882622411
0.05097537653980165
0.03859173946389524
0.05032630957305221
0.04336671715178259
0.027708651818587806
0.02142423351654505
0.013225216025102895
0.005636148096928871
0.01974719821353192
0.022084013440139633
0.04013632001363245
0.02412798600757719
0.01743137564826624
0.013517793449298885
0.020162771752542507
0.0197679900993955
0.03216769132700441
0.04858637236935216
0.041305915372398326
0.014741092021699305
0.07708717818543318
0.033986929412836146
0.027053204693828534
0.038265602538239685
0.04862130420816196
0.036809550645125665
0.04800221152883369
0.041364017105391664
0.01732286694056958
0.018778596301387358
0.03549931157148875
0.0400113811614138
0.049916005288427434
0.011634389021679355
0.012450699113111661
0.026940558273539316
0.016626384652584994
0.012893533940024475
0.019231643307129922
0.01885509289874845
0.03068216876168307
0.04634262563017642
0.03939838434248449
0.014060339877782487
0.02427177285159591
0.046918023246671374
0.02239526785710139
0.026548187656027195
0.03260596303828716
0.016188273915898693
0.032542089548670224
0.03669635793575969
0.04026547054642736
0.018223562123328367
0.01038567215798226
0.017875991640153487
0.02397891149174412
0.007162141388894169
0.01292492269792848
0.03207850891889541
0.17496757517079864
0.07388924108296573
0.028283186459976187
0.00681270379631602
0.001006041034264468
0.0
0.022291290465679833
0.12439930657599792
0.02660037343271476
0.0072208852224497425
0.0009741360579895402
0.002783086480032633
0.010112641023407259
0.0033492804433310572
0.040673222652652004
0.06176097093937575
0.025111678314770798
0.009805805027892548
0.018546502897893485
0.00800240016809232
0.025301898729253664
0.041113276519910945
0.05578214086911337
0.068317095101615
0.14923408872291963
0.06302192591216085
0.024123415743829788
0.005810720310834355
0.000858076799771404
0.0
0.019012782316130745
0.10610318589892942
0.0822954052123138
0.03385975072169066
0.015464836592315874
0.006534098368027194
0.014849558680333759
0.020718069479528492
0.01725469516213424
0.029327402281167536
0.021418359521469595
0.008363608949279174
0.015818762169289364
0.006825441202552073
0.021580603126801247
0.03506651075133782
0.047577940949855534
0.058269307451590584
0.013847849782451498
0.010139678934343166
0.00742498495653887
0.005832629103904893
0.008739187322844127
0.0034894503235497177
0.048711095233462426
0.09842650930011054
0.10684536773967711
0.04396062584659968
0.02007823095927554
0.00848331861515189
0.019279406351774935
0.02689858257196088
0.022402031378033805
0.03807620940071546
0.0636111951493248
0.02547539844993911
0.0248064393962319
0.009678348877605977
0.013697605022146384
0.020469391061362648
0.015899699558610158
0.05064328619343623
0.017978872557862437
0.013164498330218417
0.009639970130729258
0.007572590473163067
0.0113462189152146
0.004530406066622275
0.0632423507703073
0.1277886238529572
0.06725933833047504
0.0628587483618687
0.015382534644067119
0.011530709172890174
0.002194345932878619
0.008375036519852122
0.02146259070064087
0.04536793945009868
0.06550052225779557
0.0262320476651846
0.025543219742929033
0.0099658071914574
0.014104439957863533
0.02107735598538801
0.016371939284999606
0.052147451195252235
0.06512046431168635
0.0112303489353512
0.0038737894267425704
0.0026840710844801877
0.008626846431634534
0.0039841437386803555
0.020383163997675136
0.02425219059863701
0.06925701957050316
0.06472572691817212
0.015839413965887804
0.01187318476023127
0.002259520580935741
0.00862378492796244
0.022100054818922948
0.04671542046593747
0.09811420232106596
0.07018407639413246
0.008726751876988367
0.026320332428919912
0.03294404867129692
0.051424040492471776
0.05613071552507955
0.04366381260753872
0.042312589913446885
0.007297017214312992
0.0025170284818652622
0.001743998607758235
0.005605368744929669
0.002588732158974428
0.013244138666520333
0.015758072460775215
0.070102175915
0.04561756827144235
0.04971994423318426
0.05140454159667398
0.030242263624676198
0.024242958723119636
0.04078787454376059
0.060051063200780436
0.06375055908118289
0.04560271604798779
0.005670283179801388
0.017101865661154805
0.02140568308673848
0.0334132190249136
0.036471422196767404
0.02837094324262711
0.15283914800036671
0.03559239998359082
0.0036885175312525486
0.00286616247095082
0.005140856419245726
0.010926181355457016
0.021587267031045795
0.05233737963753463
0.07768606275559072
0.05055262871996567
0.05509881337473779
0.056965656090955996
0.03351397241458527
0.026865642730249162
0.04520044264126386
0.0665475871963278
0.05359221995752521
0.03291352852780293
0.014705863089435727
0.008749292650816278
0.004774553091736329
0.01606683169698329
0.026278942002522662
0.03224056794910097
0.16937379600690686
0.03944290434151387
0.004087553641065637
0.0031762334717824483
0.005697011386454692
0.012108212040211093
0.023922649467099905
0.05799941165755884
0.034721950989517296
0.0070396296277635065
0.003841408520913696
0.002114289564612713
0.011649883047959648
0.001967153267678913
0.009663281333425434
0.011441960596076908
0.05720485771597663
0.035132221017452496
0.015697181536583813
0.009339080217278938
0.005096404487192763
0.01714989268779891
0.028050398721533566
0.03441389633928806
0.06103972277361695
0.026290013544473387
0.0017367518561048516
0.0
0.03746373843625765
0.047016629408595134
0.06361083550689528
0.10426877523046782
0.03706254877201719
0.007514169249725943
0.004100356880942234
0.002256813280172049
0.012435198666793096
0.0020997585633190322
0.010314680641820189
0.012213260215925862
0.06061857749501935
0.06431772282687324
0.046656997387008646
0.02039924884209396
0.025301523786262034
0.05350450703404008
0.07200688668706184
0.025687279582405128
0.05656619969476363
0.024363252134190543
0.001609467537672715
0.0
0.03471806904427342
0.04357084087627639
0.05894887886989308
0.09662705028149936
0.07327614911947043
0.01556085346552399
0.007966516015665665
0.005203412514413769
0.010652765692226734
0.01686234817371869
0.007888659064708143
0.033548267810111485
0.056175919614069106
0.05960395932384384
0.04323756582479655
0.018904214029684507
0.02344720752391947
0.04958323026272907
0.06672959421596664
0.02380469177198808
0.06754010151859283
0.029010002893970384
0.007695576759268766
0.007595356176844566
0.011683115994562527
0.006803598599002628
0.009691291006606838
0.03113177875558575
0.10347432396267198
0.021973709207918225
0.011249634007305775
0.007347815062579575
0.015042926539967619
0.02381156895750566
0.011139691065940373
0.04737400059206392
0.0630974053376488
0.020642096762919976
0.017985473163826406
0.010348134272216362
0.027863501455634442
0.01866666624309559
0.017302562845692267
0.07332562368538026
0.09537436708924499
0.04096545020009967
0.010867036712995057
0.010725513759918176
0.01649789930068277
0.00960746128180633
0.01368521404692251
0.04396164098685908
0.06330072906285976
0.015504542156571547
0.011201109617493227
0.02719271865507768
0.02236577059224028
0.05039461824801459
0.03494538792569808
0.04276531480061226
0.07062631924302559
0.023105154768599184
0.02013153730502679
0.01158289521999037
0.031188232519284705
0.020894011762180087
0.019367140704488302
0.08207498992050631
0.013272276781412547
0.016165188881477534
0.01201532939725111
0.026109177606143525
0.03164135532130719
0.04871836759815401
0.042843232158423845
0.026138144146677044
0.07085390397887309
0.017354576439509974
0.012537649361140586
0.03043741051699573
0.025034500951520378
0.05640780912414153
0.039115144442224574
0.04786816128926225
0.036285544712251386
0.044524016474288
0.01062312673814254
0.015727892014344307
0.009585400485175952
0.020494607874392955
0.03512924539156882
0.03214755344625837
0.013147759622787504
0.016013531150003937
0.011902604602467977
0.025864227876485492
0.0313445040934024
0.048261304141289686
0.04244128774281679
0.02589292266022989
0.017903753311898796
0.026096590403845845
0.011995844939823518
0.02695016434297411
0.027382296012192005
0.05973683353170764
0.014084777318850189
0.020240143086435007
0.03594512286895024
0.044106303363473646
0.010523463238131772
0.01558033689196091
0.009495472671557061
0.020302332624133876
0.03479967165732257
0.0318459531950128
0.08674490530155199
0.02011343852928664
0.00626179258798694
0.010151740964989034
0.018510839620491264
0.023940851721880083
0.08530633102362992
0.1271127964467854
0.017789859773081958
0.02593057867544629
0.011919534168138199
0.026778722660593647
0.02720810535286885
0.05935682162861037
0.01399517794243201
0.02011138675908206
0.031822387371367285
0.024604959583084972
0.015188683670943321
0.006472912835930465
0.022678945015600967
0.02536269303204308
0.046095116121029255
0.027710121815056353
0.08619308334182026
0.019985488224567406
0.0062219586098953795
0.010087161338387161
0.018393084142401227
0.02378855358207707
0.08476366045872079
0.1263041768258589
0.04804689049469803
0.022087850546536895
0.018088746826073455
0.008282259486342638
0.019887688097317238
0.025132993133983917
0.02088971980052958
0.0588205768816007
0.0366667769227078
0.02835062478803754
0.01750088921402394
0.0074582980913853614
0.02613140893626384
0.02922370960771451
0.05311227345428018
0.031928492455218165
0.023066887791420312
0.01788805605331484
0.026681336170170596
0.02615892277727472
0.04256741070363294
0.06429420272102741
0.054659995530059194
0.01950684343271319
0.055361170582192164
0.025450330901970283
0.020842435136709747
0.00954308542152153
0.022915233054728243
0.02895904200678894
0.02406980617026471
0.06777495810773825
0.03649545166347557
0.033876365005873876
0.03321738082642744
0.019925851991543574
0.02628510945204713
0.04383717530529226
0.031133477250485157
0.015116881171995595
0.02106851765505721
0.016338347339344785
0.024369832950366252
0.023892678169409674
0.03887963786224932
0.058724157215939134
0.04992459716558459
0.017816893157533722
0.03075655264380529
0.059453285952890185
0.02837869483331826
0.03364116565496508
0.041317419408162824
0.020513355244008914
0.0412364806008512
0.04650066031797525
0.03333371517882941
0.030941529723003406
0.030339635789820334
0.018199601449140426
0.02400793282401741
0.04003939804185086
0.028436268518163204
0.013807249627323067
0.024220798873051678
0.0383435530085578
0.03325728744687322
0.020338219001621
0.031181081618152192
0.020555873278715157
0.02663289589875063
0.03355257641124942
0.03233402563039711
0.008777331207301679
0.0011841089504326266
0.00338297467156283
0.012292398633761763
0.004071210502814428
0.049440246658502635
0.07507341287381997
0.030524445542312813
0.011919424811856715
0.022544160952161496
0.009727299986757513
0.030755667550262124
0.0499751531724543
0.0678058590847481
0.08304269523123216
0.02249136331067231
0.008725806691322042
0.005293623763303602
0.008045075646000545
0.027860728410170704
0.01571399144578099
0.0602576969921698
0.07510429477751428
0.018921097925393704
0.015233644284821412
0.0032946322531237967
0.006247265985598321
0.03452993305673514
0.06981794610051309
0.10740987618057099
0.0282025097814896
0.02726032582473401
0.010644825753320248
0.020133409864866073
0.008687114944196588
0.027466822197151648
0.04463107959597913
0.06055506590329309
0.07416255689982794
0.017624921117940888
0.012905327844147645
0.009450187301044525
0.00742350830500786
0.011122845035135059
0.004441215615688853
0.06199729377092473
0.12527283943584328
0.01689777767438686
0.01360464045535825
0.002942322033936187
0.005579217026075572
0.03083748808894932
0.06235199117623334
0.0959240428271788
0.02518668536183351
0.04055191138195018
0.03254045602148348
0.016198528663400023
0.015396461028371425
0.010579449936423325
0.015537428317779137
0.04350687369970293
0.0485852994359761
0.019108832206644503
0.013991877903755716
0.0102458355557236
0.008048522523067038
0.012059320890835069
0.0048151389402440944
0.06721708857628376
0.1358200500762931
0.07148654101365895
0.06680937702299661
0.01634931625886792
0.012255406233024194
0.002332259050157908
0.008901401746261748
0.022811499614255902
0.04821928292350135
0.04396613551181298
0.035280164369601914
0.017562346188792207
0.01669274934046701
0.011470175232042544
0.016845585217682677
0.04716988767212287
0.052675885946893396
0.028256733860270986
0.02260499415789727
0.02058951483048125
0.016306186617294542
0.024659795907910436
0.016175154077256296
0.04037407866739167
0.06889876704089419
0.06065136418214106
0.05668311543888384
0.013871259127730509
0.010397860857433402
0.0019787597918773814
0.007552221038935319
0.019353972804204502
0.040910711970749546
0.08592284584752322
0.061463227894674066
0.0076423936447278336
0.02304985223795765
0.028850526718998588
0.04503425395675621
0.0491560926275509
0.03823828712907105
0.02397387580453325
0.019178767269545698
0.017468773067065974
0.013834666622889463
0.02092212381603655
0.013723494614943908
0.03425460113263142
0.0584558177279738
0.026350491571065403
0.03798327705680613
0.04466687495234273
0.019664975527767574
0.02315096739719106
0.016026581064270826
0.03546910707802042
0.04411877957475242
0.06424600249964176
0.04595712181094042
0.005714350314626874
0.017234774405914154
0.021572039350209602
0.03367289297435045
0.03675486325751501
0.028591430675327576
0.15402695170045996
0.03586900964118722
0.0037171831894219466
0.0028884371200351994
0.005180809064600785
0.011011095193382038
0.021755034491083687
0.05274412446698434
0.019702719697455837
0.028400755220172855
0.03339819731916057
0.014703843366109456
0.01731037996470104
0.011983352703925075
0.026520866709168103
0.03298837689653168
0.07578099408899597
0.0210644716896408
0.00985323439042069
0.007272637318267875
0.013975320736829852
0.014718502655047342
0.08347583427496125
0.04791433265686538
0.1910709235404811
0.0444956205583571
0.0046111775707490124
0.003583115435453268
0.006426810124667371
0.013659298613421664
0.026987189488435273
0.0654292541790963
0.039169903486273944
0.007941420491661274
0.004333500760396978
0.002385134355293537
0.013142256745674362
0.0022191495996568313
0.010901167313589623
0.012907699005087285
0.09400656422493467
0.026130544136581568
0.012222968604220508
0.009021729727397189
0.01733642982919945
0.018258349362792206
0.10355203795272773
0.05943788207519114
0.029320602710361705
0.021800957549751584
0.03241788291641544
0.03310977358615511
0.026036458079049824
0.010428698986921376
0.03659914189592415
0.02105628247029118
0.04158826875972699
0.008431726921587812
0.004601052804662261
0.0025323934900877546
0.01395366485495603
0.002356160770243145
0.011574209678386993
0.013704625427053738
0.0680207318768809
0.07217158105859131
0.052354298642240595
0.022890207809509462
0.028391101155141103
0.060037959938372965
0.08079967123992664
0.028823961718085822
0.031130868273469357
0.0231469572580434
0.03441937577971541
0.035153984051996816
0.027643959258728628
0.011072570971086552
0.03885878733595694
0.022356305645789033
0.020302990103438737
0.022377147164257472
0.04401121948451456
0.05628572722944179
0.03339301647313901
0.03362097164395932
0.03772334110755371
0.016271082842363276
0.05872643230476099
0.06231011270264627
0.04520064824709392
0.019762507727794087
0.024511763311557445
0.05183442007678804
0.06975926739375861
0.02488547814592861
0.07060657354499196
0.030327122062582073
0.008044973196773508
0.007940202375223762
0.012213555652972575
0.007112497228314676
0.010131297345111857
0.03254523130510213
0.017528805424380876
0.019319551287599292
0.03799756089636829
0.04859488950878997
0.02883022083489365
0.029027028389565807
0.032568853300079276
0.014047814816176327
0.07491309612223299
0.005689530121297163
0.008455232483813153
0.009558062764847398
0.016777618155774745
0.039004705299447114
0.014348520659443741
0.06742635890887173
0.09025887326772053
0.03876822977505101
0.010284172984928711
0.010150240748458014
0.015613018965258848
0.009092156065871031
0.01295119472873648
0.04160371705283264
0.05990553496300221
0.014672941465231798
0.01060032757519786
0.025734211631483612
0.021166161464861437
0.04769165553220882
0.03307105919901401
0.040471556946016236
0.09576405296994875
0.007273127024692779
0.01080862190146225
0.012218408746708967
0.02144742103780632
0.049861090486486154
0.018342220033588656
0.08619349273168847
0.06031167439510803
0.054528622985694566
0.019466280535188937
0.005871194294697135
0.009059355270796337
0.004348979560586494
0.021297003967759343
0.04117331424736641
0.07593300718381589
0.01859862482448849
0.013436400332881057
0.03261929098688669
0.026829078340720056
0.060451356028651634
0.04191908105463117
0.05129955063785066
0.03888664382029834
0.047715683581846566
0.011384636747221245
0.01685533287858899
0.010272521950486238
0.021963746802431607
0.03764745614405949
0.03445202409036921
0.07644780750126183
0.06911752517448562
0.024674401466134564
0.007442007467793324
0.011483147413389592
0.005512530627098717
0.026994927201240727
0.052189060133719906
0.056862161429142875
0.04253856390226092
0.01536853863302613
0.0
0.001132733922823896
0.0038640863308792655
0.024485810125752187
0.04162215242579765
0.03194401419924027
0.039196760741520544
0.009352079844869417
0.013846064867277538
0.008438516539631322
0.01804244776092406
0.030926064979754406
0.028301129606892322
0.07708919223247752
0.01787457976754004
0.005564782517856893
0.009021734567855422
0.01645036868652944
0.02127595752374675
0.07581074794037859
0.11296366935244907
0.04671027153914196
0.034943938478943976
0.012624715534301228
0.0
0.0009305011942367737
0.0031742114128210327
0.020114234335868383
0.0341911385882728
0.07524924145291967
0.054061391343564386
0.01629645260760803
0.01081714808817981
0.01734595481864734
0.02836389694076067
0.06803687666150815
0.06104182482313754
0.06741569040282762
0.015631596346931887
0.004866488343159164
0.007889646355209735
0.01438610173834736
0.018606153779885372
0.06629767110469449
0.09878847526208334
0.03757974733962822
0.01727595343357178
0.014148065117540853
0.006477947182291458
0.015555102238072743
0.019657703592034767
0.01633883866399551
0.046006357431718825
0.06580662500054603
0.047277522516682755
0.014251499747794764
0.009459763235747577
0.015169305656606732
0.02480466637929612
0.05949930048761377
0.05338201951176448
0.0853388010641709
0.04424279456540024
0.02973671818604202
0.007504175353295496
0.01577753951673981
0.010727453257332382
0.004948160875472228
0.04515203668786792
0.03902633107019552
0.017940968898981516
0.014692676570967506
0.00672730737401088
0.016153875764183673
0.02041440144685417
0.01696778110935293
0.04777731261036657
0.025727121811135616
0.023880821562672763
0.023416276928109523
0.014046539993643716
0.018529438104437156
0.030902600119457075
0.021947248906883973
0.010656501717051382
0.08862380774848594
0.04594586367426702
0.030881394661368706
0.007793038870106697
0.016384875477969938
0.011140392684844555
0.00513863392346794
0.04689010589531496
0.05587694591195904
0.03902914242973754
0.1078869042323709
0.03205975649555442
0.0269482178875604
0.03981693820962293
0.07561323008807361
0.02116346513027209
0.025902133196479066
0.024043273301172875
0.023575568554077594
0.014142093022918283
0.018655486507989615
0.031112818226920618
0.02209654731903705
0.010728993663181509
0.018820895155826016
0.02979505320441145
0.025842744638005653
0.015803916687142237
0.02422941832168213
0.015973046051985938
0.02069522743794037
0.026072200432107482
0.05625705456867556
0.03929464217493014
0.10862081596601657
0.03227784627797354
0.02713153590423018
0.04008779701642442
0.07612759684254979
0.021307431772880112
0.04348191665035495
0.04664344432967603
0.0698506231942525
0.01588144138394358
0.02122025842023855
0.01117742590999278
0.01667775620488605
0.026472914408865945
0.023845994410433547
0.009251352828801433
0.005612453141547806
0.008529622070308796
0.029538750709001752
0.016660428583441574
0.06388695455286421
0.07962774727018647
0.02006069570509806
0.01615115061940306
0.0034930644802285095
0.006623532229474982
0.03660963452014674
0.074023007385719
0.1138790597816675
0.029901117211978183
0.007833774633457332
0.014669932947283134
0.01996171375389153
0.00822348071209965
0.021562593050818438
0.06057385967595457
0.07305716376864628
0.03190264275006118
0.022128674205208206
0.0179111199437747
0.010976974238970896
0.016167694853397415
0.03327665834094641
0.07958005789061633
0.029266376124948375
0.015212613776694354
0.019546906545077028
0.015737491679947268
0.003403601049269841
0.006453892097817468
0.035671998376052144
0.07212714996651325
0.11096241983411383
0.02913529781459166
0.0469093887540444
0.03764194706800143
0.018738033607293317
0.017810222778742824
0.012238030538124679
0.01797329004622984
0.050327611752497545
0.056202201605429054
0.02156192053427826
0.017452385141840127
0.010695834917746852
0.015753612187456155
0.03242438548916507
0.07754187478375359
0.028516813546105437
0.014822992391227358
0.07939263833788841
0.022235797790110593
0.018789705828092598
0.009969221072727043
0.010394105475503805
0.012890555297702538
0.042617773399194064
0.034060799119874086
0.04692545808596989
0.03765484173488632
0.018744452528743037
0.017816323868292277
0.012242222811357282
0.01797944699628221
0.0503448520346617
0.056221454293569506
0.030158670189475458
0.024126516773460713
0.021975377274825725
0.017403741942392643
0.02631962545296504
0.01726388971535734
0.04309162300055456
0.07353628348991012
0.07941983516760157
0.022243414909514786
0.01879614245043524
0.009972636140087997
0.010397666091734176
0.012894971100536138
0.04263237259063243
0.03407246702476994
0.04636838012871235
0.027240367942965558
0.017392363475630765
0.012382019539562023
0.006760517655340348
0.03565511511099233
0.06985028281116075
0.04211656645937323
0.027912899066848077
0.022329931104430406
0.02033897661847756
0.01610776898223461
0.024359729528201604
0.015978330877935418
0.039882797082375895
0.06806039012692584
0.03068000425053923
0.04422411241966462
0.05200585764027824
0.022896025721248645
0.026954782844728502
0.018659825523458354
0.041296852204131373
0.051367707552306595
0.042915549866573977
0.025211908753229626
0.016097237815168412
0.011459990095058855
0.006257094419866451
0.03300005016989406
0.0646488681911155
0.0389803483123382
0.019118745890178004
0.02390300227060273
0.05075917113739143
0.019224537722205556
0.019133659925522736
0.03140498537987104
0.04819060709508194
0.026638157740361306
0.025221952466722066
0.036356528904723
0.042753881605839684
0.018822763768294764
0.02215945754468429
0.015340194497584593
0.03395003582176952
0.042229260062308684
0.09700917742033398
0.026965165817251956
0.012613375881846012
0.009309887952816344
0.017890163426373732
0.018841529496806602
0.10685953799946254
0.061336355554112515
0.015717471748946454
0.01965059659567992
0.041728983843116504
0.015804442941550492
0.015729732538986768
0.02581795758568994
0.03961737396021622
0.021899160861968546
0.032103474182624867
0.020639552875050413
0.01151931885442777
0.008691491010648155
0.008236467535169465
0.004521882825317
0.05031296894924
0.08034977846312855
0.09106711178558917
0.025313478941858425
0.01184077364607109
0.008739632985824333
0.016794344163468186
0.01768743657584614
0.10031411203692657
0.05757934348380724
0.02840378889134126
0.0211192724102293
0.031404221521567875
0.03207447774765253
0.025222334822409414
0.0101026083045414
0.03545473844058128
0.02039788226833562
0.030137052491716814
0.019375326323330073
0.010813730470722791
0.008159114472444044
0.0077319623739684675
0.0042449056850590635
0.04723116811631596
0.07542814455114943
0.04551568970123208
0.021909990131653203
0.033206762718881004
0.021228001784599423
0.042033781650249076
0.02363139923988454
0.01583003862134109
0.06000730135099335
0.028089586894846967
0.02088565155136481
0.031056828814976057
0.031719670683588747
0.02494332599060302
0.009990853506221012
0.035062539017968
0.020172241409030386
0.01831952131003648
0.020191046848020946
0.03971161238416303
0.05078698133512937
0.03013073807204672
0.030336423519771408
0.03403801842904693
0.014681504908853654
0.04501219628946751
0.021667622373292825
0.03283943034701687
0.020993178164137337
0.0415688050175457
0.023369989297375465
0.01565492713327749
0.059343502096575414
0.1014096447566862
0.015297847078281952
0.004266523386896415
0.004462744754135734
0.00402490000040653
0.01047899978381225
0.01742490023266344
0.14206817312202624
0.019987511865918888
0.022029439614180572
0.04332735066108829
0.05541113083091132
0.032874138715294224
0.033098551802157566
0.03713717655221782
0.01601825444066008
0.0854209035587341
0.006487581330143414
0.009641219438961702
0.01089874000551481
0.019130958091643505
0.04447576381417358
0.016361139278784805
0.07688402695669606
0.1106429826188973
0.016690714502057273
0.004654989908229361
0.004869077211039727
0.004391366736923885
0.011433111650529898
0.019011435630253367
0.1550034658651386
0.019419432882074046
0.011973668537825076
0.029588901022512895
0.007953010930966592
0.007880729512763794
0.020598104627203632
0.021536509650341266
0.025168533756203308
0.11414502832127821
0.00866913277446945
0.01288323138791498
0.014563613059189372
0.025564044188344993
0.05943144018242176
0.02186283015680319
0.10273749244986381
0.07188791167906854
0.06499485999172973
0.023202643101335286
0.006998112739215765
0.010798210099587877
0.005183723743058189
0.025384756029708855
0.04907613008318816
0.025949523172432633
0.01600000324768159
0.03953863521108702
0.010627336168721628
0.010530748984740514
0.027524541863692433
0.02877850036190973
0.03363184980163008
0.018239460157159104
0.007390230414823563
0.006933310014859803
0.014430275132594882
0.0041818805204045925
0.03544256875566194
0.06330414691113657
0.040113725065611186
0.06663629902568395
0.06024680400894743
0.02150762524288193
0.006486881065451924
0.01000937070408472
0.004805038251090825
0.0235303287295552
0.045490981764029784
0.04956432520548788
0.03707905506992384
0.013396100809316235
0.0
0.0009873559342638216
0.0033681595407596045
0.021343238200766074
0.03628025820220246
0.01690701666958273
0.006850353450095773
0.006426812361034126
0.01337610324599908
0.0038763824729172325
0.03285339015527867
0.05867960223922563
0.037183305455295926
0.12252298234985598
0.06380109763960003
0.06233835356743123
0.039232572542749415
0.04461747880018423
0.0009515422511283668
0.026029214474959757
0.06362187395573726
0.04293649941661675
0.032120780819229436
0.011604751445712415
0.0
0.0008553250209652353
0.0029177635236096095
0.018489184120970108
0.03142880042601878
0.06916977583906139
0.049693714495736396
0.01497984500674855
0.00994321928076124
0.01594455682680866
0.026072347779640404
0.06254010560904849
0.056110191389309394
0.10613900095232726
0.05526950644894249
0.054002362999678276
0.03398632627621493
0.03865115371858039
0.000824300404395209
0.022548543685113224
0.05511424886063247
0.03877434849773732
0.030571355743675473
0.035070399625719305
0.02747935994590591
0.013047624750557383
0.013261483567881802
0.013642669422182065
0.016810370405193047
0.07134041067876422
0.05125316595687264
0.015449931443643357
0.010255250047491539
0.016444917137826864
0.026890530949338878
0.06450269303205174
0.057870999991254425
0.09251507906234055
0.04796324281705165
0.0322373269805785
0.008135213612688983
0.017104298368368073
0.011629542176171305
0.005364259737645764
0.04894894458222707
0.03999113647651862
0.031530723459837665
0.03617095301549765
0.02834169693265719
0.013457075677864494
0.013677645654709542
0.014070793602072983
0.017337901038727573
0.05005370949547958
0.03377146177658401
0.030890321700214784
0.007380993167878584
0.015326573114932292
0.02592854837765008
0.03148346824060587
0.0326811053729714
0.0756191738369333
0.03920377989323973
0.026349867045346847
0.006649490424841786
0.013980563220454514
0.009505654433600576
0.004384592152098354
0.04000946426261638
0.047677577772159495
0.03330201647932662
0.09205560868056482
0.027355316378273067
0.022993843582282767
0.03397421131659001
0.06451776487226997
0.018057943901708087
0.040912467436487014
0.027603824854216648
0.02524886353881086
0.006033012251710084
0.012527501553790617
0.021193252245805864
0.025733684519381878
0.026712598783130054
0.054711268629257515
0.0753653024980165
0.044220041772671616
0.01337012541753018
0.012910698972543783
0.005493237065490005
0.00870873265933921
0.04361844899280663
0.04946278466996493
0.034548954606381375
0.09550247648042577
0.028379590298469145
0.02385480947208349
0.0352463186513987
0.06693352431859448
0.018734093310295224
0.03823052409699778
0.041010228154192856
0.061414632540039676
0.013963409948235491
0.018657448046803787
0.009827507237790955
0.01466355233606165
0.023275730928885983
0.05675984027883637
0.07818722978881977
0.04587578703664169
0.0138707473290283
0.013394118431716336
0.0056989221098825
0.009034816540716133
0.045251668624593434
0.03222704884416954
0.028278617083498343
0.015687530473425765
0.022466292513993964
0.028194966626517798
0.012129353783768658
0.0072652927108145995
0.011972109528372833
0.008107735975022356
0.015182967173943403
0.020659811176377572
0.008511070783761773
0.02231667613288634
0.06269223767852318
0.07561210561130695
0.033018336169418475
0.02290255417444069
0.018537504372523952
0.011360858985410933
0.016733108537004476
0.03444040358362301
0.08236311720003553
0.030289874507413182
0.01574462653861043
0.16331438994495465
0.0421984458204495
0.008333027958876237
0.008002911571655877
0.023543187819672254
0.02599446124811696
0.014227553501732503
0.04412509953536937
0.022735248659279093
0.026399459529585192
0.012745898278126392
0.013448534554549139
0.022471363083258727
0.02974376095835195
0.045034184499251624
0.019209376972312366
0.02696299327999824
0.021824055169449578
0.01337504813417272
0.01969975442914769
0.040546410820064466
0.09696543707175836
0.03566002623876848
0.01853602250313212
0.09927980072937738
0.027805670901950578
0.023496363005818064
0.012466423868107148
0.01299773810232081
0.016119526797942228
0.053293153360071094
0.042592731770833225
0.026766025839308014
0.03107987189857501
0.015005643781172535
0.015832851832081215
0.026455355467840624
0.03501709113898442
0.05301838409702948
0.022615045390676828
0.06433775442962376
0.010160414110654927
0.0046074063189963
0.030253911126134996
0.033135935798446044
0.010461188451079814
0.03514578252613595
0.02448605509365932
0.08425481174069274
0.02359756516386993
0.01994042722791627
0.010579757295748083
0.011030662519670194
0.013680000218894392
0.045227776148144334
0.03614675463194679
0.049191226980275275
0.02889872621793149
0.018451188009551048
0.0131358208320855
0.007172089203135176
0.03782575228127497
0.07410267744661986
0.04468056840851322
0.0546008890777602
0.008622738682103292
0.003910122191704221
0.02567528910841056
0.028121148632841958
0.008877993882483958
0.029826825481758634
0.02078033947521839
0.020873133018289136
0.014789350110975583
0.017934405872175648
0.012480341159409377
0.016384630316075954
0.08235897071785256
0.09348613734476577
0.04336177323223213
0.047347725438264224
0.027815711021618658
0.017759707116806037
0.012643539841224252
0.006903306366904598
0.036408185838254156
0.07132558875568785
0.04300610932677385
0.021093266518697334
0.026371625021172174
0.05600140988427554
0.021209984180058417
0.021109720826119106
0.03464838805006188
0.05316757307165225
0.029389258271025117
0.020090886766914933
0.014235101083077637
0.017262292023629746
0.012012625072932803
0.015770596206597882
0.07927246731394916
0.08998262972905131
0.041736737616633296
0.014423202053860126
0.023842823668942408
0.018317389375658105
0.018481538216694106
0.01842096428832381
0.041910722575553054
0.0388937127069187
0.009145108426804247
0.02161727104747771
0.02702675593369077
0.057392611781403924
0.021736888239980053
0.021634134117174367
0.03550913250787635
0.054488376042074675
0.030119354030155757
0.04415401624743006
0.028386932448510337
0.015843275683010354
0.01195397834874373
0.011328154681966818
0.006219242397325395
0.06919873019984622
0.11051032681249544
0.014781507069777778
0.024435133426673063
0.01877243482723718
0.018940661497376637
0.01887858277539062
0.04295187987637135
0.039859920647326734
0.009372293639089185
0.053602072492106065
0.024976744014257302
0.011570022816850755
0.02199574570294412
0.006515214143403275
0.036186410253670025
0.026765736927201644
0.06327635345795371
0.03661231790921558
0.023538320714659337
0.013137175172903585
0.009912186767598046
0.009393256509595051
0.005156968700862008
0.05737928560775643
0.09163468153921081
0.05529521845763579
0.026617583929561178
0.04034158794174434
0.02578906315170554
0.05106518552630367
0.028708856045163975
0.019231290341980095
0.07290050659534533
0.04444660498552115
0.020710607321940067
0.00959381251330842
0.018238776509335666
0.0054023871832674375
0.03000561373118075
0.022194032451355428
0.052468476615042565
0.008188834298461636
0.006038003961581329
0.024528194192327595
0.02301761172425963
0.0520615520577238
0.04604221693434036
0.058711603284701284
0.011638099501640967
0.04233591715884901
0.020379335856570802
0.030886904379745058
0.019744991911577532
0.039097258758443505
0.021980485567383544
0.014724135964841494
0.0558151300265362
0.09538015634513629
0.014388286731221547
0.0040128497508175095
0.004197404432282448
0.0037855925068409502
0.009855952460130896
0.01638887220715031
0.13362126054734388
0.006269652605727966
0.004622903076477669
0.018779627359246744
0.017623073573701405
0.039860111173365596
0.03525150160018611
0.04495161864363843
0.008910528435029179
0.07483711530879912
0.029790004648846263
0.019569537395149845
0.005800564066800896
0.013368641814582426
0.029014859436336637
0.05918199711163985
0.06557366190547294
0.10312390224100765
0.015556446237275857
0.004338645911983333
0.004538184261036177
0.004092938055030397
0.010656139777258667
0.017719455703290195
0.14446973393650933
0.018099726261037882
0.01115996147730393
0.027578097266001574
0.007412539885982675
0.007345170571380399
0.01919829778308054
0.02007293063893766
0.023458129500758016
0.0809130081017859
0.03220860234334727
0.021158353462293146
0.00627150158574866
0.014454018156496192
0.031370524464462514
0.0639868785964677
0.07089747132994403
0.041798236367837284
0.009965781964279965
0.013757774108249677
0.018043384104496216
0.026853839001760943
0.04846589190015443
0.0400861808147595
0.040948181490807485
0.026553640390849113
0.016372490918935313
0.04045911340889379
0.010874745599822289
0.010775909820345464
0.028165326264946732
0.029448477512291595
0.034414815230988945
0.01866408344839811
0.007562278487229109
0.007094720763441338
0.014766218788135683
0.004279236684174906
0.036267688581869455
0.0647778975034716
0.041047591628242466
0.06132111179341219
0.01462054103341592
0.02018367465785355
0.0264709822698325
0.039396572836656235
0.07110305681853284
0.05880939936031063
0.060074018263289244
0.038633835145974654
0.019191016891306593
0.0334797964119927
0.03545801991593768
0.025879635707393107
0.009939384130798142
0.04697923359697365
0.04693537947911688
0.015324885967265896
0.006209308685846064
0.005825401872528801
0.012124389591458909
0.003513637001957892
0.029779024153536105
0.05318846195606474
0.03370375312952771
0.11105748397698931
0.05783069627371456
0.05650483337647083
0.03556125318677884
0.04044224880844116
0.0008624984984969324
0.02359344356499709
0.0576682440462455
0.031721842635729636
0.015757545569717705
0.02748991471451559
0.02911421358242083
0.02124950133161891
0.00816112555489067
0.03857416302781049
0.03853815486500902
0.04706555845433642
0.010100491149502561
0.04627130348630576
0.02765406859179812
0.023369176559150415
0.009191003170391373
0.03763333650529395
0.044918949137732735
0.11541752977793691
0.0601010924273527
0.05872317700063732
0.03695736524587767
0.042029985634305655
0.0008963596379900109
0.024519707071621946
0.059932262429319545
0.04216394993549799
0.03324386257868013
0.038136206830735694
0.02988156866352811
0.014188230571862978
0.014420784639598195
0.014835293249014912
0.018279910394963784
0.04891332218136812
0.01049702997288363
0.04808788527120952
0.028739749640251992
0.024286635486541912
0.009551836077319681
0.039110797230404136
0.04668243835572663
0.026302266814883846
0.015525583271176454
0.012882959608160128
0.014717905776987093
0.010608302711671628
0.00971479219924205
0.015703434562128183
0.03494768373958811
0.0480837191274701
0.03791126195223222
0.04349048560776269
0.03407690590903667
0.0161802415280566
0.016445445914553523
0.016918151047293745
0.020846388406479788
0.06018254845250004
0.040605434745342374
0.03714126887247754
0.008874606566243438
0.01842804935733084
0.031175434044140988
0.03785444419487284
0.03929443446679487
0.029995074272628514
0.017705356980155514
0.014691712049676531
0.016784282511667834
0.01209769598881328
0.011078737646845067
0.017908178384071972
0.039854297608755605
0.03547867948984514
0.03767965059151956
0.03705735497631387
0.016059798572438236
0.027840688733431686
0.03809285557288543
0.07339603126834196
0.0667706813705755
0.04360808727122068
0.029422571619051954
0.026912447810900082
0.00643051229284418
0.013352907201115087
0.022589622464859405
0.027429212429521066
0.028472624898124764
0.05831605685498405
0.0803309331967696
0.04713358938209442
0.014251049437190478
0.013761352536391824
0.005855172673837672
0.009282529205058464
0.04649235916329095
0.025707740719586696
0.02730255752863236
0.02685164406294877
0.011636880054321116
0.020173276393182473
0.027601964571897206
0.05318253578838169
0.048381827875984024
0.03428594804003523
0.06265103004073368
0.04074158081027016
0.03754577555169496
0.02155812653392444
0.010765373413651842
0.027017519900485967
0.050955115071505214
0.06443114592062456
0.0887545276185567
0.05207607199492907
0.01574543093839477
0.015204383855072657
0.0064691528420143165
0.010255905937036363
0.05136760163488432
0.036582655561911516
0.03210057841582252
0.017807759149815944
0.02550269634575258
0.03200562228533372
0.013768681513648892
0.008247224314002988
0.013590185106421227
0.037881212145187415
0.06922068940069197
0.045013790022723106
0.04148286893419344
0.023818736577760576
0.011894242901742635
0.02985060823728881
0.05629832728125846
0.0729864848702354
0.0014328514733913111
0.0014798829335980093
0.009181146642150768
0.01602079519825764
0.020466009784927665
0.04645517305145757
0.03260747401926697
0.14666993248885535
0.03789772108695408
0.007483753566161974
0.0071872815391507945
0.02114374470766254
0.023345192530985943
0.012777528742470443
0.03962801668669849
0.020418148009478696
0.02370891473954986
0.011446878873274504
0.012077904805905915
0.02018115677047805
0.02671237613045932
0.04044445074571917
0.01725162139497719
0.025726957474268244
0.06663635229199617
0.04991300018596191
0.027932657582284675
0.061845918881280694
0.004361587162945339
0.004356016106247615
0.0093123855504524
0.054197098779507326
0.024076233442147973
0.020842571121831542
0.018180984906467655
0.008321717692715894
0.0342185859246464
0.04544507311615806
0.07625814045053791
0.02546483335252027
0.02956896788736537
0.014276165633587376
0.015063160135151273
0.02516926578173191
0.03331478478342924
0.05044097034637216
0.02151564694701631
0.061210065501008964
0.009666479950133389
0.0043834237777760025
0.028783160029591606
0.03152507914895797
0.009952632571430866
0.03343722002082282
0.02329570015975091
0.06759281439088119
0.030027075524972004
0.025994159705821553
0.02267471812884099
0.01037856881796304
0.042676279343528155
0.056677579820600496
0.09510660993565853
0.02047064136143908
0.015527710373262985
0.03223379964157923
0.0225985935665702
0.0319307965349741
0.017115659300736857
0.06630580952063053
0.02562150763963593
0.0469624783885386
0.007416457604409819
0.003363114264731811
0.02208343545754354
0.024187130598733037
0.007636003788252487
0.0256541911815928
0.01787326653457255
0.017953078692115435
0.012720388746382531
0.015425465819500508
0.010734399418764822
0.014092496662958656
0.07083733337988524
0.08040786109597928
0.03729566262936295
0.015705783757415857
0.01191339621774836
0.02473088546234598
0.017338422256122674
0.024498411003625317
0.013131725533003962
0.0508721093689377
0.019657706440264225
0.01365071482658622
0.009281226534426446
0.005302605122720315
0.007605216912866056
0.02635273746322382
0.13454645403526597
0.17150689195194113
0.03926285650102699
0.015865595000090906
0.011241333007828477
0.013631878831312753
0.009486263424118391
0.012453899881407429
0.06260076400073152
0.07105848422157465
0.03295913133814573
0.01138987467531094
0.01882846627820146
0.014465079847632093
0.014594706730796865
0.014546872037075418
0.033096525716320914
0.030714019794986693
0.007221810974044648
0.012063485968869978
0.008202057364343695
0.004686047823064202
0.006720924778231272
0.023288588375588892
0.11890214402944539
0.15156502871169797
0.034697590896516035
0.005115412065040145
0.003755964477868575
0.005058303853979112
0.006471840554154217
0.04020376030166611
0.16655744597484415
0.032683089508952996
0.005873527944847246
0.015382269435731271
0.025428246544334215
0.019535399815061544
0.019710463694146772
0.019645861916851196
0.044697566081091135
0.04147994086054079
0.009753210231318284
0.05578061272743895
0.025991869722142617
0.012040261355368847
0.02288971518569259
0.006780010922581993
0.03765712858683694
0.027853572380445196
0.06584808390687615
0.0069084734382373605
0.005072510386338636
0.006831347577367479
0.008740359133615736
0.0542960384481054
0.2249393942907774
0.04413921163756022
0.00793232515382974
0.01973300625624123
0.007016927902626517
0.012771938762045429
0.013598462583008451
0.015710313182496265
0.02795989307314691
0.06869705276806375
0.02517842182225927
0.05649606364183509
0.026325245532308732
0.012194691641718674
0.023183302273735017
0.006866972409324339
0.038140124842411104
0.028210826681794702
0.06669266179046103
0.010408824337180274
0.0076749046680680095
0.03117777883283657
0.029257677999938104
0.06617542013172925
0.05852424541719292
0.0746282978591321
0.014793184098738376
0.019986104898932686
0.007106928123827323
0.012935753657922721
0.013772878603444335
0.015911816130963118
0.028318511060427667
0.06957817197446955
0.0255013642216877
0.03831326620592047
0.04346071524118783
0.035350599073405514
0.03119113957383354
0.028487535080048122
0.03161597121500438
0.02997449772343878
0.017744413425589085
0.007845538482495725
0.005784876175470689
0.02349991273827408
0.022052657554903595
0.04987900539202004
0.04411201541172276
0.056250270325494275
0.011150202113674665
0.09364752802057065
0.03727776362803964
0.024488367757093708
0.0072585438888099875
0.016728868473380093
0.03630778459144827
0.07405747415512666
0.08205569275840575
0.028878208976488566
0.03275804287363892
0.026645130749205506
0.02350998325193161
0.021472170679605312
0.023830195495064783
0.022592952649100564
0.01337465921895708
0.023444440657864118
0.03755612305714153
0.02947489694108928
0.029417162004224
0.018395249608409065
0.013381327423617962
0.031377850891776644
0.031495019913927114
0.07964877135597442
0.03170535447790559
0.020827761774313277
0.006173511621685721
0.014228179304292337
0.030880371265443386
0.0629871065564804
0.0697897237558126
0.04114515390846489
0.009810070193631929
0.013542813819709384
0.01776146269607448
0.026434257393950444
0.047708629713317637
0.0394598486096645
0.04030838083416013
0.01993988451159921
0.031942103775959095
0.02506888731420702
0.025019782795563193
0.015645464018809063
0.011381040278704015
0.026687381120962417
0.026787035312082288
0.018654968722061863
0.006959822466411604
0.01140780036454174
0.0248045009420398
0.02858981267859037
0.031258848011226845
0.08065306966542729
0.06278812917759775
0.045877752330068786
0.010938444213510229
0.015100535524914773
0.01980442188654977
0.02947477888761639
0.05319617233329263
0.0439985998235324
0.04494473193245821
0.02890413217488576
0.014357872748095173
0.025048107624420776
0.026528127234522803
0.019362002459709784
0.0074362090009457635
0.03514779136554975
0.03511498164800149
0.02080070077414046
0.007760355255581861
0.012719948524670396
0.027657564568150557
0.03187827047990659
0.03485430362887257
0.0899299480809333
0.07001014617873545
0.029971806347188903
0.03437868257900973
0.04175000601639697
0.03214302165253608
0.025288026068118488
0.016151183687291088
0.04664522500637504
0.022826070169323854
0.03214951371586534
0.01596998740708116
0.02786053131626221
0.02950672883801544
0.021535985231409854
0.008271153128675173
0.03909421648614437
0.03905772286447294
0.04770009215568845
0.0102366650789118
0.046895129112342566
0.02802689830161706
0.023684237733108723
0.009314915463209589
0.038140705823563034
0.04552454244190785
0.03333706728913468
0.03823875148438434
0.04643773364100041
0.03575206857050879
0.028127388015148004
0.017964652885624217
0.05188259215148036
0.02538900152918645
0.03874573054281945
0.08526752690065387
0.01993297655450841
0.021400015490361517
0.018136644366305674
0.012982216554029069
0.023631327695055115
0.039805192477411024
0.055527921221801425
0.011916554169759468
0.054590859626375526
0.032626255645462926
0.027570942268832534
0.01084354072819457
0.04439979070485182
0.052995352673995896
0.0298591495019736
0.01762512392038653
0.014625135532054682
0.016708223365080304
0.012042874435854738
0.011028533574666205
0.01782702622496819
0.039673695080058885
0.04510410307469922
0.09926036413228824
0.023204079946473697
0.024911867474294063
0.021112960459552278
0.015112664682986882
0.027509349422946746
0.04633742813095874
0.04402291264337597
0.02575301725371416
0.023032926030100702
0.013145011706283325
0.017036044414645436
0.027799545727348725
0.06506884124713541
0.03172780165976219
0.026599906810777996
0.01570127286377356
0.013028744915254171
0.01488445558221354
0.010728347694781568
0.009824726096979666
0.015881136743901774
0.03534315643849918
0.031462818182134845
0.03341465953000507
0.03286280207425167
0.014241976584020218
0.024689377966733185
0.03378109349506817
0.0650882733036073
0.059212852283889915
0.039217639932290146
0.02294197492128422
0.020518792269676855
0.011710182381136178
0.015176493684921978
0.024765116825600182
0.05796632329881691
0.028264588293271338
0.08900947262635818
0.04698864347375579
0.024172804891570924
0.010831434746516098
0.023015012426055335
0.0168886770857228
0.09395313056579958
0.03783401996989955
0.023154229239270185
0.0245906352772053
0.024184510372438503
0.010481006143116799
0.01816949498634955
0.024860302666153425
0.047899993959083224
0.04357613319174074
0.030880376041751402
0.056427996822541175
0.036694780453130876
0.03381640975660609
0.019416790031469743
0.009696064955102238
0.024333910010838698
0.04589381961442122
0.06550416818120519
0.034580049896847966
0.017789336688643933
0.007971108044397471
0.016937289932919118
0.012428775404896095
0.0691423225432121
0.027842946755596065
0.08749743056411459
0.037507014113272674
0.018211743410214684
0.01236442896077338
0.012956413985787518
0.006343789145258322
0.039896549180032506
0.0589501119361506
0.0343380829776186
0.06274629669449205
0.040803532131263566
0.037602867356845614
0.021590907648215002
0.010781743154115984
0.027058602524540135
0.051032597010773874
0.06615986743278615
0.0012988331154594444
0.0013414655997882581
0.00832240990651377
0.014522328186773573
0.018551770189457428
0.04211009882330917
0.02955761141625402
0.09729460635378281
0.04170671241577354
0.02025093073806957
0.013748886576117841
0.014407156763079274
0.007054109631562695
0.04436380614058412
0.0655508155880811
0.06025683409245399
0.07128940708526155
0.010923807962720952
0.007808362140468346
0.021597085081714783
0.007355599363307732
0.035232399363362615
0.013340391215586027
0.021349252560379554
0.05529749548531554
0.04141979276337578
0.02317963023817523
0.05132220330934267
0.0036194185029054973
0.0036147954184779325
0.007727787914878275
0.044974908169410376
0.019979416103640662
0.01729599449653972
0.015087304394732623
0.0069056923243125895
0.028395943589326574
0.03771212917626084
0.06328203799037597
0.025843590447584705
0.019117617218643152
0.03616847677475562
0.02132980834798825
0.02886749294987426
0.023426378687339655
0.011235248960940693
0.01132899381857055
0.12605989746363522
0.09982514667069224
0.09264689262163713
0.008819119874605676
0.00874577778722045
0.007380206626507196
0.01368848588401404
0.02435298333923773
0.046365369147426685
0.020597107158195342
0.01783072389126877
0.01555374910531011
0.007119191275038058
0.029273843136029053
0.038878051379369775
0.06523848899864752
0.014041860099492312
0.010651250875681716
0.022110812116260026
0.01550153137384445
0.021902966785108093
0.011740506277651176
0.045482546669306026
0.017575102775800336
0.12995721210974137
0.10291137800989837
0.0955111983905252
0.009091775062691812
0.00901616550407193
0.007608375837774985
0.01411168420157712
0.02510588922409115
0.04358252715233076
0.02795959371131008
0.04292963474060088
0.03641235633982519
0.013072341403614128
0.016616457155516393
0.009759235446891171
0.016490992079735745
0.015991217265066377
0.012129907696766829
0.025180339210968208
0.017653526981753077
0.024943639811855094
0.013370378664759925
0.05179664805118592
0.020014961333638108
0.013898799957202492
0.009449901532499659
0.005398973518162473
0.007743432475579215
0.02683166639835382
0.13699167210972799
0.17462382100891777
0.0399764111395324
0.04963285887450009
0.03184107621872037
0.048889328862613476
0.04146729117349732
0.014887105416744203
0.01892323201248363
0.011114058484161679
0.0187803492838586
0.022307140066478753
0.0042905375371181855
0.009363541616060915
0.005745248811146876
0.019711266039819347
0.05964208365395361
0.028988396178271092
0.01842109458711405
0.01035903080439393
0.007043185122102925
0.0040239540938043095
0.005771322401449596
0.01999813362374011
0.10210240853165982
0.13015034007126236
0.029795153230400547
0.00439265327581618
0.0032252826278285607
0.004343613908663794
0.005557431395420228
0.03452335357227105
0.14302447219708658
0.028065281617575637
0.005043654634170444
0.016625921073627325
0.0031978164051050684
0.0069788194907240645
0.004282039427636826
0.014691168498635708
0.04445234003741291
0.021605583928493877
0.013729580026056966
0.03883638512806691
0.004371426414482425
0.005497923334745073
0.006936560004050813
0.02266298296021864
0.09165208096199934
0.1324028961498049
0.03465713497087947
0.00467144590007756
0.003429984649895142
0.004619294105651253
0.005910150079458386
0.0367144794673438
0.15210193983081777
0.02984652703384282
0.005363764969094883
0.013343276484456214
0.004744781806706609
0.00863626696974338
0.009195154739852439
0.010623168600331398
0.018906221328178686
0.04645231227561351
0.017025416170960355
0.04130125022140112
0.004648871813728654
0.005846865165169114
0.007376809130364233
0.024101355646689398
0.09746904910539658
0.14080623430550135
0.036856751694809745
0.037929255568302365
0.01892233063544509
0.007585878300115489
0.008659522938583294
0.00907566493937923
0.04110497467753979
0.07060046593967277
0.07613046097760498
0.018512205167462388
0.006582819023717116
0.01198179069519473
0.012757180838529988
0.014738379804013603
0.026230127853260975
0.06444704464836204
0.023620734951074848
0.03548780756561923
0.04025565168090828
0.03274362594156786
0.028890910866208732
0.026386686989984514
0.029284412778800232
0.027763991755970715
0.016435829971467898
0.05262231969392815
0.0262524775963371
0.010524501656750451
0.012014055579088438
0.012591402987463498
0.057028251308469675
0.09794972860797513
0.10562193736693364
0.013902517655642233
0.0060592061564660755
0.012084786624033145
0.026828546784793236
0.05376315254230003
0.04668287423883404
0.02927876494498296
0.020676172324767036
0.042610123844906124
0.048334862625965515
0.039315191673130405
0.034689246094592244
0.03168243060439946
0.03516172287968886
0.03333615707206966
0.01973446089288855
0.03459253725601413
0.05541448418432768
0.04349054368289197
0.04340535513078992
0.02714239877585303
0.01974429990425711
0.04629837375213062
0.04647125796903904
0.016692718984331337
0.007275274029015154
0.014510173775519124
0.03221297058053269
0.06455328591049327
0.05605201304912416
0.03515494153942251
0.024825829597049414
0.019300403315992365
0.007547157377836948
0.02011366686940242
0.02791288749373749
0.030900078241038107
0.019481935147736294
0.015214185526850983
0.0068289080679362615
0.031225576826076292
0.050020882260502046
0.03925752259591395
0.039180625614964625
0.024500575136969696
0.01782254793785859
0.041792060981829415
0.041948118034168105
0.029213416892156042
0.010898983441672781
0.01786445385339748
0.03884349728041763
0.044771241865475334
0.04895091340681607
0.12630156516862898
0.09832532130565676
0.01742185668710958
0.0068125775445732695
0.018155963681890326
0.025196070656013862
0.02789251218858063
0.017585719664738174
0.013733358599831214
0.006164236868068514
0.036642180926542284
0.012345786244408786
0.010580029967746448
0.028260548941321573
0.010672689093062187
0.02293831063561473
0.022881599780136985
0.02179914385068775
0.023743481844528243
0.008858252234802954
0.014519504421423777
0.03157042107947377
0.036388251751383605
0.03978531946599803
0.10265279582280043
0.07991483809978818
0.03421207042874751
0.03924240988401254
0.047656591988075904
0.03669045862070508
0.028865651900477355
0.01843617389677504
0.05324436253848117
0.02605539056266071
0.029781280320101102
0.010034154944376055
0.008599019771672203
0.022969029373788818
0.008674329355203148
0.018643329677299918
0.018597237391265925
0.017717461060983906
0.09165554337609547
0.025768656368863014
0.03234747078809761
0.020679681445272706
0.011170665850768305
0.01120597395341267
0.024737635449687406
0.02558246524932151
0.034311669519329555
0.03935665343278682
0.04779533112788147
0.036797272860997
0.028949686355051893
0.018489845777223065
0.053399368944728874
0.026131243709584567
0.03987845391857568
0.08776030531933808
0.02051571297928017
0.022025640493371565
0.018666865393078887
0.013361748955505584
0.02432218464639747
0.04096888900252392
0.09192237343497993
0.02584367476756546
0.032441641606547014
0.02073988468464593
0.011203186190694811
0.011238597083227934
0.024809652312831377
0.02565694160347803
0.03901210124504309
0.027678202492864762
0.019762902101702395
0.03785777017947625
0.017631903163443024
0.005962580454244225
0.022821434910837015
0.03268618998394303
0.03821673995111861
0.0841033800675416
0.019660834129673357
0.02110784376723081
0.017889027039173413
0.012804971982297098
0.023308692146700474
0.03926173718501123
0.03730064649764527
0.021820550598509552
0.019515815289529045
0.011137778157376422
0.014434653053890769
0.02355457569041575
0.055132877395744045
0.026882989852246093
0.03738648773276646
0.026524866514233088
0.018939392481020025
0.03628025702882945
0.016897191135254386
0.005714122897611395
0.021870477854523312
0.03132417382980188
0.11652799061011397
0.027046501041718688
0.014550646628128331
0.002929345715132505
0.009684556050544064
0.014039726601238301
0.07090800766639772
0.08324305586621858
0.03433715016874335
0.020086931273777905
0.01796530471138938
0.01025289363711502
0.013287835361685927
0.021683189933286953
0.05075262946158555
0.02474716516239606
0.07793257404802316
0.04114108115556039
0.02116458902153867
0.009483502884829235
0.02015087953210263
0.014786943891705378
0.08226101210147506
0.033125716576433796
0.10726996682735754
0.02489768556336404
0.013394613370947935
0.002696612342175343
0.008915128466905694
0.012924285391816292
0.06527444256391661
0.07662948442365151
0.05807995512587271
0.020325193918922048
0.012650903369218541
0.010508067035365703
0.004036622128338393
0.010613651886906963
0.021054816589880874
0.05756909148649392
0.07669245929732398
0.04048641701512941
0.020827804058912866
0.00933259510384759
0.019830225386482804
0.014551644243748604
0.08095202037676157
0.032598598227582626
0.10244223105918579
0.04391331472661403
0.02132235900404804
0.014476307250945987
0.01516940493764478
0.007427325685102351
0.0467109889194998
0.06901895231658127
0.05715574840036204
0.020001765967291134
0.01244959381324044
0.010340855710819143
0.0039723887226604734
0.010444760426249847
0.020719778398914826
0.056653013961674076
0.027506689539651893
0.026658502907235575
0.03774010005846206
0.024210340402451222
0.03503253643047201
0.02267818474604366
0.013439019462970636
0.0052439941372292515
0.10293031927989699
0.04412254066233248
0.021423949843685633
0.014545279929259684
0.015241679894844658
0.00746271333861987
0.04693354443428751
0.06934779460440775
0.06374716342835511
0.07541878946381313
0.011556560877245712
0.00826065532604129
0.022848079110292557
0.007781666624018723
0.03727320815997891
0.014113122798873582
0.02763774575559185
0.02678551791966047
0.037919913579668514
0.024325691091787706
0.035199449706340334
0.022786235446689385
0.013503049961232576
0.005268979260467942
0.06616080841066742
0.011123233480009256
0.012684655375849806
0.026115587642429352
0.03289025863955746
0.009905688608815123
0.022543283489074785
0.062142754173494484
