0
0.03540674077581925
0.0
0.5525639162869258
0.2378573553479709
0.17417072306283327
0.0
0.3174099807584594
0.2179649517565192
0.18349468197717048
0.11372259893809691
0.0
0.16740684257068897
0.24149299640432814
0.12225045021207034
0.059251914259013216
0.04470554468391216
0.24420657611714244
0.28809177488142707
0.1687406343703938
0.2568071338015559
0.37521651433804554
0.1550275480718934
0.02526818977600461
0.018939310036409775
0.28668457006422077
0.03340271481474037
0.04220767374592812
0.2332229503968905
0.27449123806464887
0.12999023221249342
0.06557704571707983
0.2611125126168393
0.23254104502185227
0.13883364535115625
0.04502681246581283
0.2569084566431049
0.3943194710351277
0.21587852268297306
0.09228588669200179
0.2415306667600647
0.0
0.05598493302276102
0.28870600583756245
0.10703695337442137
0.0
0.07473043941427951
0.48385289938332576
0.04567317918260199
0.1838914313170007
0.07307878795650398
0.0
0.34593302102488915
0.3675076948637026
0.029588734025796357
0.4911680501934849
0.26723877070039004
0.07051081298020642
0.0
0.0591147799804596
0.11196736622828123
0.19853539903942977
0.06858712431754448
0.23729834047890883
0.45056787245262014
0.0
0.04501099047063266
0.4529029828777849
0.07486313329239816
0.034599223602697446
0.0896747948583027
0.07843595293613147
0.2695236896888609
0.2023164511534135
0.05061332490948342
0.08139717691898471
0.23774947050035466
0.17220328421107242
0.2557199157260942
0.4527723097410323
0.0
0.03599212194821291
0.1546705367325982
0.14354204769917936
0.21302231320538972
0.15428659266969438
0.25314096649873097
0.36423606880048875
0.04080385765134492
0.18753167586566563
0.0
0.47693184187668003
0.18241640477606802
0.07965165873141057
0.08838824282608662
0.0663492799427579
0.10626129965757697
0.4204109929433118
0.0
0.0
0.011008569964806616
0.11849465491137183
0.4500855148688031
0.2670379941144279
0.029507756916450915
0.09246933628281187
0.36231097621623837
0.0
0.2486735147584979
0.13172304817790978
0.5561838420898423
0.14764631590810023
0.10008356115194848
0.0
0.06436273372127903
0.5405185448060841
0.11118808272324002
0.06621516106197023
0.0
0.0836660079534181
0.19841183703802362
0.40114293598993744
0.2346844091243821
0.0
0.25275775221101654
0.11141455579107448
0.0
0.11414647760523051
0.0
0.04830676386676573
0.3461209058300606
0.4914255884699962
0.0
0.2623917514573004
0.3807101655671411
0.23156764873087746
0.05506142650747663
0.0
0.0702686782111543
0.41748614618813257
0.16987734511483352
0.0
0.05799873725952954
0.22182435718096724
0.13281298195948749
0.2776312410729215
0.03627974123586008
0.024204920113180085
0.06659359288911743
0.23045169803390103
0.3648380984120718
0.30835795603408056
0.04364404732410544
0.18778244910764752
0.1692585517485459
0.07645301836563761
0.21450332184076287
0.2598645580218524
0.06634256897185577
0.09199968943430288
0.0
0.033171284485927884
0.5486213156052244
0.5018421855077093
0.0
0.17285370903268008
0.22752599486979536
0.09777689730744882
0.0
0.3750040046376649
0.05008492363424518
0.3058228554108772
0.23813041654148978
0.03095647252788696
0.0
0.4091752703650903
0.16060063645906403
0.12872265774891384
0.025679219362451634
0.0569770713787842
0.2188438856583563
0.025524660472849715
0.20215846193067927
0.20974503329024038
0.5064725733683625
0.05609904809791448
0.0
0.15599739509203653
0.15705535314112232
0.2140115476825791
0.23017748267404087
0.23655423424168504
0.006203293619251687
0.0
0.0
0.053155048810491
0.0914244537279762
0.5581245237993772
0.2972955282218643
0.21490997244478247
0.1843815338973255
0.24658479740876954
0.07826784759318943
0.0
0.275855311110166
0.26705861182864277
0.19493380710738645
0.2513495961844299
0.18816584359021496
0.04069819818845981
0.057793506870644586
0.34195839060087674
0.1608370659240876
0.19942178044984177
0.1673411112629344
0.1304411975076369
0.0
0.05125623012924606
0.0
0.0969163260905766
0.30662543065898423
0.26885796621426117
0.2763435723122274
0.08699094541754454
0.10890726366027642
0.10613175469807112
0.389600162990367
0.1224365348472972
0.18593255456681335
0.12159722271043025
0.09532772318817118
0.27918013135499326
0.3343237019510339
0.0803853549233553
0.0891854049516882
0.19929284052689092
0.5096230607249765
0.04961839540081846
0.05430541811298288
0.02286426373979657
0.16429568925496432
0.09743390166047725
0.08449385466044465
0.4821027345725683
0.2470011913853518
0.030498377251125235
0.05846966407872667
0.046767095783422544
0.14617480963295662
0.09990297000069405
0.15827720575459528
0.1331565098314861
0.4157210624122361
0.1151393910785864
0.16375989838251265
0.1652374050498745
0.24439254593792026
0.15920065863923022
0.15226981512785753
0.1511977805938049
0.2620423069702444
0.19870325986454682
0.03163666041308704
0.0
0.356419659417222
0.24615430987210427
0.49671027901930376
0.05007172876735637
0.09645968941242235
0.026008851656053145
0.08459474482587548
0.1283576319434287
0.04118610604501913
0.04695938304233483
0.3884971662794679
0.12934419316892523
0.2656540633721477
0.0
0.21467701845143972
0.05173451440024566
0.26822029772044903
0.36621481812847073
0.09915230567749093
0.15523402445948736
0.10989219392352559
0.05275564722449531
0.36108535614645143
0.32103253848727326
0.0
0.022530301085410032
0.0
0.29925270511655644
0.5692023218754299
0.10901425780746336
0.0
0.028218557396707304
0.16229088734721914
0.2738720850754046
0.13410673757575542
0.363042142796349
0.03846936140619019
0.0
0.07993272948547116
0.5763931593079036
0.030298022704828564
0.19212212007657195
0.12125365945468905
0.07656104327932892
0.0
0.16532081191474646
0.6728978374445491
0.0599516267922366
0.025268239366538513
0.07464202583150281
0.07440736637421856
0.14791240845422315
0.3721087079963467
0.1571911978410902
0.17373784354691757
0.5400219457904306
0.047426153527874396
0.09039676659735717
0.07380400363469425
0.24835068516801306
0.0
0.3787084041569384
0.01428126128513802
0.06736457310247257
0.08043270793808709
0.2719454384577774
0.18726711994593376
0.15626533948711022
0.07559512887138133
0.2617508475655195
0.18846541604152633
0.13421099531608807
0.18371158943151106
0.5826280121269322
0.19677497456859386
0.0
0.1726663103732968
0.0
0.04792967920394684
0.07597773317167583
0.18052033154561645
0.25507602881445546
0.20144103037818098
0.2269805468406767
0.06000371937487001
0.15702329383214045
0.236915985490674
0.14229654626830404
0.1781109735943746
0.07388628114367256
0.2117664520549611
0.11211580764620933
0.1390916123717818
0.39499539255011945
0.11275978333666051
0.023174528506882872
0.21786248934621963
0.18217976511003758
0.14832266648166176
0.0
0.5425792353567721
0.12691756523942238
0.0
0.3551518778986363
0.26360506284688034
0.1660359731203721
0.16815841637677775
0.020051978919401036
0.026995804657261438
0.23012372382155397
0.0
0.06893730014503614
0.22007605284482315
0.1849585982822464
0.2959038199761729
0.35036401996939776
0.3359834802033189
0.12989754190962782
0.11414573864724366
0.0
0.06960873662064328
0.3888564826225704
0.0
0.0
0.1815520688971497
0.3141234329562343
0.1154676438067596
0.0
0.10307492819366346
0.0
0.1951338770527186
0.18605812038636804
0.5157325082496631
0.09442682886016472
0.0
0.08660936719606448
0.5764840994068778
0.20507958248752403
0.03739970598308619
0.20045407434554507
0.36091142623592976
0.18392555704549488
0.16607713491261133
0.033832439872387536
0.054798703056159394
0.0
0.15558302395987245
0.17707235994438797
0.14891573160533686
0.3427943838850754
0.1756341329174184
0.25471830522868805
0.12827781188381443
0.2432765771986502
0.17797388387150445
0.03512549410298337
0.1606275146732875
0.03068109741418932
0.0
0.03432156289379604
0.6299193526627145
0.2692648321861235
0.03581286898893185
0.0
0.032784551279177246
0.5247529901514003
0.4424621976381355
0.0
0.0
0.1522471884538109
0.3620385142846007
0.23445331277242767
0.09847402579845484
0.009143693149973849
0.1436429485402078
0.17265516281607876
0.1250345269412646
0.5595427581022707
0.14276726250782257
0.0
0.0
0.030215072412327112
0.028693333682940046
0.0
0.08993968846149829
0.8511515000105939
0.0
0.41006269453123756
0.2834644828400679
0.0
0.023586669074607797
0.12164227948727116
0.1612424439148839
0.4355438234379923
0.2408710014968967
0.13245868069059477
0.05823492922140544
0.0
0.13289035192539164
0.028731250469975815
0.0
0.0
0.012905592455637273
0.20816789996027082
0.7501950020449654
0.5303480511011067
0.09753219213209242
0.054252930526830424
0.08109795990421825
0.0970811801982375
0.13968724280937822
0.14065923409748576
0.09234444107084248
0.2761080817400818
0.08664885269725685
0.11444334649064053
0.28979547463340577
0.10695559693944812
0.23351553311885
0.1401315653619361
0.1817602344562061
0.24971267509399278
0.0879238236618369
0.11500100138563875
0.056416170653014186
0.08864975043961623
0.1470477570855937
0.389077134467498
0.2038076674937565
0.04100596645533735
0.03110029422675047
0.09590824543200042
0.21012438110582615
0.09540595595170517
0.5264548158688608
0.13996055510220498
0.1305217875235985
0.2546418749922684
0.07136455892271545
0.19914759547660568
0.20436316470124008
0.23792264320087425
0.16788574629354525
0.0
0.024180097286388876
0.12377543160097425
0.4462358085318678
0.07256305782007763
0.05864295951749746
0.04087269030369562
0.31973883134279535
0.2921322369924585
0.21604974811572736
0.11883328490043904
0.2066962931123545
0.1097825467309811
0.22724383798920464
0.24730319631116107
0.09014037470146036
0.13521476282660957
0.4768628699777273
0.07843256881512191
0.14370121829588198
0.118573671134968
0.04721447993985969
0.1242845296854821
0.21416385564088403
0.22886362451825748
0.3191928745828063
0.11349468957683863
0.0
0.21557926776178957
0.03447170293986129
0.06340130639007847
0.49988806908422934
0.03089880694766745
0.15576034081436138
0.20354251038179724
0.07542631199048681
0.05692482913422829
0.3742227513363404
0.1945546738865883
0.09532820902671678
0.3129496979770433
0.06975489923438095
0.20217269974328994
0.28739014425913784
0.007485131842817345
0.12024690794281748
0.10736745934813623
0.1480767174106645
0.2927739778540708
0.25669048447751813
0.11488468483960423
0.08020624872654253
0.07947932739317737
0.42521281699136554
0.3478905613978302
0.08151411520111897
0.005218073205281582
0.06068464459434265
0.3297669204873361
0.1256506102231671
0.06883285315043787
0.0959808562850583
0.14795308369542892
0.23181527553399972
0.3336907991353665
0.05040888101596529
0.1139526728326068
0.3329356135251391
0.14332959138199378
0.025681908917327415
0.22070416884777522
0.06403958327069544
0.1264652426345368
0.11939323997445461
0.33381646456662045
0.13558089704891907
0.057296870095007654
0.0
0.0
0.2621931318989597
0.2781086503779666
0.4024007263321089
0.204693512240863
0.3655142941801639
0.23484929659944648
0.08286573837482608
0.11207661675517064
0.0
0.6845647622440635
0.21290239636689093
0.06061959000369387
0.0
0.0
0.04191294439465153
0.32082537661981286
0.04332245188961337
0.07586457461678796
0.051220971352901996
0.2942414877391762
0.21452467888603016
0.010337299686058763
0.12228403574786771
0.2486853368443375
0.14027585294485734
0.18359901750180802
0.29481759583341094
0.0
0.018052762249503945
0.04388019960787013
0.49030417434819445
0.3508793556516571
0.09688317632642877
0.02161847502081004
0.06793658911839906
0.4154799523320532
0.19458865091689845
0.24022560434748344
0.060150428470034684
0.2546593327547558
0.20168828278910092
0.09957303778809952
0.27494032932618223
0.05698294370733688
0.1121558050382184
0.0
0.06790081800851062
0.015375477329947693
0.15998069734518558
0.7567427903942602
0.0
0.08881250318084082
0.12275089332149182
0.23564889647522438
0.2674971127831177
0.17629447927722106
0.10899563639360961
0.07810810756281891
0.3331000738008069
0.032731239615861316
0.09883969908811906
0.33283596127968806
0.12438456684623862
0.30900634573808594
0.3308181687489473
0.05711257564436481
0.09157411108844844
0.04786729501701337
0.16362107423599345
0.28074232451936915
0.08996607837089557
0.1205154127532314
0.29927103013867457
0.024001742622120934
0.18550303209483335
0.012139837421861439
0.0
0.03226205749543002
0.037046396460482
0.46943701904187585
0.44911435026159224
0.01061174238649184
0.0
0.10268362937487031
0.3395824486435232
0.43109523356014384
0.11602663553232587
0.11203162296141116
0.012661039972424746
0.1712321357281117
0.28198870042969865
0.3760246580084058
0.04606130006232686
0.0
0.0997366622019778
0.15463974046753393
0.26754410196080514
0.2831688720136492
0.19491014034569842
0.0
0.035404805618187644
0.1486674324220231
0.46345516097834144
0.15248456087307252
0.19998750829117964
0.08017746035083051
0.0512210976608694
0.1475404079807122
0.13531930930098807
0.43044891833141646
0.15529230526606366
0.15757546767102495
0.3683116101884752
0.056043492163715646
0.0
0.34759078237052327
0.07047800207766845
0.24467583530821801
0.3916323953091134
0.09220896702419226
0.09265987005600561
0.13939001053931493
0.039432365438875766
0.06997461585288423
0.10418214312241982
0.0682469941765271
0.12763564880829803
0.43773032175285514
0.19222974722464406
0.11034264982239425
0.4779315073676707
0.19742793614106496
0.0
0.2142975179803718
0.0
0.06348931208274539
0.0
0.17298720404770732
0.6232076049714346
0.14031538385378844
0.0
0.20142370684245858
0.20053373025044163
0.23638625031041866
0.19565638600988977
0.023092412745624503
0.14290683347437935
0.20084210949798592
0.06344046722543717
0.09497143562025245
0.340477047929346
0.1362782179857463
0.16399037993156537
0.26007906220029003
0.16489919809481
0.0702466471603013
0.24097336867386396
0.06197562851613341
0.20182563886094967
0.477604527017367
0.1530753428773656
0.0
0.059092945117323784
0.02251359337938567
0.28771312419552647
0.5362326593969312
0.0
0.0
0.04958048901576538
0.24327255760316652
0.17091360107576453
0.5186910381076977
0.19028713661119628
0.07811796537637748
0.09628474749666405
0.0
0.11661866790096515
0.0783936218465249
0.03387762001031595
0.0
0.236572643554084
0.4040172323204883
0.24713832741944364
0.024679197211089056
0.025309405696045586
0.08338656219269826
0.4640392667090264
0.23513852095478815
0.16744664216919816
0.0
0.055929049354897856
0.18067736908302415
0.45761793599830014
0.22701798320278432
0.07875723914863647
0.0
0.0
0.08715254978287479
0.2570358821733586
0.3623458597166941
0.29346528014005074
0.05046263331196202
0.30463093763256416
0.08909975021925111
0.1694281442201664
0.18747722893544932
0.19890086241156796
0.09104028037530615
0.2664933186680194
0.06402995714577787
0.21935916629873975
0.35907691454826207
0.0
0.10075850996304764
0.0
0.0
0.29978374551470044
0.45021450873863755
0.149242836661148
0.024540464622785287
0.2474797351574555
0.44270717224793005
0.051336331394067715
0.10767682554770926
0.1262590699649542
0.10052347152828568
0.0705500907351079
0.10131764041786145
0.29319720776274183
0.36072168736800053
0.07368963981269237
0.05873573242311668
0.05667771515982771
0.0
0.37045033429621854
0.26557170001239405
0.24856399368226292
0.20221488564403897
0.22089172080981964
0.24945693142103614
0.0
0.13519002223660803
0.19224604901676123
0.16812198463630243
0.08401277351906006
0.026693083363130702
0.23953920611818955
0.16745124118960034
0.31418119935718675
0.2645434922958235
0.30794496483675
0.11534037863505142
0.09686194597092403
0.0
0.2153086736380078
0.045229181155957414
0.1512882188520525
0.1425684366959061
0.4730649128736938
0.10999413979511835
0.07785478408240293
0.08233290946368754
0.0172824721505063
0.04223778471212935
0.2272495837748259
0.42104023838276033
0.20985676038527834
0.3388525528188745
0.1917697741883032
0.09862309601996712
0.02674294263957657
0.09154668190659852
0.252464604851841
0.1541009157236028
0.10167786001719367
0.0
0.06557249673040706
0.5172601496081265
0.16138826036992582
0.09494238008573012
0.0704020525340442
0.1318347997600875
0.22743994261138636
0.3478723969799809
0.12750812033500933
0.3234121567381144
0.126904156323006
0.24969558792232677
0.06049681010341632
0.1789252037535158
0.06056536495947795
0.2774514577911413
0.0
0.04071920389135925
0.209396814283634
0.12372359276380716
0.34870836659627485
0.0
0.2609187751761409
0.17922238955597428
0.18822903381734832
0.08145572457990075
0.2901733796228884
0.22156284961314412
0.18280554272744315
0.1901677220658143
0.07280608114668675
0.16043223662112507
0.17222493220112245
0.02968239623387429
0.3510955117724412
0.3375711738373813
0.11399639576973561
0.10257633658670036
0.06507756955267067
0.02331980870193878
0.29996767853961015
0.41148584099621655
0.26522620043853395
0.0
0.0
0.0
0.3749377474250396
0.3110269241993305
0.1267281566257829
0.10179218855856981
0.08551446811684778
0.2615615018049472
0.11857686894623029
0.0
0.0767525795453041
0.12370362687431717
0.41940497903182183
0.16084832784858305
0.0
0.459440878069406
0.08120170849441598
0.09218534159706228
0.20632304635786775
0.31205556419482344
0.20799641693647564
0.04612543370432705
0.0744330562713936
0.05713648352471358
0.30225271522642855
0.07474921167543197
0.1804054754158221
0.10033637343212977
0.34208176700393933
0.27673901621138663
0.02568782239972313
0.5544833085939822
0.16269967458033824
0.03969837437969187
0.0046703968323291815
0.1226963900090656
0.11575127180497581
0.06321321686048353
0.026063478474265513
0.14499627385102629
0.3933479078008845
0.3723786847085242
0.0
0.0
0.07214709964773744
0.0
0.47297178419280844
0.1867724770572544
0.2681080347759156
0.0
0.054845081062140935
0.0
0.1407676935794004
0.7552240420356934
0.049162826432661025
0.20324097096557506
0.0
0.24412890149755162
0.27102753564977505
0.10040282224229204
0.18119915152077598
0.22371272733015463
0.24311841909812593
0.335905861769842
0.11895831826632274
0.0
0.07830417048380536
0.13701742013127455
0.15595397822723742
0.28826695312698597
0.32745561772427356
0.053891278406122435
0.03741446022626018
0.05302091121579536
0.0
0.03309786458633636
0.21211992938766633
0.4265525402839134
0.27520844034725017
0.1415211524141397
0.16594275853603516
0.1460806299479663
0.3082609735386938
0.1979735092337222
0.04022031618118581
0.014518227332313385
0.10957174337476994
0.37516138898299867
0.1597521979713602
0.26324935691198403
0.07774635951521801
0.03907025453895648
0.20414479709757988
0.09169073239104208
0.19027634399156138
0.24976005289053188
0.22505743917614698
0.08487439924703033
0.1537673898933222
0.21899544933845566
0.19779602366091908
0.318964670640296
0.025601487757504558
0.20258283544907904
0.13738101622635485
0.1625245376682432
0.14509522862779067
0.16212346545430945
0.19029239786718594
0.0
0.134091946348748
0.1702037998189418
0.20327257544592317
0.249799137682415
0.2426318656815709
0.17030011473110945
0.11437636021205379
0.13566353008349546
0.18350653503615433
0.17161238219758954
0.22454063657572676
0.016881310832838482
0.07901537126910817
0.050708801101045795
0.19233916155229913
0.3406488585905618
0.320405973186911
0.24854228115783933
0.17025559600379375
0.11991975392863793
0.09378006038117685
0.13406930522303387
0.2334326147888134
0.08713268132598753
0.12668031403881613
0.0
0.10120609480602423
0.15089175641475294
0.5340888159285156
0.13671669005833184
0.056727577848515086
0.1178377394963771
0.1779136470388142
0.28364468109134083
0.2271593027259423
0.21071342410221133
0.14020689715037996
0.07399298298061387
0.15456398538074811
0.14617452027465705
0.2743477894873974
0.07505617490275145
0.0
0.12948930338917922
0.03258297768934208
0.46705266030789655
0.2958182644013549
0.09669144778801485
0.18050882798278745
0.05737661813530209
0.05985443876043616
0.3950623461325882
0.21050554327986232
0.20750737030807484
0.10846713153405896
0.15525241279770344
0.42079143234885197
0.0
0.10798110999187885
0.0
0.08725632861106364
0.07052645316967
0.23884322668240296
0.32718832664461317
0.2761853336908495
0.10261401315217368
0.33139058523022963
0.2115837034155925
0.26402061939563753
0.07103366688506108
0.019356329869612218
0.048788078001027
0.11196671553023929
0.09428448973186353
0.2691905779242017
0.4009903103826839
0.07477945280084562
0.0
0.24415816954821506
0.4780807777088423
0.14820542561514757
0.12955511803169334
0.0
0.4884312358597243
0.0
0.05173626016025568
0.0862765312533957
0.1320200818931547
0.24153545283075792
0.32796218150799394
0.2161298411523224
0.05660711340917467
0.0
0.0
0.3993003724189364
0.07707779290891058
0.18136790841092074
0.21761178408464824
0.2751796562013012
0.12781234978311087
0.1209497968778164
0.09180079111787805
0.25913992776269346
0.19472527952668478
0.010263011284212493
0.20885840182869464
0.23521177711760577
0.3014388226512681
0.2969231720137886
0.32946678518997574
0.07217081627232318
0.0
0.0
0.05134045162493823
0.06643820052501613
0.08129955126937924
0.49291483277139647
0.13739955654984484
0.17060680946861323
0.06970692579914824
0.007964025258762157
0.0
0.070519299274806
0.7814448538159525
0.07036454388780287
0.04326946627604674
0.0
0.025297719285116083
0.27171254657626964
0.6597199293235898
0.0
0.025673978141108847
0.0987588234550886
0.06520677877772732
0.5434604233113887
0.1741908083990902
0.0927088203936608
0.047213835392384426
0.037268168630606516
0.010798217350060976
0.35531270701870804
0.5494064168701186
0.0
0.041167740426863414
0.28490637121457524
0.051161887718681825
0.39966294435058025
0.01118010861438839
0.2119204683316992
0.0
0.1630786108753185
0.17681723738144206
0.1918165183548392
0.10871121924232961
0.3595759779824403
0.09327327252358977
0.05922752750353732
0.09336806200562797
0.09651859394060286
0.06380605369706177
0.5938062373543298
0.14033479497229326
0.14630786507175386
0.020601938666935316
0.26165183711804246
0.24622602032468072
0.18487726971365984
0.07916488255920115
0.07080946542168262
0.4231358713563438
0.20019541121345136
0.12568116207479077
0.10101283426492134
0.5055067140931636
0.1029408229537698
0.04101643535724128
0.0
0.04237299595336079
0.30816253424513473
0.20081432515752226
0.3030328537092966
0.09465063221134033
0.07662680996763178
0.09082293494403611
0.23405171721737006
0.07822305423942187
0.015491675673684148
0.1417515436534395
0.494952437204214
0.12283968475232065
0.1467412401433501
0.017157061966827036
0.028398574090396294
0.2513099987191368
0.10059689132766086
0.46635308734638575
0.13618388452900856
0.0
0.0
0.2261043994047577
0.2896343299270033
0.3576780350851229
0.12658278234224793
0.1664866171387592
0.0870050699019741
0.13816546436587604
0.27858826766571587
0.0
0.32975402795689335
0.1106387842848636
0.0
0.04399545812185361
0.42232287155705556
0.13601665648259742
0.28702549792008636
0.2862911184041286
0.03238866266190018
0.0
0.06187368215341393
0.14994713324625952
0.46949915553272237
0.2492384705235103
0.08855420878234607
0.029450401736379386
0.023398707466543656
0.1880600844324157
0.42129754499417027
0.342087189558514
0.10916346001492036
0.0
0.20359427509466907
0.19693424539561583
0.14822000038611854
0.19364537949164237
0.08803532876690674
0.11801513861989106
0.05382406586604278
0.2981803315770778
0.2482991792860571
0.42631475375863465
0.07840469322556513
0.2535573532646824
0.19602988568330143
0.04569269455923948
0.0
0.39020668351419463
0.10947301237248067
0.11497135088751528
0.33540762729058715
0.0
0.04994079927884984
0.22538415011574414
0.1335627171887428
0.21908406793926596
0.10037543620811654
0.11766796858733138
0.20392486120196512
0.2682508070440629
0.30651481370872335
0.14748663582098917
0.005106304436036527
0.15944596522990545
0.11319490285811272
0.09203040345612767
0.16097720053738773
0.5672561994972429
0.10831729526872982
0.039238402804157455
0.03218000423584181
0.0
0.07755438451883419
0.10330943898450992
0.18850868550359406
0.34532065202998424
0.28530643391405824
0.05885107587299724
0.20819760590436706
0.490644200469974
0.20243002693466877
0.03987632622430974
0.0
0.4256222704879978
0.17899244392704222
0.1458626637607396
0.06853487049572776
0.032957363983087774
0.1480294295415084
0.3575439222444368
0.32625426852767664
0.08928718022288235
0.0
0.06515620923719181
0.16175796105776835
0.42174318768766295
0.24234061571293422
0.0
0.1069865135788884
0.22892897332166157
0.0
0.03938433032617778
0.1567766857949403
0.11024909187427458
0.026268119093969998
0.13741029958067638
0.5299108973633669
0.09527021302165914
0.0068838832281883765
0.21163021249832595
0.25746207975696117
0.38861354132579606
0.040139592857646754
0.2891093720661465
0.21760314581292695
0.24373147480458554
0.10539987250840994
0.0
0.14415578037595353
0.12571479780730452
0.21814205061130054
0.07569883699539144
0.4242606550777138
0.022606239727183907
0.13357708021175052
0.14430183698789453
0.12671200830919432
0.25733059606584086
0.22770027957365754
0.13161556307093764
0.11233934059252819
0.2647822095429523
0.0
0.14848000755240193
0.2962075204240714
0.06710429461890587
0.22342540266138042
0.1739639417785865
0.3023115402037625
0.13212723278668986
0.05760025350117822
0.3339967383231665
0.0
0.3654828416490145
0.02532829203709463
0.022128862577934588
0.11794917783790748
0.24276137919900725
0.22634924401433
0.36506935915374283
0.13565802456426937
0.0649213596324415
0.05063413916869413
0.17609170257271503
0.20762509543553295
0.5467892186282123
0.0351516394461138
0.13773383240917653
0.14007944742575765
0.0
0.14024528637565045
0.2798272814017593
0.14451214702339096
0.07300414131358368
0.2601044667432919
0.11790791414269843
0.12464361057746111
0.10910546896001816
0.2319749650479508
0.0
0.11149342021175884
0.1969355632815752
0.35049026750097756
0.25021550906947043
0.31459120344143543
0.20191394608189453
0.09816386370726693
0.0
0.13511500575826293
0.0
0.06383572193667386
0.1337686964074356
0.4520740065110911
0.2138300514414368
0.1364909311331441
0.05257556611504988
0.20187130653103205
0.1650858359421473
0.0
0.497424834272658
0.08304205131652431
0.13189115648336475
0.0
0.0
0.08686929377699575
0.6382634071115416
0.14297575711980237
0.13438869273447976
0.14498140172563703
0.12830012538921404
0.11043611716787807
0.23916448126581097
0.24272886002568816
0.03651277480325873
0.037224128553434155
0.11777624721257877
0.3903201958858465
0.2961379737397211
0.12202815712629914
0.2560707573759172
0.08821010268612597
0.3199701794209765
0.0
0.1589361327672678
0.1768122227381197
0.37873810713805567
0.05165825403845562
0.10001738749944156
0.16331990964618115
0.22657578192223143
0.07968995632081814
0.12920274424488143
0.0
0.12430007144962395
0.3316330883178488
0.34992203897536545
0.06494153109667637
0.056723265267935245
0.06858692689107217
0.27207487657503265
0.24355599525069038
0.07289648747012889
0.286161804627432
0.07066868560324531
0.48419566938582825
0.44513526884338916
0.0
0.0
0.0
0.1411650895085281
0.0
0.5000125358639259
0.21256522079246362
0.05043125996392355
0.09582543001669784
0.03642531849711814
0.1775727923306142
0.12813049225460868
0.19135936163449946
0.2020632067860984
0.26444817804494786
0.3455848233058105
0.3879242776556525
0.15196737751784112
0.04812501825428654
0.0
0.06639791193449565
0.041205094219937635
0.14134361575892107
0.4589332378180547
0.10900782113385422
0.022346600402125567
0.22716307200210514
0.2773137056192145
0.028629189621247303
0.4001419580204965
0.04780698924419124
0.035343292048293035
0.21076436917727265
0.283505343852295
0.4100024006333613
0.0
0.050760696892723355
0.038732623095639455
0.21699867391461164
0.0
0.0
0.23168128422206327
0.3602740797429317
0.3042101022366153
0.10383411553095702
0.10010944998282939
0.07766632065435644
0.06186078317610474
0.279543743200817
0.07277856483562804
0.4080404526674751
0.1281076313222055
0.11938094648282065
0.02303190327055075
0.17491934526092554
0.271785334389959
0.28277402497282683
0.03685813087712944
0.035378975006006376
0.24818543658637782
0.44726367712072457
0.19152329109555283
0.04078979865576696
0.023122146517309063
0.0
0.22568535174725862
0.5159976674933742
0.2173539616845945
0.017840511977484964
0.1608157760386301
0.07468221438495755
0.2545499710266705
0.28146052682072864
0.16768437865141783
0.060806790426502416
0.36909702366851027
0.06770145155088278
0.0
0.16891598183581233
0.21994688930744083
0.1743382115877436
0.0
0.30386441896999794
0.2477014618171992
0.034880415003438026
0.2890219604537347
0.12453138291517445
0.0
0.04459798356977829
0.05793624868790013
0.683269338545263
0.1713078118362852
0.04288819154307147
0.084224649021005
0.1738594514331231
0.10034446550538179
0.09425434946156087
0.13191199656608574
0.4154043968104795
0.2320011450594572
0.19289666962630098
0.03285381437673616
0.158143631060263
0.054417410528485574
0.3296869752416076
0.08210870670936637
0.24646341674427186
0.05360569921792598
0.18349765827330083
0.08931106194824348
0.3450130063682046
0.3109363691253116
0.0025491758885929933
0.06349955777209476
0.2526442970542421
0.1357442908394659
0.23462585868538857
0.2568124136656699
0.23990271362782137
0.08727055491344744
0.0
0.09663582472317467
0.3193780783857536
0.32369210711027013
0.23693108614489894
0.19981601071542512
0.18406280027612124
0.0335022198123653
0.021995284111408785
0.2855438796592526
0.40086113004811413
0.0393368801786771
0.0
0.0
0.27425744859273815
0.13247245488572468
0.0
0.01080157548717914
0.1312445895863298
0.27703032220027896
0.44845076494164543
0.0
0.10238836916856105
0.0411328217809603
0.0
0.1328721731550607
0.7236064022492348
0.2600564934024837
0.2389675328329009
0.0
0.06980150011355332
0.12378753238410659
0.30738667726098223
0.0702619599495152
0.1493024319215693
0.0
0.24618751175647233
0.05851106603688165
0.4757367724652952
0.40574644202956855
0.26021662020882386
0.07037346058550904
0.12981813856912913
0.0
0.1338447850169621
0.045811916846115096
0.07424638534807096
0.4772109990279871
0.0
0.16828277146361667
0.2344475609009586
0.34951901899240195
0.07371930021166753
0.3729694068430857
0.11783585913863652
0.08595583718743702
0.0
0.14379772167547084
0.03910973185749722
0.0
0.06725646164921746
0.486675615862542
0.2631600090635049
0.059332230291857135
0.07613064224470174
0.0282386094706328
0.15607967099463355
0.2608225788433906
0.4193957750872717
0.17359717384592066
0.27371497141916185
0.3710965283155499
0.0
0.10294148598962875
0.0786494178206782
0.24068721262175427
0.37230045843123183
0.20488203238036756
0.0
0.11988174774654098
0.062247974024774576
0.18782711242015254
0.12456039549568254
0.22526966630522974
0.3801804566253523
0.0
0.0821620663780046
0.21832209941969957
0.20299827120516162
0.18970678208944117
0.07136073901217904
0.207019984400623
0.11059186650602823
0.141381099857072
0.09276834207829221
0.21946169282646444
0.33439849337686695
0.14241297650333404
0.06957637240674369
0.22848352142010692
0.12159470316045061
0.15735812165908544
0.0
0.23214355538949738
0.26041978320355547
0.16832257840735645
0.13659579855285717
0.0
0.17209981508559694
0.36923731524551756
0.15374377706037315
0.3444552727986615
0.13191844033211775
0.0
0.03587613155102023
0.1259903600568423
0.36175932898355107
0.14555062352626025
0.3698503725133854
0.24332890351861045
0.20097754414135627
0.040292072222067106
0.0
0.053033520961526276
0.37049845840498
0.0
0.1364313146217344
0.3422823361167267
0.09775363471824662
0.35745188425967983
0.084690512945204
0.0
0.1283528388297287
0.23148859155143503
0.19801573642825307
0.4718876073154795
0.3160028327604058
0.06548956866527614
0.044118593364307616
0.030791681167234932
0.07170912632373722
0.2345575679779171
0.21404612929930372
0.11209312201325222
0.12701585138216237
0.30072715734227934
0.01155976328575371
0.049467141190919064
0.1176560501933977
0.21416275928618658
0.19013641367263606
0.195275712297896
0.23330136468457843
0.07290957731084713
0.06876896219460683
0.0
0.45882884107842714
0.16077038572054148
0.23872179344739008
0.0
0.07096702343671202
0.26996142773253884
0.11717519613119737
0.10542400380861085
0.4364717838888207
0.07580872552659416
0.173679087704623
0.08705895322737052
0.3175518934378139
0.3375937385416069
0.0083072919675021
0.12657470549755764
0.27655230330600955
0.3922778312983884
0.01743172084380567
0.18716308083459665
0.0
0.213702271548492
0.2262550874114862
0.2310083476361382
0.0
0.1929468324538572
0.13608710196841117
0.0915607481135779
0.05632432467121759
0.09150129295035725
0.31880654566579364
0.2433965320907492
0.19841008291030057
0.046622110562254356
0.04587140626292218
0.16525787739342657
0.23970888501455723
0.2824112757342886
0.22012801065668694
0.11024413558493981
0.10269751242607504
0.1428930543527258
0.18770148624671248
0.261526554493819
0.19493686554991912
0.16209800494825732
0.305193235846076
0.0
0.4003241637966142
0.07614275275628563
0.05624137630058946
0.0
0.38068376348832134
0.2840567586925573
0.3111451811741438
0.0
0.02411392277447012
0.09826353608783572
0.43899439005530544
0.35378409473745653
0.10895770987738668
0.0
0.0
0.141032347856196
0.04875646978024889
0.027423423643972315
0.07306011065608177
0.17913928342926738
0.5305878858004832
0.4630748770314212
0.02429448688381138
0.0
0.0368998811404618
0.02940884061076214
0.44632148699502605
0.15980090109618414
0.10252454032918411
0.13945214355876823
0.2260635128272773
0.19648063634095805
0.1756775702543724
0.06622192773227051
0.30143351561027154
0.21104720800345728
0.23990610135007928
0.12083435135877985
0.060556208516185435
0.23542825995993208
0.2883321617102951
0.0
0.0
0.19059820742831518
0.28564078560739364
0.2881200345718955
0.2440179381624046
0.12829732238842198
0.3101015995149991
0.0
0.029462609894882946
0.2594067049773501
0.17121834782929998
0.12952636606498097
0.0
0.0
0.43984798844584216
0.1848011174735821
0.1372490201925175
0.0
0.10595447727018413
0.5215901107955268
0.05040488722471804
0.18157008193746937
0.21348172320242578
0.17611276011976426
0.026256558297229386
0.013082929591714896
0.38949556139185704
0.20281165285067895
0.042104653360878166
0.0
0.018765744665460687
0.008846256777824671
0.7274709104391124
0.052595973278308304
0.10308512914698441
0.08316154067101665
0.15462500974585836
0.20444062487294754
0.4020913121790386
0.1207974947133912
0.23417202509673626
0.42463320749447636
0.11376967893379178
0.04441390932304115
0.062213302467338145
0.13488970626631822
0.06030872103336197
0.21948810763950738
0.26386068944583085
0.194829253822245
0.1266229637612413
0.16322602810903145
0.25743167290649543
0.07107116031807646
0.283042905992756
0.12849789372048803
0.09672977167123892
0.056251988782399114
0.28778897982018076
0.28648735212316656
0.13740600145981594
0.06968172361688277
0.16238364643721293
0.27416713609786264
0.10994442638495451
0.06260786157189702
0.15250223411145863
0.19250000938309847
0.2082776961078452
0.2853992172719398
0.08886351111424924
0.0761398089749267
0.14191665794704988
0.3160583756644267
0.09162122515131481
0.19397546190871004
0.10025683007775396
0.05899368874125596
0.1058438580393139
0.3327007569392582
0.20822885954831874
0.2740413936124441
0.1385521199863121
0.029289170476735328
0.20408019725029203
0.13402627375514087
0.22001025294680032
0.3806117559576848
0.1562039055995774
0.2573671659730686
0.20581652761157568
0.0
0.0
0.12712096951848578
0.16620328803480147
0.26592910158941224
0.1511936794863987
0.10820313043919894
0.18134927697005065
0.0
0.058296078362635756
0.0830284721353808
0.3745800354617868
0.12830472020845043
0.3557900514150838
0.08426587885696729
0.03584621362810219
0.15559834554220991
0.12264664650602188
0.22400016356637253
0.3776422256598025
0.12525299059140774
0.1916028669361043
0.0
0.3855985336686967
0.1431197474366735
0.15442546413575775
0.24730251199087613
0.1559341172117395
0.32927872081592374
0.02668516020172204
0.16211471320854945
0.07868441316283976
0.07307291854122183
0.03591450761896449
0.0
0.024942578890482677
0.4091637104630462
0.456905875096167
0.14502646994012644
0.03834645736703052
0.20644040427342913
0.16887378606756404
0.2401597001309998
0.2011527862014645
0.05188141819639348
0.07633648157627344
0.22868129394168749
0.03895118085104493
0.2748330891421131
0.32931606394004703
0.31841856458064394
0.02107425466248693
0.0
0.07287843463328166
0.09011238658689037
0.49751594813099953
0.1013732368797195
0.18743773237935119
0.38906232102558075
0.15995116116457725
0.04833812733616914
0.11383687248426995
0.11549712051649011
0.17739610631405997
0.20766045138610695
0.2574137965936896
0.11691490609658677
0.12511713749928233
0.0
0.17059108052027191
0.2909913551181325
0.08912495961416592
0.051709432648356854
0.3975828772273919
0.06636106205753725
0.13947035076525352
0.13155233549578027
0.6074430931779468
0.05517227549275873
0.0
0.17204679510442103
0.1414243869258949
0.17311061441898168
0.20539750333609105
0.1768114329308615
0.1312070347022324
0.2833215771319259
0.23436879218612947
0.15798952302562222
0.1620777784315112
0.11497925744831684
0.04726254423766126
0.12393061814880921
0.0
0.18064510746909498
0.10334910626424192
0.22451327548294123
0.36756145873263935
0.35961125992195064
0.4133635894422721
0.17351072728649605
0.0
0.0
0.05351403189027689
0.11423868234617811
0.43404766661088223
0.06606504062162748
0.06537958450393487
0.1347363498763928
0.1855320895313992
0.05748038451101845
0.0
0.0
0.07499104056563957
0.1660051556903445
0.701522911599912
0.07486921673379138
0.3970349370199857
0.5162004785949451
0.011894924353625021
0.0
0.0
0.06982970636504235
0.04653009169930049
0.18225396511057604
0.11910982174858863
0.3971911781254848
0.18508482176846464
0.05118945217451467
0.1824137146756205
0.07622348057473081
0.016485015685664847
0.3067493360363491
0.36693864875062887
0.06596673183211559
0.04445382481219022
0.5187172685035303
0.34462099872871726
0.02624077614139091
0.0
0.169679324273715
0.1215839167472041
0.1579057754798211
0.33822567002623927
0.13325437982834348
0.07935025953676104
0.21661335350804423
0.008145450323769753
0.12980458093867037
0.18608973863466927
0.29986148921970923
0.15948482258977512
0.4315278492610871
0.1258179316842287
0.0
0.3217843010020011
0.042611928245367116
0.07825673434124363
0.0
0.15303643922043197
0.014110694553143198
0.21665556178170586
0.470853386309114
0.14534339226107318
0.19776651688916647
0.07811607531980186
0.35967072306907233
0.2165589443334374
0.14788728412295868
0.0
0.0
0.10332132594816243
0.2113048219741651
0.4180171568615713
0.26735628871867667
0.0
0.21002143985051652
0.1996011375263525
0.13171794973590145
0.2582245552184918
0.1906510234991792
0.009783347263841103
0.17567915825298197
0.0
0.07462438180454523
0.3970905883803141
0.29996633138422135
0.05263910678378555
0.3012319914573276
0.20016577191626025
0.09060625630247357
0.05814676217009694
0.054785110063691266
0.2950636577593159
0.09496741602590028
0.4080546847060183
0.02827245015361146
0.1139562494090567
0.18997820299851098
0.16477051799391473
0.2756573508903154
0.04838403161466062
0.18478491592863705
0.23620225572084427
0.15977877815981573
0.09519226222664781
0.06981422561007046
0.5054740724269826
0.0
0.22496107614878696
0.06554258164916127
0.13420770357131034
0.2909182991067274
0.06664921833845038
0.07316465579109996
0.28901427454270756
0.14844555014921298
0.1318075470620677
0.0
0.048023625076899716
0.04353030362020219
0.2562814938307182
0.5001578501010928
0.1520064306348537
0.3372796317129254
0.1031998936234445
0.08576103052830117
0.15416752147883256
0.1552679038485372
0.16432365835293858
0.14299211660010785
0.02976371076979355
0.0
0.03037119545823975
0.23555144632902986
0.5613211929677022
0.18573298830528429
0.08470971067590573
0.21310099703369628
0.19285704922519165
0.23736482517118337
0.08623384714032663
0.39361968164185424
0.11001632002052399
0.06976452531712468
0.12993899752599303
0.09401750429972212
0.20264221573550664
0.17208108892846355
0.43723726418815895
0.0
0.146940780683866
0.09056712911122596
0.15317339422767376
0.18422594315001514
0.04132177369262053
0.11370465884283955
0.41234177000748856
0.09359014516696798
0.15481458864614836
0.19047570681338355
0.4656904470309317
0.0954053633146303
0.18869894611056778
0.0
0.05972900406371117
0.0
0.07200884647128904
0.09176447798566724
0.0855118177888191
0.3550795946455946
0.39563459425992636
0.46131514252183903
0.16649984491006128
0.03655997311351686
0.19331014871259677
0.14231427170352784
0.0
0.10581301830427961
0.1898854414694084
0.3198599203830321
0.0
0.12985629160159246
0.2545847724467378
0.12864889106344893
0.48908263328501617
0.06122505851007999
0.1661483979414595
0.08128021737182509
0.07361443382956925
0.19456292379438817
0.11939679923652914
0.15645429540309613
0.1595127352862541
0.2476744264219923
0.12239845132100621
0.11642210293449992
0.3885434727047344
0.199720074121349
0.12806431062571316
0.0
0.16724931197557105
0.20420242521789814
0.16514667685220377
0.11490829639113721
0.28831559194534506
0.11803373824465284
0.10939287758771998
0.0
0.2212283402234939
0.42349305446024665
0.27635175039357623
0.041105014295468506
0.03782153812267609
0.1504862206505307
0.17829886326954208
0.06153657880417327
0.0
0.2688472902575413
0.3408307260272111
0.18375511575173184
0.08796298880655572
0.11270271884614498
0.3183917691074345
0.21319710089813287
0.08398971246246377
0.2705423047022572
0.28026072620417064
0.0547102365307531
0.14382683134869614
0.09899887032415107
0.15166012107232418
0.3426463321475216
0.15392540439501115
0.09058329208157455
0.04427015300416408
0.0
0.36857410544889896
0.4990149756864894
0.043873934585179616
0.0
0.12354181951783463
0.0
0.3335688003723067
0.0424070811238873
0.12447043353026237
0.33513845582623675
0.23491274317772956
0.05516474587966286
0.20790610800698495
0.04143513847502798
0.09157440437006667
0.3157536559360754
0.2901822010408013
0.16947940824415697
0.09157440437006667
0.32218183609604933
0.21639073710388626
0.2428310783395211
0.04549370478973482
0.0
0.173102082403287
0.01387117003886779
0.6498811960103945
0.06326226484130819
0.06389777677024822
0.07156589606973816
0.13752120584954586
0.06865705184506939
0.0
0.18083291396333653
0.47157293039567055
0.2282466397637416
0.05069000148274509
0.22594878265756269
0.038225005357157234
0.06748967593365768
0.26841759155600603
0.3360877869541959
0.06383073847209043
0.0
0.03728670980198541
0.20397734933068487
0.2986020176723546
0.13987135384077343
0.3202620892634092
0.1125004711785187
0.2068144367288894
0.167897182914547
0.10121811825152659
0.4115692313775238
0.0
0.10760944072406199
0.34200323817782463
0.28925440251343537
0.06352927875003633
0.05570708873801562
0.14189620688455015
0.020715618706264923
0.07900334862474297
0.06415373338600065
0.361191006701865
0.17584176485577066
0.2990941293480584
0.36434344373063526
0.23905999556469465
0.03347106939175384
0.28048444699368247
0.046923023519959285
0.035717384609708316
0.10746775446116771
0.04091093591240414
0.22500227817732335
0.3316598062836682
0.09027124753029164
0.20468728964331567
0.06288249842886065
0.5318543283834029
0.031053146616607654
0.017485792638233244
0.2159933882882658
0.14073041698886193
0.15152165396299047
0.03372873373513936
0.031249068313684014
0.0
0.18789603759908913
0.5956039539784198
0.0
0.3197474661649918
0.24030132488686554
0.04563438101684355
0.2548458280305417
0.13947029372645392
0.217231911797144
0.27887930965151886
0.04245746579001068
0.42542112305434077
0.03600970573357008
0.0
0.27986933879857456
0.27700946274537264
0.09139812729127811
0.1184980777646417
0.16741844636425307
0.06580623399920943
0.2875859642078423
0.29481922003631894
0.17299536632733092
0.07293535868569269
0.07184958644271904
0.09981394132344663
0.18119565682497668
0.16378013599573774
0.25969436751126745
0.10667327646175473
0.054224257011272856
0.23443186348290634
0.17820349968889285
0.3081315215103164
0.15761778176074212
0.12137531420560846
0.14819210670842578
0.08647923039235948
0.19798238457239328
0.06441364985131937
0.21492722096669076
0.10903402315286789
0.07042132200466907
0.34322085691430304
0.2063030453293189
0.0198162446411262
0.0
0.05067538387851675
0.24025668071622835
0.48294829686829566
0.18418061739451216
0.1187294571901253
0.19214619997462082
0.20011527828545295
0.06613625594103312
0.23869162510779404
0.10472374390227435
0.043957898941692476
0.0
0.11901700764650452
0.27296330012892633
0.4593374670952646
0.3969798793838978
0.22075387684636102
0.10623947007914407
0.040600014374923735
0.23542605294918306
0.0
0.4187963495165472
0.05839749886658939
0.09459246130391867
0.07461380066441577
0.20916662687296492
0.1444326131118932
0.2808004722066771
0.0
0.09983440124024304
0.07823707363507919
0.27705443909548966
0.2640730458723057
0.0946279652159248
0.08858617606647923
0.2279664544761785
0.23238352200371562
0.0
0.35643532617952245
0.0
0.3269651755637903
0.04653457828089124
0.4114681290752026
0.03304510369436667
0.1819861184899803
0.07972048673416919
0.1313482925656201
0.2131906033404357
0.0
0.21213127635101003
0.36360883926526055
0.26906278804821926
0.21413027190591452
0.31346444070259905
0.0
0.18776657960211196
0.01557540845334259
0.04437488785214829
0.13123472209889311
0.12807092620702085
0.30912098641957425
0.0
0.3871978869631302
0.05490822685168536
0.2641084947897716
0.5523234842949218
0.0
0.12865915473084427
0.0
0.55623404978202
0.16063749404915728
0.0
0.0
0.07188835411164542
0.21123933543942108
0.3065654371160966
0.3329426517437733
0.0
0.0
0.0742921529971334
0.28619929919211584
0.18817949806767315
0.2690094491286538
0.2488276773031635
0.15440649081706118
0.05558658113295204
0.08398944988631767
0.0
0.09033125955537818
0.0866260058488581
0.17742867382505007
0.14057588541759347
0.5050377589275552
0.2056383954077066
0.15696461951173185
0.07877192517118879
0.1922341511079958
0.14495062168014758
0.2214397167293364
0.5435102955688722
0.2403474435225026
0.0
0.0425398553145743
0.07558822798439897
0.09801392553682765
0.044086834961241335
0.20648400692042396
0.3934780784627853
0.1973745203639047
0.15857593105937376
0.0
0.09085102091195793
0.06609042196372987
0.21628794865395
0.2195052468773122
0.2583092572089935
0.14895541832022027
0.15766807239331493
0.25578566399150054
0.34208243524502674
0.0611533666055267
0.06843880160939043
0.11487125067871323
0.01297240149804122
0.16450392635988026
0.0
0.3188340814416791
0.3932322518539055
0.1104567028221695
0.2554066337371477
0.15258990193498384
0.0
0.16961146121764153
0.19422611145957894
0.2281651870033666
0.15547129016065664
0.20809188827297415
0.4215715508345616
0.14805529192265351
0.03799574371827788
0.028813698179316605
0.18685498935668737
0.2848731133656047
0.1274750380363963
0.24358793923300848
0.035355217757415784
0.12185316333951515
0.26082935510689614
0.1411346776190207
0.39789892420144574
0.004751747775409157
0.10900288675625958
0.08638201256197853
0.16678238278922974
0.575040856249509
0.10881215136594184
0.10658174765038554
0.04278245447450987
0.0
0.2031961259985792
0.4135635947851746
0.25125414195589163
0.09673019313191848
0.03525540673846
0.0
0.32150393992387183
0.3270492174135533
0.1875566669105572
0.06301992470164212
0.0
0.10086988623051356
0.0629556710660645
0.18674481349690958
0.1299010975565368
0.11463683197198794
0.15405349891761963
0.3517076952743642
0.05629717512871381
0.0
0.7227455209662778
0.07635786707690514
0.1156434789843774
0.028955482588601637
0.15888634022495726
0.18105380387751335
0.13309237680652805
0.07119124604377519
0.06558090525952406
0.3901946160488364
0.11863607311252276
0.24818346948545847
0.24218085943187323
0.02125499752632825
0.1564196044309718
0.21332452996620968
0.5106897369656331
0.2093140446233446
0.06180586806076208
0.1735730026568866
0.01623043845329982
0.02838621336575239
0.13637402428188652
0.5653162435626278
0.0844978437195718
0.08691331303536862
0.0
0.1268978575621202
0.052620359713704566
0.4660442405947472
0.3007639757820986
0.01889128691763834
0.037290804445595786
0.12438845554025513
0.4446515012638312
0.14114175849600435
0.2701403348278471
0.05452803271328926
0.028230279384038028
0.061307272889193784
0.031462938585600266
0.024430748684755678
0.19575891672502357
0.47287236802431526
0.12149644838338695
0.15397762573645046
0.053272665505264306
0.2780094493784371
0.378644064747317
0.17460458667047601
0.11546857596113644
0.0
0.21748758437778515
0.21018200663930092
0.2784989200953374
0.17387262734020337
0.0
0.1199582175344279
0.049045272679927344
0.46618645037859735
0.08699267914014722
0.016359679479289502
0.09032374200621196
0.29109141683678874
0.05618261862739809
0.02490335237568028
0.09356128325312552
0.2793386705259621
0.1861398659597445
0.35987369223038845
0.1648477877238069
0.19975212274570606
0.11550083222155896
0.35303402109035237
0.06678977212615216
0.10007472824884125
0.2423835609749068
0.12007446112217199
0.24582793037163972
0.049286668391005116
0.10855584727914318
0.23387103378725896
0.27583214481147184
0.1694220377172099
0.03175212525396949
0.03333082049578564
0.35760097291527637
0.13206126528245213
0.16229470251881345
0.38334592247257426
0.02208725442928304
0.0
0.142380510442082
0.2898909405189665
0.15184230088642775
0.1463627952907736
0.10120507850638774
0.31478733560775934
0.12417592721957013
0.1616258577702845
0.03005096255853015
0.07256862557623969
0.043668068506448526
0.21206482612914906
0.4886641659703011
0.15298299982813388
0.35683858692975035
0.3593052162410989
0.08726247448833745
0.04728852192341519
0.0
0.1493047546624869
0.1842724943360907
0.1417731143246687
0.06149476218291345
0.07884015185395117
0.1038219030750079
0.42979726876300134
0.18095411838835995
0.08299381084337722
0.14659718446970313
0.17245733701538846
0.28577856483634545
0.13121865501666616
0.3788297073934678
0.15645296388647736
0.15021989639311323
0.0
0.0
0.3144970758227413
0.06360683781068203
0.27341630001923795
0.1334585607144374
0.15580016445258063
0.21807705153910664
0.15564072754978325
0.2164224053426655
0.24258542992734283
0.19460854756143597
0.0
0.0780696265912642
0.26831361634808715
0.08620798015792115
0.23587163664565178
0.36381553467169614
0.22398750099513107
0.0
0.09011697004466503
0.19332892342498634
0.3573943935665366
0.0
0.26493668357080047
0.060954186237305974
0.12338526252200806
0.0
0.3558122020604552
0.3277223440702869
0.2612471953894196
0.0
0.05521788874664792
0.284394617229893
0.10456598552728298
0.3346278987839076
0.047689426435943295
0.03566959713308688
0.19305204070327858
0.2739635934996532
0.00559025236960564
0.22937530908676926
0.18183953886838697
0.23933485538335622
0.06989621111213093
0.09085902297048323
0.14124278197949738
0.1981892526033904
0.5531518862549774
0.0
0.016556671879561436
0.5746491033103979
0.1259205912453978
0.10037096801958031
0.15284072386930336
0.0
0.046218012865314274
0.10552035895490178
0.05338954197641301
0.4054675634629808
0.19332484706260708
0.12529676708659912
0.11700013495420497
0.2743161817514713
0.45957745115665294
0.09628051650174367
0.08700560801879612
0.03321313555886889
0.04960633937365217
0.20950734868688656
0.5090980589473655
0.06689803894616808
0.11039761302645694
0.016662880144158617
0.08743534583385806
0.3787784779971371
0.4576440213066706
0.0
0.03450984647281901
0.00983681908116413
0.11923015308152438
0.4166638771841472
0.09216518425339866
0.0
0.4181767230455433
0.0
0.07299220035702528
0.13204463352288165
0.06807065263892391
0.21690185788778163
0.30037936648799324
0.28260260355827466
0.0
0.39902389675731886
0.13208399463288387
0.04447931806616576
0.15955035141179644
0.20859942200907663
0.05626238040315942
0.10530907716022356
0.23607244883223027
0.04207630750576864
0.5393358063847297
0.07720531342972173
0.0
0.08224112533242978
0.037682998923593926
0.0
0.4501208404913215
0.26685922681064134
0.16309536434361713
0.15507682331736264
0.0
0.0640230149205415
0.1829979664872235
0.11715704336009061
0.48074470351627535
0.08104517247249242
0.0609188007355478
0.11590526256200301
0.21933792741848623
0.15531323719032047
0.3674791465648574
0.06784560367026218
0.06405992721048391
0.0721577583612017
0.18003136250346297
0.17164083810851163
0.4442638695468055
0.0
0.05160505673388836
0.05575474059699382
0.40875832325885575
0.32636016241009436
0.15752087184320943
0.3865250927104006
0.4528619002387008
0.03288054062850814
0.02654141318762746
0.0
0.10119050028864257
0.35360707701226257
0.20358079668210327
0.14178953649214218
0.2189484330925788
0.08207356815197346
0.0
0.1750624986720347
0.32825429903883163
0.17216824247836898
0.09014408011926447
0.18718236036688873
0.047187958199053116
0.27840765988977967
0.08871794638218718
0.0
0.25616883216793546
0.2279505170800557
0.14875450656190195
0.4618723237210267
0.17336990419103257
0.22872967822453733
0.01759959391492231
0.0
0.11842795420823225
0.30112069939230196
0.03218852073451369
0.04280338434657869
0.0
0.3335248149915297
0.29036233406599704
0.17403853618284587
0.2013376162729563
0.2987551963498684
0.16096159499091467
0.16490677662602388
0.0
0.3515390555999138
0.37011839340925085
0.0438413949802906
0.028526288403926393
0.020755924681531708
0.18521846320364047
0.2628661449571444
0.31577557135740564
0.09685105761715893
0.15045229862654436
0.00677263502581994
0.16728189333454999
0.1457378961654409
0.1410843625340634
0.23763618544798826
0.20563621987203884
0.16760157412566035
0.10230283522768531
0.15296586212393276
0.06842796953026875
0.05201325808479651
0.14352033994971847
0.03945341861461679
0.5436183452653209
0.4692437229430999
0.22952345008091107
0.13039768210670266
0.0
0.0
0.17083467340735756
0.20295982798509726
0.4125718219233913
0.29768641253225153
0.024522446219622022
0.062259130715432605
0.0
0.08695716163686781
0.4695888768436404
0.21896873933287891
0.0
0.2070424645325864
0.017442158687832523
0.18189997066325994
0.0667258091409976
0.13906865308490338
0.16243444889380354
0.10258974920121498
0.3472808462091309
0.03532374454519879
0.33545718082954795
0.2618561049307299
0.18723655258297006
0.0797089664457844
0.10041691521159629
0.18035897424303274
0.5729581137755301
0.08920223204279776
0.06727438738490765
0.0
0.0902057991021529
0.019364146513275126
0.0
0.15440185247643404
0.06809557913410991
0.5159823980542102
0.24215554212079635
0.05435795362119151
0.1912385598569805
0.11375871969686227
0.07720891361360806
0.24331847276626592
0.3201167665346122
0.30600186296153675
0.017159370352596803
0.33138746433435656
0.12509611189758268
0.06776243993865773
0.15259225183121836
0.15711623110288986
0.1884622297874249
0.086821641850572
0.19198975584226255
0.16997326602691015
0.20563623809716042
0.13206486422017116
0.15944505640153228
0.14999846366314723
0.1641543370902563
0.17618274350462076
0.21815352418261708
0.3161765121298561
0.12277397764320981
0.07609973438915393
0.261753613426782
0.11599643597933094
0.1071990104188288
0.23015557719088686
0.24364947987196092
0.21512700430693985
0.028815389321788454
0.10634725873537103
0.17590367974388113
0.19676863592665064
0.2225086687631926
0.04820387691761104
0.05123766327575252
0.2263097141298199
0.2549708076021336
0.17383280784442828
0.014046379172034044
0.05668779331077878
0.031408661709275004
0.1353702765230158
0.5886534606723249
0.2639914916105491
0.2589037290359682
0.10000631929090752
0.06717027912209138
0.13263247957230018
0.1772950145861421
0.26013059567461544
0.06878338944269777
0.33604528306056985
0.07811323751932223
0.1970975622318297
0.05982938444360333
0.22252960680884687
0.18612706680436283
0.2354506004884597
0.19538045070133356
0.11272799036646601
0.04778374014281837
0.14825605089454238
0.08517070401257569
0.14201699344100382
0.31584147616398983
0.2120195551197444
0.096693560132885
0.23015409778991197
0.27989140456219996
0.19206716882552627
0.18279985899868512
0.04107343377302896
0.07401272767816719
0.20561896884484945
0.1400663861523415
0.29726264416641385
0.09264450095473208
0.03368763779868336
0.2307194039915139
0.0
0.07826031120948701
0.28795993447651363
0.5113186628947297
0.08078757982960946
0.041673047983069915
0.3008804537418171
0.14204308388009565
0.09455783524414377
0.11448386722659933
0.20108701330557338
0.14694684601901745
0.14122246480605974
0.1607694799939392
0.07643553190223963
0.24562620944411978
0.20526855199894872
0.17067711915341705
0.06062936864450729
0.17955622759145826
0.0
0.21843543634780754
0.4855129969442603
0.05586565411384886
0.1972299713672229
0.20104116490245058
0.0548995646424649
0.0
0.22310068121759083
0.32372823334563644
0.1275429371140964
0.06239080641572429
0.0
0.296407053821284
0.27991251302383624
0.23374612861474725
0.1293303853367046
0.08156837243625266
0.15967945818877607
0.3767395810074506
0.1535912273487002
0.0990904062082623
0.35236156166478083
0.07781848956847735
0.0
0.13526195330084387
0.32064292759277935
0.11391459123881896
0.12290665530422175
0.11408233455809882
0.09111093348317695
0.3448981627247699
0.2918185148160557
0.035182703754483166
0.23535767006636016
0.09662929647167906
0.0
0.2237626516248196
0.17997468086040316
0.2642749759643686
0.2317052285763993
0.12762798303519154
0.0
0.1322359205087446
0.011037026554866762
0.4973934104013149
0.20197666837466782
0.04462336991457403
0.3772212637279628
0.2702230354767476
0.0
0.10595527986380979
0.16114035555879913
0.0
0.14771625951671685
0.13231686768396578
0.38597237765512515
0.17285352387101982
0.26930932760107457
0.12033711129056684
0.05595927177451264
0.0
0.11586965243746494
0.4385240467715231
0.15506596254764732
0.35346275989552445
0.24974885741539343
0.0
0.091052322167705
0.1506694908270041
0.5009785314709129
0.12447452290709722
0.0
0.17682282115143266
0.03830325409083702
0.15941983173690596
0.0838051958184294
0.0730207186869397
0.028437574804323622
0.5822814385653513
0.0833157772902114
0.1491384627430987
0.3051834432883953
0.1571676728237683
0.12733922694091324
0.15551372997152302
0.1421412118607833
0.11265403624752798
0.0
0.2046731710608608
0.32505527681369156
0.35702609017265713
0.06294893960777607
0.050296041916754276
0.24895755645545092
0.24678685857956234
0.14469173347294595
0.22185419564338243
0.0
0.1377090868132344
0.2493231832968406
0.21449417555251232
0.14221687457670742
0.08753360806570322
0.09403256821680112
0.21239882721291603
0.22089955129325758
0.4381382820347875
0.1579548835373973
0.06715087496545061
0.05409467012253749
0.061761082052350647
0.15510265836850473
0.27596320297342053
0.2609323482500033
0.0472947447089322
0.13323584673048483
0.12747065124694199
0.39988077800342287
0.37570420646478897
0.13366312939477726
0.09075126278283822
0.0
0.0
0.06902469685248457
0.24387484711788288
0.30913928222004655
0.18311347745029244
0.13111578455421327
0.06373148794454699
0.2895526441047389
0.0
0.18175778361622863
0.2858145260229653
0.01817548075539417
0.22469892290041799
0.15521310706088748
0.026085386481909948
0.16366101742278333
0.06959299124829038
0.37270446530951007
0.21274232513725894
0.05167856799758287
0.02185034541735296
0.0
0.3201268766070145
0.5699740623729125
0.03636944819264632
0.0927184880847933
0.08579249608103627
0.067445922432706
0.24074796414638544
0.2678373081087825
0.2454571489201309
0.0930302660605131
0.06256274683599188
0.11043922224642225
0.1788757745579062
0.22714663321586884
0.32794489485868195
0.27233813784251887
0.23347696999656037
0.26187179919252646
0.017673936633663265
0.03527476392612103
0.1793639907282298
0.28446524924799804
0.0
0.2434796788976983
0.19921365965300522
0.04916942253688766
0.22367126783245006
0.20797675682786737
0.11720826312238938
0.25026790850655956
0.1062239965915538
0.24275274315395037
0.07556957056515277
0.062423665170234253
0.2716755984799952
0.0998591202355512
0.12387726346723242
0.24105282284534843
0.20111067784900935
0.08152794663891132
0.5504913367117983
0.029606413653226315
0.23231717278453268
0.06622047651091942
0.0398363860950951
0.0
0.12530835771226845
0.09226335851628925
0.5238632487173548
0.15190220271612245
0.10666240020001252
0.18457847722350426
0.25988597859175583
0.02971063549341845
0.16360938709348521
0.10918477610365439
0.25303025466067264
0.31111056156126604
0.06649540877661261
0.12666311868321573
0.14910447178596606
0.21740643284814082
0.12921957202627887
0.004263634581014804
0.017609804698957766
0.0
0.6753400538458723
0.30278624835332657
0.0
0.0
0.0
0.08681904898315816
0.8055543406925612
0.1076264495877107
0.0
0.021960707250857858
0.0
0.0
0.6786370748144376
0.2994019257220817
0.0
0.0
0.09158074137715215
0.41099702220038403
0.37228729862323423
0.0964035000453057
0.02873096618385562
0.06858995576223104
0.4696348371773817
0.324018874864274
0.0856125272769952
0.0521434296565062
0.0
0.39916911901656105
0.12615133218317387
0.14248236098314868
0.14268974416403363
0.10682874039279708
0.08267777889460548
0.3037861927045033
0.31053014338938034
0.16201035062403005
0.06801962571698005
0.04627890415063268
0.10937410401678294
0.09062987708861184
0.20609432070488806
0.18024756540161999
0.3919449930118507
0.037783462344528854
0.09329889285620088
0.36241426986403547
0.22356484761490303
0.2252537116876305
0.10554402655870719
0.03888567749705594
0.04433649463574496
0.0
0.0
0.1342017950736831
0.5240114409660929
0.23027462356382264
0.11151152939409428
0.06606760133385889
0.23894021634876877
0.28018803447512197
0.014583003855283256
0.17581314492222164
0.22440742262094102
0.1953415397556586
0.47667969813189465
0.08373118790635287
0.02888493335125909
0.13246522453201784
0.0828969005204379
0.040656557102520044
0.2247337434226938
0.08818236869885417
0.1748722528081931
0.24417097367023036
0.22738349025942173
0.1319612989582389
0.12146958556761732
0.29028109421199255
0.19739981003744295
0.08342381624661764
0.17546381109763018
0.13303440574661154
0.08813604002747157
0.11381094943144583
0.33800713005510996
0.2588496704433128
0.0681611551127529
0.1958705815003833
0.1768199865007772
0.18305901536862013
0.20010861969253135
0.0991882009395126
0.1449531786595515
0.0706495441390788
0.08544651057160432
0.23266735274192427
0.22191013459330186
0.23806448981381217
0.1512614718947208
0.0
0.27173381108116934
0.12046303496168867
0.3950874582809514
0.11444304314044564
0.09827210778877456
0.09347254919676874
0.17265435263748038
0.06751871068501832
0.23494701189118683
0.0
0.43140690832923534
0.08909714169401943
0.3631414168865363
0.33292125063489025
0.08735575621832399
0.0683997716712217
0.05908413023795361
0.2755130363917248
0.1557109665559657
0.33312175910045266
0.015419270256600458
0.13390566607929325
0.08632875646246028
0.35324759854071547
0.3897910014829492
0.04294022204847964
0.08605984325348469
0.022292418307922546
0.10566845354531439
0.03989313617430561
0.24402114898923594
0.41343921780713433
0.22233347567872772
0.05866003074232931
0.021652623983080464
0.08977975667476068
0.17085504679362018
0.2433095604817375
0.33717496667844943
0.0404197661812549
0.11846052043821277
0.12704822541657146
0.0
0.19837315800286245
0.3633668802851538
0.06003614425619155
0.2511750241497262
0.06570726203404922
0.16639688761427612
0.14594204859957713
0.045658662040178315
0.11262715047205493
0.4636675326532439
0.08337819699264062
0.09229166697447366
0.08441774122490295
0.20730538316945493
0.43990433504000404
0.09270239899773608
0.2829871637287341
0.0
0.0975900903771306
0.13576124284249183
0.17424133542309078
0.3094196953334801
0.4142412104886384
0.13023094851934086
0.24338547917301787
0.0
0.08996429706888912
0.12217766748166378
0.0
0.20889570622930134
0.29721259444974757
0.2318120450139297
0.11777671078176045
0.14430255293404953
0.0
0.0
0.255877793094165
0.4566202035156446
0.28750164039264464
0.0
0.0364285206592283
0.12804715568688702
0.2052652445735536
0.09647506280273944
0.336082852781228
0.19770040978491865
0.0
0.007330679240633961
0.010705759242580862
0.4578488009653278
0.47237105373150723
0.051743382846626884
0.0
0.011233194158290183
0.3617839069665675
0.38947662025048163
0.19742793216078788
0.040078131077198285
0.0
0.0
0.2788582590367756
0.7211414600916222
0.0
0.0
0.0
0.0
0.07304716099159321
0.9269525588853396
0.0
0.0
0.0
0.0
0.0
0.8947904329159901
0.10520927679391978
0.0
0.048767219446582834
0.0
0.03131890315627734
0.23420737577793108
0.4278849307389117
0.25782113656523564
0.05847126995246448
0.14205792687170515
0.21988099439117204
0.19353446575729655
0.1826981123558783
0.20335601672784143
0.23360169921582208
0.37251532557436884
0.0
0.11067811062818303
0.0860839626721013
0.19712018210447857
0.0
0.07755783853199096
0.5713008666164785
0.29441960310387744
0.05672101953908617
0.0
0.0
0.021801801031834534
0.12488136784664937
0.15231367706466942
0.5349050771507663
0.16609749915950234
0.0
0.05156859037809072
0.14468144933400762
0.3631440087529761
0.38955131729366416
0.05105423788801755
0.23171852969969092
0.09973760382910549
0.2549060145309606
0.21896942123896815
0.15735651444005286
0.03731147605188682
0.18525353519834364
0.25096919454837324
0.2620163060188599
0.070715788405761
0.018801129650092955
0.21224331211779388
0.05871141212866693
0.0
0.0235659676374157
0.3032630357568258
0.37055549249850944
0.2439029979560219
0.0
0.19617695492159914
0.2100696696255712
0.3233233411156796
0.0529310769137308
0.2174977340535546
0.1897033996939887
0.22257882459174314
0.15837614720584708
0.18475805689458455
0.0
0.24458291744860744
0.2379817893938352
0.23525043229480258
0.3178703361806711
0.10918984571117465
0.09970692081994072
0.0
0.09003446061771019
0.5205325458304135
0.240366957095313
0.08822997455293706
0.06083544072512294
0.0
0.1261419386359682
0.12783223817031877
0.28209743675371207
0.14424527944437188
0.07748325685099433
0.24219919151722477
0.4718764699086325
0.23834201676944497
0.09249728286493417
0.0
0.030256164790543716
0.1670276381215926
0.0
0.03301554177979896
0.6582159823373057
0.1876826682569213
0.06407803041966142
0.057007352109603886
0.024091679196114543
0.0
0.09582678603414085
0.014451891917669423
0.8283912317266466
0.037238084022211064
0.11953579040676729
0.1229229083020537
0.08600542278172933
0.10035468297000269
0.16483036969602297
0.40635044213528115
0.16314313607174283
0.22491334710205801
0.2500089536867271
0.07679247339327429
0.07552124099414304
0.20962028709665367
0.0
0.045483796737182274
0.04694722396421476
0.5730892715591219
0.26719298448035167
0.06728622461003693
0.02789244336297835
0.14096841844867058
0.34099039540068377
0.32603350618431753
0.164115003907637
0.0
0.5569980599025015
0.33712067707359894
0.020113970010712353
0.08576698411533189
0.0
0.0
0.056529324825548295
0.10305269189059198
0.09706262378114017
0.21982634080796232
0.4057749419915896
0.11775371481123278
0.019890881982173994
0.0
0.041705568009569455
0.3774417222610671
0.5012886973679287
0.05967264738595421
0.047913213441457846
0.0
0.1476205602449543
0.02269573386943714
0.4638991201495871
0.3178710570760502
0.0
0.0
0.29834781570804125
0.613279507661119
0.08837220943988679
0.0
0.3891311336198487
0.39278714558983474
0.13354184383321063
0.0
0.05216780642895615
0.032371795518543627
0.04569953127024855
0.036782638793312034
0.0
0.5537030008935515
0.36381453619341353
0.0
0.030218271917338908
0.0
0.01750679153221566
0.16492150866651736
0.787352983497581
0.0
0.0
0.0545358999973721
0.049896974061618804
0.8393717771825507
0.028097366341483233
0.028097366341483233
0.0
0.0036753004873510257
0.0
0.31112527616623514
0.6851991685101758
0.0
0.0
0.017369347443594474
0.031305575853285104
0.0
0.9068261095697231
0.044498691086761195
0.5914868508709149
0.0833337181990923
0.036110615584506886
0.014163749867124499
0.13090262042374196
0.14400132531194634
0.0
0.18847788642767271
0.16102624726284376
0.4506578879466597
0.09209325134739163
0.10774303589385459
0.056244012856478426
0.1312371494620594
0.08388638899231167
0.25615817748215575
0.17232596573940598
0.30014629675285254
0.23995935664749463
0.0
0.094269437117753
0.17806597560107673
0.2942632953748425
0.19344160414425646
0.10114935024612748
0.309220938240801
0.21011182937945633
0.18453727453030813
0.09858062459248214
0.09639931497077713
0.06189325634490992
0.3408095127399677
0.16958471244553458
0.15886232069644848
0.16029699808341158
0.10855247902563568
0.5360818930692696
0.1592322615399752
0.0
0.13847628953319496
0.10659051761816409
0.059618430267763624
0.3214013933840107
0.44440372111666493
0.0
0.07464225354948055
0.13434162891180382
0.025210319427267452
0.06337556214205671
0.7590139384713324
0.17760990444472935
0.0
0.0
0.0
0.04992957034854689
0.17545598428526157
0.1945289143228783
0.08751936490052205
0.2501381474296563
0.24242717329883026
0.18892926555718997
0.3349496537717486
0.0
0.026267205174143084
0.29482974862961947
0.1550237073297645
0.2644434888258561
0.3369830474673191
0.15201529986341858
0.058815971195786645
0.0
0.1877415604736084
0.19696904672634388
0.018461834868263326
0.11575892946759718
0.3190981822681784
0.14986576134821425
0.1998458111355639
0.01208823445124883
0.0
0.068310937078024
0.5316173270682131
0.38798300457915885
0.0
0.3445169675775084
0.09097981989960101
0.5056162458293545
0.041097261392881335
0.01778926056914725
0.0
0.19640419777386678
0.5391325450879044
0.11886415112767232
0.0293838617775479
0.11621495385824687
0.0
0.034222997865700475
0.28588602008525776
0.13264385152270614
0.2630084940080908
0.07894269244406131
0.20529523109504547
0.07945092320437233
0.1100852327098861
0.2084896020994912
0.17952798183953
0.14584798027476173
0.2765977554874027
0.3098241712756069
0.0577390082147362
0.05677403557304355
0.0
0.1703191334312091
0.4053433093689592
0.07263399280887554
0.2911877045845556
0.22469594595403097
0.0
0.1740572058243553
0.23742492187081576
0.06318465339865241
0.24251042380775567
0.15501139498020394
0.15393344536487066
0.3853598220139429
0.0
0.0
0.0
0.08057160575930232
0.43690150263505767
0.15939661368520183
0.32312967196471765
0.07365054367020331
0.0
0.3074407602482233
0.40723781370118384
0.10591745598663603
0.10575304010078489
0.0
0.03731524214652958
0.34088610148905363
0.19998679464432542
0.3282645482737134
0.09354688853068803
0.07028501896754738
0.1720629531693021
0.3107045509478693
0.22586187280006734
0.22108524682879765
0.0
0.1473760347372532
0.11603140366555151
0.07523853752197364
0.0
0.10626951964260459
0.55508423478311
0.08733386744098989
0.012725140139658907
0.0048356265108602395
0.0
0.6284655955607119
0.2666395792028701
0.06366763403208144
0.030867159642442084
0.013804213077656138
0.104552655361232
0.743454746479255
0.043652754403942284
0.0
0.09536974690605607
0.20427634722539179
0.28148579456727946
0.2579297548900102
0.16093649910461716
0.0
0.0
0.0
0.12742611328770656
0.86724319783056
0.005330427536016112
0.0
0.0
0.0
0.0
0.9999998112247697
0.0
0.05711186311845671
0.08165074531867712
0.024814136690644542
0.14301429673307173
0.389204098907649
0.30420383937680673
0.23114438548088465
0.059764159807129416
0.2400235520062704
0.23926033476821557
0.11319943714357879
0.11660705531429266
0.14556851426688755
0.0951523900240715
0.1981854198190855
0.1311876564546755
0.32994888852831783
0.09995657948186451
0.15754049509623821
0.12897533321087393
0.0
0.414544312611976
0.1712756986667381
0.12766345705584106
0.362944930977563
0.2952760488417957
0.09866908428261498
0.018636530279609327
0.14916953721277246
0.07530330340280979
0.4193756398818506
0.3291411146666231
0.12591890374928524
0.0
0.004194964261059207
0.12136863586923849
0.22498174384915542
0.34942196007412535
0.17841543923211237
0.1328577941251224
0.1143226590377813
0.0
0.42651560929672905
0.12389541310871117
0.058890542925525556
0.1125108391537993
0.0
0.2781868805208451
0.3276657582659689
0.22672542737677656
0.08756256955641159
0.0
0.18209710200521828
0.17594847228912322
0.024764350195498996
0.23807074921522203
0.48806294247501186
0.09099227340907942
0.0
0.15810907761909399
0.18189246957927147
0.06449088687432807
0.2866104474902353
0.07296621258696355
0.19955791086444993
0.19448147382187841
0.33196628685265384
0.338515834387615
0.15972311798723926
0.0032993986079819255
0.0
0.16649494973967477
0.02645771240298869
0.030521347158408506
0.10676798404404426
0.14173081490311318
0.3011470445944724
0.3933746866875494
0.24740069166155232
0.011134008639561294
0.14467800799938954
0.06558153266351938
0.25967469852641756
0.2715307324706593
0.27633993190412454
0.012137550802268823
0.0
0.04555661135100449
0.468248326942213
0.19771705860718145
0.22466321689882815
0.17608980787916542
0.08558822929881452
0.0
0.43446461475779896
0.07919371368508292
0.197355342406619
0.18664693577682082
0.09065221349811772
0.0
0.30306001796326726
0.2222851789238605
0.12668293472992415
0.011155793729642906
0.022485222572169804
0.10682598008135234
0.45993273416458236
0.27291684170122504
0.09186184221851056
0.09833940272656211
0.0
0.3361085573436722
0.23101433230648974
0.24267561960659836
0.5314218937606693
0.2245224878544829
0.08193281782183887
0.14115310602779813
0.020969170305960995
0.0
0.15057649357659875
0.5100822605033895
0.12708064001965766
0.1714780400953883
0.0
0.04078202315295498
0.0
0.03399595274012263
0.07339688212402447
0.35267868144204917
0.5399278337310709
0.0
0.0
0.015497982388710897
0.17089913069772877
0.05339101890171031
0.610343744975768
0.14986792659135867
0.039912908241624995
0.0
0.0
0.19832505127738664
0.23512929458481827
0.5266324367815675
0.0
0.026114831734589845
0.16342550771988723
0.37312762826370766
0.43733164757398135
0.0
0.045681653588191845
0.29166474392576786
0.3400053155932863
0.0
0.016435429871725377
0.30621259397839184
0.0
0.0
0.0
0.08071471728957653
0.2800909633730423
0.639193909570501
0.13928564332457266
0.0
0.0
0.1828041704701584
0.4208081358713466
0.25709963321355195
0.14528762293463382
0.10284111853952413
0.01689113474766902
0.045948854349212524
0.39767565248221953
0.2913537284605372
0.009757985446502157
0.013387845611322401
0.04044148733954611
0.29806433869743276
0.6188317803473967
0.019515970893004313
0.0
0.0
0.01588281221243361
0.08254318201254593
0.9015738640545525
0.0
0.1400089244357278
0.208154067169954
0.14000887594987077
0.18816089169753955
0.3236665628654942
0.0
0.23565898760431395
0.2889034857196686
0.3315001392987818
0.07472062997234569
0.027770596388194808
0.041445679999857175
0.3716647672381016
0.368114621306459
0.1312018607192735
0.03678335071851112
0.0
0.0922348437044209
0.2957364677424001
0.08183720194819823
0.038470672317046054
0.07684594070442999
0.13500289372141447
0.37210608466320816
0.13611528595913505
0.0
0.030891928123947344
0.19811926357385334
0.1855938271475549
0.44927911633352036
0.21837051142397745
0.15843733948607186
0.03523042010506416
0.10570700871466131
0.21089739537810798
0.27135682057011007
0.19696780167526315
0.21011742068043918
0.4201438363116507
0.07156364373631745
0.1012062731657284
0.0
0.06837578404542866
0.12978936866456825
0.01003791116730747
0.11300628462393167
0.5847735540180594
0.09401670069745191
0.04030516996820777
0.1340307416700217
0.21272711401903324
0.35584765621934816
0.18553907529301744
0.07154975405840157
0.2641692696793779
0.11937435115517486
0.06154246019921459
0.2657858248621653
0.07831016914750596
0.21081736464552348
0.22689129428111812
0.06147109835369468
0.04950525939932969
0.27876987653832924
0.17732159040995832
0.20604054442619213
0.5468784726198854
0.0
0.0
0.0
0.05661530000054393
0.39650597418825556
0.5255745419560085
0.15808635561555462
0.07384639770659812
0.0
0.1631395582158532
0.07935280992668405
0.10650753808709504
0.2891458569977435
0.2835816262129414
0.3207645198909923
0.0
0.0
0.0
0.1676774073461503
0.12668747844645556
0.22487764376192448
0.13627194689118374
0.34448513159378663
0.24404921315812253
0.2623694574643394
0.2352434542783083
0.0
0.20365785162400113
0.054679634175536514
0.24482492534213535
0.40803306091400693
0.07272457360839368
0.0664547438776171
0.20796195463352793
0.0
0.1253565025859951
0.1931470257176897
0.2886049427754286
0.0919578968998789
0.16316905399392234
0.1377640979667662
0.23267430729701677
0.08820824964916506
0.0
0.0
0.27994006164393254
0.399177148739772
0.4041168903004423
0.16297854669919765
0.0
0.19229548815739111
0.05873423955124902
0.1818741230344586
0.18204367770824356
0.19107980679354128
0.0
0.0923439455517591
0.40670149380745035
0.12782984739595005
0.09145090532924396
0.07060362490107261
0.039367182248094254
0.2123204081741
0.46744810084890853
0.11880935692240298
0.0
0.0
0.02366731836167005
0.012272359923695202
0.6389944197354808
0.3250657315297173
0.20019998372095632
0.01679435674491948
0.010509539831330633
0.04121414906283851
0.7312814827468267
0.0
0.01575166344514706
0.009463796083494245
0.0
0.023129201543218608
0.8735443245260833
0.07811073936608082
0.0
0.13959639045576216
0.07909430757594194
0.03835860384255929
0.25340355006639015
0.4895467161631901
0.1484121053974041
0.0
0.0
0.0
0.31527279474355063
0.536314474692657
0.0710926855159812
0.08620786696339026
0.3627369218576126
0.40962514832564606
0.07033463123142299
0.0
0.35410017626142526
0.07111670746698433
0.0
0.16212255427869424
0.3172439312630693
0.0954130748945065
0.0438003812828373
0.1203120141078344
0.027442192717795754
0.11270901312750103
0.5068147623574142
0.18892036243482904
0.0
0.0
0.22971842038134893
0.7085261001412132
0.061755281973517956
0.0
0.01990514722734848
0.010556298790629155
0.0
0.35031303783253764
0.6192253088041964
0.0
0.0
0.0
0.05113288680203055
0.06939688194415543
0.682324491085794
0.19714483822501408
0.1897458585732547
0.35578913962449166
0.3566004639929524
0.09786351951345948
0.0
0.0
0.29154965776982117
0.023788926097757367
0.06326768028596304
0.014860823767270496
0.21034195090865498
0.3961900323690268
0.41544355480925643
0.20637097394681453
0.0
0.18710214434458464
0.19108258669392178
0.0
0.3947644972135076
0.33993137034192905
0.03698380815298382
0.0
0.0774268217056599
0.15089310396459876
0.22589700378787547
0.0
0.0
0.0
0.19484641432214225
0.579255386726304
0.05957514803013724
0.09323425921454967
0.15231744196487712
0.08036372412476646
0.5916005638049853
0.02290842743681591
0.19942139321947921
0.31916526018339025
0.0
0.23249339766646482
0.06013399990009489
0.18878543787626195
0.0
0.1353268943664445
0.018247640595098133
0.2001599942191342
0.1769436417868526
0.4693214210028177
0.0
0.032853709201952255
0.0
0.11238839161897285
0.28942864480259817
0.5653289552611043
0.22244589048546878
0.0
0.1137953302000162
0.07906210713739441
0.3802241312026398
0.20447200262601986
0.0
0.33054091961066057
0.3276683153385431
0.24148985760470174
0.025742848093443738
0.07455769558472938
0.08187889083176292
0.1418618413229616
0.02882189665128998
0.2646000992344576
0.2530637434941497
0.22977311106346365
0.2514890851643536
0.07280358322424503
0.19398578455409277
0.12368276914887973
0.2389967860348667
0.11904117321022546
0.15053611348224602
0.2288991690347925
0.2776281924907769
0.13460165307264838
0.057599709981592244
0.15073464367319386
0.116057602467903
0.0267816732828284
0.11952420161927856
0.050442847881848545
0.2187926214348592
0.4684006029307139
0.02797552213864289
0.0266799795087652
0.01978291119178412
0.04381300800521008
0.8551374798693204
0.02661085938324531
0.20982850690066376
0.0
0.0
0.4313358704654125
0.2743796185481986
0.08445512738367125
0.21347748328045407
0.06390877422289948
0.023874990811084757
0.0215876327165949
0.19279732671305366
0.4843533016278942
0.09292191598915425
0.11998344182636257
0.10715765787623033
0.017000643189494097
0.3783825085562432
0.28455330539494056
0.09065167667135239
0.0071190045476895005
0.10773400177077161
0.1188436225006174
0.5367409929931953
0.138910207902221
0.0
0.0
0.0
0.07435925398544024
0.8825669154813917
0.043073677214030257
0.04844983648078564
0.014198057925954377
0.044356147065634774
0.15651486657444327
0.7364805899760531
0.0
0.08140997511531459
0.04179280214748923
0.0
0.18588185661798867
0.5629368354219624
0.12797830773808594
0.01941235433646306
0.0
0.10540753030907177
0.7701204920430798
0.05716729010021432
0.04789215682268012
0.019045963998499713
0.040402589791189714
0.030380907911582388
0.16204462848982107
0.7295042385319712
0.018621093861317883
0.12436230589321999
0.0
0.22098164295590633
0.17425936578168713
0.3499233498817589
0.13046992759372913
0.06230931302755204
0.10392464126785729
0.15175676747767944
0.31476887021360106
0.2410996066231254
0.12613939236392263
0.2370700888375367
0.23463266839092842
0.0
0.17854588803653587
0.21686109250074226
0.1328879420303785
0.03907042055102713
0.0
0.0
0.0034641434008625778
0.33721203721318127
0.6202530115319373
0.02817990773913194
0.01372627956907375
0.06278621692340224
0.4039140228085554
0.39259328796409604
0.0988000038705707
0.0
0.10842467234873719
0.19949350175735694
0.34803229394810703
0.2966260624880642
0.04742303123576046
0.338064775304399
0.08332443722525477
0.13752174042277013
0.07137135290914949
0.267530930750052
0.10218588227301241
0.38938907257725247
0.2339750013795835
0.0
0.011605146860021117
0.05374128347053781
0.31128852861701184
0.04187647079808067
0.05626981872752935
0.09340859565793769
0.1837349831168449
0.3793826196893028
0.2453269602393245
0.08435792538635849
0.0
0.0
0.006413614112779569
0.44852739662446484
0.4607002621746151
0.2595022580064448
0.10663747898011158
0.0
0.0
0.10673104258334547
0.5271286899702505
0.059638411118603435
0.06646859436988789
0.14077379201809162
0.10901514688759252
0.37457912031876567
0.24952446733761538
0.11937279334633902
0.3519120261879917
0.20121506648712614
0.23804814427215
0.04800816031947139
0.04144318117140923
0.08243746518579778
0.27983526593455615
0.034286327011117765
0.5412508533942512
0.06218952572238545
0.0
0.22541643844286477
0.13906744858898812
0.2844187370616151
0.20527125944134977
0.08884559253331113
0.05698004153494825
0.22447001606710015
0.47002282084930236
0.07202569248691204
0.12119968553960775
0.0530016232091346
0.05927985502363376
0.15318450177477935
0.2774689961157627
0.27404117009698026
0.10737708314913712
0.0
0.18792785987013755
0.044832479559221386
0.0
0.12461123421251342
0.19320443959003777
0.43563917208918734
0.20171197945094096
0.0
0.12113985906639242
0.16609817988947775
0.051083977021595416
0.2639749799351459
0.39770233562297347
0.37964927879504085
0.11865841216689345
0.1937394500717724
0.12881758180552672
0.1362764026851925
0.04285798773751056
0.1635355569292409
0.0
0.06640100659314312
0.18291635815919832
0.3997232231198685
0.18742337317048266
0.09165587887377079
0.44343548704332764
0.1124811079274501
0.2635212255809007
0.05685971078162292
0.032046218664806315
0.14808223258983685
0.1706645440430505
0.0
0.12477230656005728
0.355277473963795
0.2012029907059039
0.08034375884807383
0.5088750938363235
0.29078651224354174
0.05771652142007541
0.03178548785658027
0.03049219560186822
0.11435917304517641
0.043222688898096294
0.26937147280116014
0.4635607013021037
0.10948554109482564
0.0
0.0643256739326747
0.03469560575729043
0.0
0.30448272465605
0.5405757019382167
0.05591989276455969
0.0
0.03638404748450157
0.0
0.1411142617217253
0.4743840164592272
0.3481174637708769
0.04146400007910039
0.0676531804639601
0.30947504784837143
0.27883006628702856
0.10780728244802143
0.19477013690808828
0.30341000339753843
0.13678406059602344
0.05598103102358571
0.28362674463079335
0.19657223506941257
0.023625359557879165
0.11755577239755005
0.004855531773265107
0.0
0.0
0.6335463871484016
0.24404213701181895
0.007675561419834759
0.5240226902851756
0.2553171360526366
0.05546020614858158
0.15752416808471167
0.0
0.031933007420821446
0.0
0.2619519570244299
0.19372201170238845
0.4753072656164987
0.03708555306443093
0.0
0.010425702115451232
0.0
0.011656289142015837
0.7448600249571942
0.23305762233915042
0.1592309013251976
0.3297694319226354
0.08074517011187587
0.02854772792614505
0.10986648036318224
0.2918370966180728
0.08594722318816538
0.010262397406693734
0.0
0.0
0.5637264801749384
0.34006362727721207
0.3073839935009014
0.26595222938208884
0.05313554254200879
0.11049664735668144
0.10732396745190183
0.15570727915395305
0.0
0.0
0.0719172144063688
0.7322876832252606
0.19579476337749221
0.0
0.17161204823158094
0.0
0.0
0.016707236905226974
0.6874197734347304
0.12426041932729674
0.13177042197446748
0.0
0.12536395012716314
0.3881834319967571
0.09815364965422599
0.2565277411993979
0.09945367501617063
0.07230537215000821
0.017394922192383776
0.05328816445259958
0.6707890242155281
0.08676850745556293
0.3745682338839805
0.15660597012533378
0.19457115046240975
0.026764792006493555
0.14789635258827552
0.09959291407663921
0.0
0.10586099503904722
0.3695857141308713
0.1987407578686752
0.1146625182675002
0.21114954279572878
0.039536978258782336
0.09432608158618493
0.24650986559493965
0.1587566611656456
0.1682236085403528
0.2926460781500336
0.05567372476672179
0.07197931635886701
0.2776547107326863
0.19640235251796734
0.14985960467892295
0.24842945010168707
0.061520362013272115
0.08330931696849544
0.11254373871030689
0.2109351735935855
0.3274185137910624
0.20427233935099878
0.2238212021046232
0.09444202244780424
0.16985695744782967
0.4289793022774122
0.022458316692728724
0.0604417175834003
0.11138413284607457
0.0807210935542458
0.21687923759766167
0.16279089919438394
0.21018126865543005
0.21804266974257197
0.0801842787291245
0.09759927497304982
0.06147648396221729
0.09624294392056337
0.41410906687095844
0.25038678305146383
0.19447393034844584
0.5596254420748944
0.14726890054451813
0.09863136552251078
0.0
0.0
0.29273942846564877
0.1957368604226411
0.12074108882088888
0.1231024066355541
0.11568302661455292
0.15199656145912235
0.0
0.0
0.12244757125512375
0.2498042665644238
0.627747628513672
0.0
0.06756479073517367
0.6208180341136477
0.0
0.19022288102411797
0.013698924653921418
0.1076950064523581
0.17485665188840874
0.3302478368281653
0.07654584070853747
0.032510336324464116
0.21600495779434137
0.16983406385668384
0.19265287648163884
0.029101199665243868
0.032788028783942845
0.33154526701016973
0.11745865286518799
0.29645345150625035
0.15567077715367822
0.1748828657738303
0.2501322552518703
0.1696600727900041
0.18787952854994328
0.06177391340771971
0.14538617276961668
0.2035780674503246
0.1277262786112555
0.0
0.14663852452733206
0.37667041898484027
0.2941308136751239
0.09247071109254146
0.06721654671163611
0.0
0.47946929056231274
0.06671201683048592
0.0
0.040675178823490206
0.14014925897840844
0.19142783691741094
0.5918734978668402
0.035873956510738964
0.046780526941856165
0.0
0.028312865030454864
0.3255321989515571
0.4752973354413366
0.12407678272191085
0.3732643301991178
0.0
0.03851487698050507
0.03766986370207816
0.1463661857016167
0.404184505361923
0.38504047978875705
0.1592935301346286
0.07936345834475918
0.0
0.0
0.37630232528007346
0.009311058524591243
0.16939236044092112
0.023164126191631863
0.0
0.3661298572851222
0.4320022148756011
0.06760158607890827
0.028465070314909944
0.08419372988237152
0.07342785800819483
0.5076025608100992
0.23870903954182063
0.03510007780483859
0.18264965473231923
0.12678810367876975
0.2213385016701853
0.3389430823204921
0.09517845153849329
0.19845700105067882
0.15868749021603704
0.0
0.1178077223678846
0.12199794972459298
0.4030465438149881
0.03815964100104984
0.09926323407295097
0.2694408329942937
0.3554623202606565
0.2376736066815038
0.0
0.14230287407291972
0.0
0.18073562849155836
0.24621419076333192
0.27531160869744953
0.15543521178201836
0.03679714959854078
0.0
0.047780925579724486
0.30278036951106885
0.6126412105119666
0.0
0.0
0.03643565066109324
0.043212183736397534
0.04356811277087579
0.6205252461129509
0.2562583627774218
0.08329327695616405
0.045837512061633244
0.0
0.03162398140042054
0.36784011036643827
0.4714045837537715
0.06331960322099325
0.03231083440550982
0.20015519082198854
0.0
0.3546340872162733
0.3495798099958642
0.257736806992075
0.0
0.03235241987184098
0.02591128545291246
0.2731956121022273
0.410803560990132
0.18454024351324474
0.08540987149935031
0.0
0.07652985603642899
0.29066013985666905
0.3628593278534847
0.19319531266412338
0.30327047070967444
0.26674717238695406
0.030665604111585337
0.09482813735168258
0.11129269669380135
0.2981936073670994
0.21593448348012548
0.26325184748235236
0.18465884981349584
0.0
0.03796065457534201
0.10574546450654286
0.0
0.05302938906705478
0.048622310719190244
0.33796873247309017
0.4546335767175943
0.12948255463525205
0.12921984260150654
0.14268110266919184
0.037732805813750867
0.14086095951632874
0.4200221154439756
0.3243537863379702
0.2990545828093947
0.2938799311203507
0.00625880108989654
0.017702561806785783
0.05874981526883296
0.05304881871981976
0.07996972421747427
0.209335727108119
0.1995704121751033
0.2043210095734221
0.2537537502608868
0.12123047989910563
0.1098927681854929
0.05198347236327306
0.14689085918066186
0.25150521000017717
0.31849649279456405
0.30866304943840445
0.3069703750801648
0.13349362527887002
0.0
0.12692412757371246
0.12394826007113671
0.0
0.11108758569201872
0.11481810708195128
0.46510481931864733
0.26746132825403324
0.04152773930107669
0.06320958210576275
0.014125482179706848
0.39834810153704137
0.20303867516594165
0.15546101230191925
0.16581659520221373
0.05041734503725295
0.12426384784323542
0.14920375964212546
0.22625925325118698
0.2173498705304766
0.2325053443079145
0.0
0.037078675457110785
0.2124894613111368
0.1802738823795997
0.4295318583056123
0.14062559859392046
0.0
0.06081332466302899
0.027538126979834716
0.24908242953090518
0.21876168920042074
0.4438040121897433
0.22350117750383836
0.03473111676252904
0.00994348986476083
0.0
0.4218030342315778
0.31002062577933337
0.03617097050651581
0.09917599648641034
0.19234065586381072
0.2926232879530988
0.3068154776507781
0.07287323141341899
0.021349059669355058
0.06937044685908651
0.1513455759106947
0.015735468363714925
0.6487899295433376
0.0934092056970547
0.0
0.0
0.05501462278699032
0.4077140321729516
0.3926750143246173
0.144596141904645
0.08735872306668198
0.1581289179869439
0.07182622655868162
0.0
0.11023849455150136
0.5724473697485181
0.11806484607102527
0.0
0.04014988790148713
0.5974519938455998
0.10729002006673864
0.13704207731784188
0.3493192746564984
0.10848931089230344
0.10352340819629767
0.0033476453018765626
0.004734285337898385
0.43058565715945346
0.0
0.0
0.0
0.05550500421699185
0.2261324486199426
0.7183621866431081
0.15883125064411424
0.1095907380134223
0.05695215302835186
0.15962409671495675
0.11756276867861333
0.39743580919852156
0.2765957778914469
0.08350403304372005
0.0
0.08733137187036152
0.235181230096272
0.31738433245016495
0.12752514404963106
0.18804871492164568
0.02435513515621616
0.5071095004742648
0.0
0.1529587824114552
0.05444929856151406
0.033840957547603
0.041720751357869956
0.12786318114500764
0.26313665163774314
0.4789888821788242
0.0
0.17601357625941572
0.007717306778212052
0.05001377004895864
0.04117133890705938
0.7250836296342517
0.45674061485274686
0.14825959942512432
0.18698834541617926
0.028474044519746302
0.06917547678295412
0.11036116864625146
0.46662799536692806
0.16527541179715988
0.16897728858056313
0.13295735451525123
0.06616093368158214
0.0
0.11273159474269731
0.02297415531799827
0.5029839732442438
0.22621798231625656
0.08996149363694063
0.04513017776760437
0.37418029182085905
0.17413602085071694
0.14180105322721262
0.18437602514150547
0.041180946670607156
0.08432523809797186
0.10064387211213807
0.1436554598743617
0.07715180734904002
0.02983889410446147
0.40232491932507014
0.24638449883006697
0.05584545709367264
0.07850156655470449
0.07599288165711697
0.14896278104936242
0.40036188619402074
0.24033500457357698
0.20553632496565266
0.17615505073367704
0.508686416255852
0.03071895028718447
0.07890266874862603
0.0
0.18242063271580844
0.3233329954669778
0.13008558018328073
0.2500604550024592
0.02658376914891157
0.08751607886320258
0.12752535578549076
0.5954347548509688
0.17813407593832906
0.05839189043773058
0.04051348383897802
0.0
0.14672431111431722
0.36940109877739
0.19983002730215013
0.05979008593106667
0.08832197143468894
0.1359319922139214
0.24350335875215498
0.10303085454216167
0.07055568349906269
0.14255148831558806
0.2320652732109588
0.2082928776586099
0.07937931384741005
0.05575983560502552
0.08899443517665799
0.2702754012478815
0.36922517166093916
0.13636503221846566
0.11273308992657649
0.047316581025707294
0.0
0.45407940181644774
0.2938471295416236
0.0920229462091062
0.0579202338135444
0.048706570350646385
0.22771519434223655
0.0
0.25655549211293055
0.4091019187267293
0.03973596289151911
0.0
0.07106522638595938
0.24454792541703047
0.44707684876595355
0.19757351758017294
0.5882575148336164
0.05001027768932799
0.10578604733525339
0.03582881843818119
0.06661981335082888
0.1534970050673038
0.20586991699679355
0.1657481318472611
0.16310243528021556
0.22436059250503987
0.17560455481483203
0.06531375402695341
0.22603511328478057
0.3794448197341198
0.1703435585889402
0.147948250806453
0.0
0.0762276237624794
0.204509339757405
0.4787899760235569
0.22809972136807366
0.0
0.06622196444709785
0.022378391584520107
0.33554377258585083
0.2921826178107695
0.15685678494214578
0.12387193364846583
0.0
0.09154421467474347
0.07866449609909744
0.0
0.0
0.059337207421178
0.10848863754372477
0.7535092616202838
0.02204322826389433
0.10230775464671098
0.057601623629996
0.2010643845199255
0.4903152962888143
0.126667412902282
0.09486961420781165
0.0
0.33412572267806384
0.49108750912082244
0.061094094236051784
0.018822846739682462
0.10361310101473463
0.5549746319139756
0.268877288797735
0.07253463497252365
0.0
0.0
0.09374492594350597
0.011166824543038913
0.0
0.13899618598245772
0.621151535681656
0.13494034005886732
0.035741442198632234
0.034734438444836785
0.04802612017912354
0.10485032664705728
0.7167800104160753
0.059866172887483304
0.04653733382588432
0.021937909319252265
0.14341317826285874
0.6444251475533512
0.14368255292741464
0.0
0.17937892571631178
0.17921714387624374
0.2586888014171205
0.22374495184298765
0.0
0.15896650800387474
0.07265883713269411
0.017850044254077532
0.02298882269868443
0.02116754948020003
0.22843426848641188
0.6368996890799475
0.0
0.0
0.0
0.0
0.21522083941130116
0.7847788776965428
0.32160928184955795
0.0
0.17412592766117974
0.19469792486956444
0.2592783077116324
0.05028752450584466
0.07656318320023128
0.11111144530787904
0.0796810308789669
0.15982904526124778
0.3453073436043572
0.227507454206033
0.08327350661883666
0.0
0.021925135340815003
0.0
0.5747611739090075
0.3200398242674399
0.07418732478872224
0.0
0.07007221291319043
0.10254616218755043
0.3341322212074288
0.4190615369078027
0.15830736347037422
0.3548837194832152
0.19879210344553835
0.02000795046724254
0.09364402045584497
0.1743643521925349
0.07631750201095634
0.11996592164770385
0.02970883390784843
0.19729593356406402
0.2478243588911728
0.3288869208115655
0.2387982417823594
0.4857619432241779
0.1482654907284606
0.041156991539959026
0.016187880481439713
0.0698291514346744
0.30015767201936855
0.33621335711561806
0.17876637612333462
0.06378644166056487
0.0681040725887776
0.05297175930387371
0.23677095591275474
0.42845245396535714
0.23049676914682118
0.10427944287490847
0.0
0.0
0.0872855513779771
0.12399418794898341
0.3596462062266918
0.168115986438491
0.22723870552337988
0.03371875726804543
0.1866653727350096
0.38372962480587347
0.11052435126755641
0.14629520635665264
0.08033539402064525
0.0924493782728195
0.1120715328749032
0.03187828051912487
0.10080797575754456
0.31934897141138546
0.3421743037907223
0.09371807122506406
0.23189417600746268
0.0
0.11258000098490645
0.3061789926086933
0.14115297859321338
0.20819312133529583
0.03433212568987502
0.04944274080871241
0.055874018740183176
0.44555121902844674
0.14396740873536895
0.2708321750418551
0.5650938131728795
0.08595191308935819
0.0692222985600319
0.1282226325587696
0.1320932715654384
0.019415578215193786
0.48615155791330367
0.31024387228240546
0.1307968119540579
0.0
0.02927022911064305
0.04353684036169697
0.196993476346041
0.05200999579133175
0.3906911391193776
0.13307005251931983
0.07662842204113401
0.1506058988582236
0.25099734590560646
0.14216787874921968
0.006325701027903149
0.18814115203302098
0.16933333976785347
0.243033875281548
0.016437435104151233
0.059279108259255066
0.12215153845794757
0.11347675609782841
0.5923340793701026
0.09632056904085667
0.4073803531139854
0.2706395270428241
0.0
0.13460322933512087
0.09937807844351945
0.08799825255265312
0.05507560315826967
0.0
0.08259841262728819
0.28561592147223197
0.3319101448062196
0.2447995429160566
0.0822824259390144
0.09356783106465513
0.08452290501592472
0.007306780300253732
0.5439343504765747
0.18838525052979838
0.19558867929497595
0.11850840349262409
0.03015836311634536
0.11389879526640563
0.2993226547116252
0.24252284520741096
0.4618615244017679
0.2648663354315579
0.0
0.1871154471492522
0.0522157830732205
0.0339402572469228
0.0
0.0
0.0
0.008774761688956776
0.5844020028867558
0.40682301268876864
0.0
0.12518857424241073
0.2367797133893805
0.1760976305355214
0.3435469532936871
0.11838682263066137
0.07408560989101098
0.21566012457336892
0.3730345760436167
0.14532557397814155
0.19189368196063433
0.0
0.3403280756089287
0.04249100118334217
0.0
0.010855565149289466
0.05871045046501301
0.5476135506477527
0.515439611013105
0.0
0.0
0.05537765979880316
0.25928844968997106
0.16989092173417014
0.0459490619172248
0.023339552396625902
0.020603820537622265
0.12813534408536895
0.4412961386343732
0.34067573979236576
0.22137251660977614
0.0
0.04600136547137492
0.06554311258652042
0.0
0.6670827017719165
0.09782536835976903
0.09535951310002426
0.39891666390539643
0.21130289961605775
0.14014710883355466
0.05644679453569908
0.04889828825531336
0.0337878868170742
0.10316675124231182
0.2772386350199267
0.2535080909940212
0.2833995029741949
0.28365423196892836
0.21072039741911114
0.05315051963194288
0.1063041174162813
0.2995527450082171
0.04661743916373606
0.05963380952027922
0.0
0.03384789756894878
0.3226622205187135
0.2868571220341854
0.2969981934958654
0.2173527288819017
0.3291735412211773
0.2725808784435621
0.1499108378246552
0.030981557227226834
0.0
0.2706368756423235
0.2846279382737873
0.2493279549659291
0.19540675793316092
0.0
0.0
0.09297990106014697
0.0838879550287817
0.21896101784202862
0.17358288509533001
0.3083432888186466
0.12224457327280808
0.06062578527601723
0.3577443288049056
0.402118283326289
0.0827174461933302
0.0
0.09679346747007612
0.23214910588815735
0.35902390559383734
0.08147579377106925
0.32735067912245813
0.0
0.0
0.20724245127188817
0.4682294906966322
0.15602784271121742
0.14079471195129606
0.027704542886754453
0.0
0.04627310226245885
0.18315799471680325
0.16538613079108577
0.17724192905436137
0.21099391313862642
0.21694636889288615
