0
0.045544320222341575
0.02061100583269886
0.0
0.07287091344160773
0.030916507391721772
0.0
0.09082867441207247
0.09815739061697876
0.0931216440976439
0.12569951099878085
0.053198365875476085
0.013908167814079393
0.01457418214539094
0.007729126847930443
0.0
0.03547380717341512
0.015458253695860886
0.0
0.08662063103039958
0.036324370404229145
0.0
0.07469268451312346
0.06698576827760803
0.017282853435832194
0.03961883003228362
0.042815564582869906
0.040619007309226886
0.054829244108619724
0.023204753666817637
0.0060666451454151095
0.08392892468918119
0.04548630684795993
0.005828787120902001
0.06114876774675545
0.04013833338078523
0.0264161593723973
0.03778331105563746
0.015844435321667388
0.0
0.032580424535922706
0.02921872178748594
0.007538659318538886
0.11998002822344789
0.06379610247416112
0.04812065422847558
0.0778689537943811
0.03189570432592666
0.06527088628663352
0.09830657278294076
0.05327844901309166
0.006827301641946137
0.07162400578043439
0.04701432797449797
0.030941443651345716
0.045081161115306106
0.003948935153705403
0.006243815252606158
0.01604286773762975
0.017112054297583234
0.0
0.14053349808457719
0.07472484860696067
0.0563640796637557
0.09120848386975158
0.03735967534901653
0.07645227383892733
0.058638699399604685
0.01316311602321812
0.006243815252606158
0.029664186758544066
0.014479428319019867
0.004746029659917439
0.07149401914038284
0.006262599242753061
0.00990203970206254
0.025442314810106104
0.02713793316799265
0.0
0.14264117430940124
0.03246011623074738
0.053718793506974775
0.11271256062676646
0.03340052856149177
0.027347400769307882
0.09299486068070914
0.020875328976198804
0.00990203970206254
0.04704430594577511
0.022962862973605527
0.007526707985162287
0.16035622400601582
0.029225462766252007
0.0
0.020665524840110215
0.04592572594721105
0.0
0.20244227862922398
0.04606874506002193
0.0762399427473585
0.15996634712164784
0.04740341729620224
0.0388125669402905
0.02932937111570743
0.013478896254206578
0.0
0.0083798200957931
0.002962713776120535
0.0
0.22758421288471214
0.04147799052439275
0.0
0.02932937111570743
0.06517969761163071
0.0
0.002094955023948275
0.002962713776120535
0.0
0.006284865071844825
0.0
0.0
0.08784977620300531
0.04037311317464344
0.0
0.025099935390111888
0.008874167167067534
0.0
0.30119922468134264
0.017748334334135068
0.0
0.050199870780223775
0.017748334334135068
0.0
0.006274983847527972
0.008874167167067534
0.0
0.018824951542583915
0.0
0.0
0.11443104336739492
0.0
0.0
0.18197453040950434
0.10649000132958301
0.014031291287685727
0.1442093456184754
0.008497617093308808
0.0
0.024034890936412565
0.008497617093308808
0.0
0.10214828983738897
0.03399046837323523
0.006717956651183615
0.05407850796456383
0.008497617093308808
0.0
0.05478774356046207
0.0
0.0
0.08712647908488963
0.05098570032142915
0.006717956651183615
0.09313520517662832
0.04248808882417959
0.0
0.17567143831527057
0.08497615974096957
0.01343591330236723
0.10342652709725679
0.03441580964154421
0.006802022106566076
0.054755221827795464
0.008603952410386053
0.0
0.08589289260283214
0.008603952410386053
0.006802022106566076
0.09430065679262421
0.0
0.0
0.09430065679262421
0.04301976545158174
0.0
0.17786971082973568
0.08603951277168893
0.013604044213132152
0.05243137419633754
0.017207904820772106
0.006802022106566076
0.0577971755740939
0.047321734290863234
0.0
0.08275271627009358
0.008289398703922425
0.006553345549210281
0.09085309923985718
0.0
0.0
0.23445961263207682
0.029012896009622303
0.013106691098420562
0.058614903158019205
0.06631518526422886
0.0
0.050514524555406136
0.01657879740784485
0.006553345549210281
0.05568415647161556
0.04559168905031662
0.0
0.1061986810270217
0.01657879740784485
0.027904945551356274
0.05029825889368706
0.02486819501997964
0.009267830395151569
0.0393453180679109
0.004868734571190872
0.002199470195723856
0.009836329516977726
0.011128535220468732
0.0
0.27541780397193055
0.02674383318115402
0.0031275465498190047
0.02390618806940763
0.02314949902470581
0.07916289347028428
0.01782149529504565
0.002782133988333095
0.004682806330951169
0.008440690369730207
0.0041732007992837305
0.0015552603307798995
0.12907324716722143
0.020108490113681547
0.0332521167466012
0.032104938896045404
0.012637903812856784
0.23448107249342798
0.14805202427073821
0.014376262471515177
0.0016812260900492036
0.012850874145498188
0.012444112697269472
0.04255435362704028
0.055436375351876926
0.008508793484738018
0.0056784876754473815
0.008786887191675911
0.010383454339150385
0.031675641588114645
0.0693838787715119
0.010809405286893123
0.01787481827472184
0.01725814789058556
0.006793559512307414
0.1260463083184113
0.1766021041304127
0.13535316594450658
0.026576096109789404
0.027985206547927924
0.014092172784642908
0.018796379117119018
0.06614393396722307
0.010152270432958497
0.006775289896830618
0.01048407805334574
0.012389022799579295
0.03779380474056812
0.13859819171176746
0.0013383102973254291
0.002821406161048216
0.01461390555499231
0.011344533676912115
0.05833258287933289
0.21071287290934285
0.16149668541027568
0.03170927996346659
0.03339056066014193
0.016814081732538087
0.022426907445771836
0.10062831135732535
0.009878182627947102
0.008647092612847226
0.01631715621950591
0.005843517896277579
0.011347705549889706
0.26031049820546265
0.0025135697367161605
0.0052990708922796585
0.027447349700339855
0.021306924548387982
0.10955831041799488
0.05310427646835129
0.0071632631585710005
0.003974303058856566
0.012817397167297758
0.005864995978768922
0.0063887348108905735
0.18899673610082002
0.018552872945074187
0.016240680764148276
0.030646338255474637
0.010975100295795596
0.021312881854358885
0.09895564062182846
0.02446377054901371
0.006417053643475293
0.015996261716859514
0.020359352706240612
0.03133402394887944
0.1310779030844824
0.017681165746178635
0.009809818451958968
0.031637330464179395
0.014476637770483866
0.015769388419658716
0.06806918244589308
0.018612821858412055
0.011164272164383452
0.042408478762790545
0.006204273408031953
0.012499449662035148
0.24425335836787468
0.06038420930215887
0.015839288123408898
0.03948375879456973
0.05025322701613027
0.07734213565391197
0.058494456020711134
0.01654472981444796
0.0
0.04972028739969564
0.00827236490722398
0.0
0.008111032877523893
0.004301524528286647
0.0
0.01974239195065274
0.008603049056573294
0.0
0.048207355936032946
0.020215759599054695
0.0
0.04156904406385906
0.037279880504148974
0.00961850147315429
0.06020938316651005
0.022399043482008184
0.00999411144957718
0.07980060923787478
0.03681046359157098
0.02772859366252055
0.10513422000918303
0.08948444137790007
0.09153838285344973
0.16745627842022642
0.061682984966883146
0.05011193391387701
0.03334469014773821
0.013983099193950832
0.0
0.02875301636302772
0.025786231997561186
0.006653050039364724
0.10588529044308917
0.056301610690015456
0.04246764669703442
0.06872124395288452
0.028148734138884052
0.05760314324202972
0.07272060294661398
0.06189576077868305
0.06331645769835376
0.11582833384649902
0.04266568827872474
0.03466207338314496
0.043020217738623086
0.03775027933383966
0.013844200892672022
0.010314761157113557
0.024990863765874123
0.011342301981189927
0.1656318543004893
0.08807021390476952
0.06643033268146406
0.1074977177483433
0.044031867052777666
0.09010614589419383
0.06911118450549265
0.01551396176010628
0.007358919491041483
0.03496201493665721
0.017065358753447786
0.0055936392664484285
0.06729469604929442
0.059051155644569475
0.021655894369900335
0.01613494197324445
0.03909214479925714
0.017742280361315428
0.03291008941657913
0.007756982514714899
0.004905946463582802
0.01587597558800011
0.006205585521373392
0.0
0.1134408317269457
0.02546500596161272
0.012079115032517369
0.05738752825093141
0.028011507899361396
0.009181539794271377
0.19561235202332403
0.03565101102943262
0.0
0.02520907401522958
0.05602301579872279
0.0
0.05401944623490254
0.012732505663981172
0.008052743578609481
0.02605922453892082
0.010186003726232493
0.0
0.12783571042073724
0.0294108345447714
0.009720520522493647
0.0867877186412188
0.0409961662580013
0.03613634368964588
0.22174612245724368
0.04041397884993732
0.0
0.028577001174998843
0.06350767931181783
0.0
0.0020412143153276598
0.0028867129379408665
0.0
0.00612364294598298
0.0
0.0
0.1449145353253845
0.03334011605645939
0.01101918008670544
0.09838254019513981
0.04647324572959654
0.040964151854816465
0.09253863100712399
0.02886712861899706
0.0
0.06142701674342098
0.03334011909810581
0.04343494207663995
0.0020161333458206636
0.002851243091081438
0.0
0.006048400037461991
0.0
0.0
0.0367663483980031
0.0
0.0
0.05846786665326514
0.03421491559084082
0.0045082114850655075
0.09140158304254695
0.02851243015974616
0.0
0.060672245859110296
0.032930459757496595
0.04290124483104353
0.24844997708157368
0.05441609997752799
0.009016422970131015
0.14562462844579654
0.08031976378676409
0.06088000935333369
0.02770740202963648
0.0
0.0
0.044061832566031515
0.02578462270506562
0.0033974227382918137
0.04710058135710084
0.021487188228938258
0.0
0.08884102264869102
0.042974367401704267
0.0067948454765836275
0.18723380752239782
0.04100839013547917
0.0067948454765836275
0.10974383645843026
0.06052958977797701
0.0458796417979998
0.0936457023889684
0.006446155676266405
0.0
0.025971211550112394
0.09620164399671663
0.018394370693444632
0.06905535212675794
0.03150290944635151
0.0
0.13025206750195953
0.06300580561522011
0.009962094596559614
0.03839492884530038
0.012601162782729384
0.004981047298279807
0.04232424722107855
0.03465319474805642
0.0
0.13729632983931037
0.009450871672125697
0.0
0.03807704930761232
0.14104366039560035
0.026968451530470058
0.06289843724967885
0.012601162782729384
0.0
0.0695812134760987
0.05040464449217608
0.01494314147991808
0.03573235580761048
0.011727309977739917
0.004635626623343947
0.03938918775149551
0.03225009973575023
0.0
0.07512154355910598
0.011727309977739917
0.019739064200028137
0.03557937640927845
0.01759096419431429
0.006555766210981822
0.05853661947398777
0.011727309977739917
0.0
0.06475596523361152
0.046909233732595
0.01390687948388405
0.10191906348220431
0.05731578697255961
0.05327459278438897
0.1603583675343255
0.1103150471139378
0.030930456648206112
0.010624455358107387
0.0016585958624659003
0.0027916999101463944
0.005031998524261642
0.0024878936844729273
0.0009271833637438918
0.07694825432719629
0.011987869255345
0.019823568341936628
0.019139667262972285
0.007534207576682924
0.13978814043286966
0.014414434113095842
0.008106183541418163
0.007534636616109311
0.022679516906184482
0.015601879805190382
0.004374500846167817
0.26221069425229965
0.2832755199665654
0.021379167435588833
0.019096424283067924
0.02013145961713832
0.022451755515867807
0.04005002900309623
0.006239446437866792
0.010317771260456224
0.009961814412737458
0.0039214045152789236
0.07275693422256885
0.10193894486243243
0.0781290743284899
0.015340356273410821
0.01615372841280734
0.008134338101797268
0.010849718149555179
0.13647542756554742
0.14743924848881607
0.01112742950888177
0.009939307305662802
0.010478022517738743
0.011685690175080735
0.1081083080946962
0.06888851336933102
0.02496384913555057
0.005584494533826615
0.03852089556630106
0.05299510115275233
0.159161197433536
0.1219859303162054
0.02395148857807063
0.025221437799539725
0.01270045510436134
0.016940082466323114
0.07600922672739303
0.007461449098117739
0.006531549760472297
0.01232510423662625
0.004413879858189711
0.008571447859384893
0.16879366165782872
0.10755828689491942
0.038977018315486237
0.008719286218474905
0.060144156610788445
0.08274329079005298
0.02022108073166146
0.005728363792057609
0.0
0.016595707390034624
0.008305632792612504
0.006940027299308559
0.2775468181169743
0.027245395656393542
0.023849878908693743
0.04500497651560547
0.016117231590643932
0.03129854338026656
0.1453190343703302
0.035925708639753806
0.009423616815702123
0.023490942927778227
0.029898260039390032
0.04601486155387011
0.0738370439695116
0.020917054572916642
0.0
0.060599034864861664
0.030327922717924796
0.025341429948712402
0.03442337111067491
0.0124087912758792
0.003587245618405744
0.014995981238644394
0.012425986132177989
0.0
0.29183665958907185
0.07214773238912063
0.018924959587423552
0.04717563906438963
0.06004312081502852
0.09240925351260676
0.06988983391521482
0.019767829253672466
0.0
0.05940635856757268
0.009883914626836233
0.0
0.06913066605667877
0.024919930215487118
0.00720407882516738
0.030115649274090533
0.024954461751194715
0.0
0.08037330926285696
0.012354894259894977
0.0
0.006988983131161566
0.002470978656709058
0.0
0.0478469306351376
0.017799974412845285
0.007942077000943825
0.06341560092530728
0.02925237903936567
0.02203523816066091
0.08354760450289218
0.071111106514606
0.07274332378940312
0.13307342670880384
0.04901796610200621
0.03982273359849888
0.04333577996940006
0.010865159238185604
0.0
0.04791700210880767
0.014387367342613892
0.013300183768419965
0.0655531722659191
0.060784119581779525
0.009743687897276856
0.04791700210880767
0.020731148053979864
0.02785621056928162
0.07805431053205084
0.06643551808809378
0.06796041631564718
0.12432378682423521
0.04579501196402449
0.037204370287178774
0.04617554446010378
0.04051908133872782
0.014859606655599551
0.011071299436451732
0.02682382381067073
0.012174205453687262
0.061243020609022314
0.05678753536361764
0.009103035872621644
0.04476643686697607
0.01936806539839511
0.026024651729489576
0.06613599147796287
0.03184730366401501
0.007419881733170083
0.049683819423839364
0.04027172063476815
0.015950809330077045
0.07381173139831468
0.06476985996049739
0.02375312100749311
0.01769750177910195
0.042877954149509026
0.019460499999341907
0.03609720859028276
0.008508193712891627
0.005381054137747047
0.01741345625410477
0.006806554432422999
0.0
0.10571855937617357
0.050908000139335136
0.011860700808177993
0.07941971831698373
0.06437445321321053
0.025497411403012885
0.0893238279096731
0.03813667704709333
0.08266650307331806
0.08572022824228702
0.04710505473991539
0.0026905270688735235
0.03540374818070413
0.008344743525818037
0.005277679163557731
0.017078927824407807
0.006675794293097491
0.0
0.08378211210378879
0.01927553598901344
0.006370721744670112
0.05687971184655102
0.02686843438307557
0.023683360369825306
0.08760783543528416
0.03740403658214158
0.08107840390115414
0.084073464215163
0.04620012353252118
0.0026388395817788656
0.08717324809832055
0.046514695183239814
0.03976309535452509
0.0925740172861768
0.05905862750999457
0.04627166377029837
0.08560045875038182
0.019693878345714674
0.006508987303151709
0.05811418816492348
0.02745156754041526
0.024197366973707262
0.054662213480213585
0.017051701867201
0.0
0.036284702573815254
0.01969388014240352
0.02565685325635761
0.0890651935192696
0.0475242166416982
0.04062608495075884
0.09458317711358048
0.060340393445331125
0.047275910649927914
0.08668013219793375
0.02046204188130343
0.009205098134934182
0.06085615094520508
0.03350408223634252
0.0349605141479562
0.06172962908820668
0.0192563594587331
0.0
0.04097604339180818
0.022240151634880665
0.028974092599795585
0.1677949595805122
0.03675084781054545
0.0060893961255516675
0.0983500941759667
0.05424533210438323
0.04111636003632964
0.09788722536514201
0.023107630944682267
0.010395248516522567
0.06872439636831093
0.03783590962958049
0.03948064730067176
0.06968870909617875
0.015405087972783938
0.0
0.032679126856332404
0.021181994187214042
0.0060893961255516675
0.18436164588758724
0.04037932251990778
0.006690612727431341
0.10806036892175092
0.0596010674783366
0.045175849311296756
0.09220917980137797
0.00634727181939043
0.0
0.02557281385468093
0.09472591333274442
0.018112201535527596
0.07656919576650353
0.01692605892814538
0.0
0.03590559351999998
0.023273329075551283
0.006690612727431341
0.11878519997767518
0.00634727181939043
0.0
0.005984265586666664
0.020204446061801325
0.008076283280372847
0.12390364893841664
0.008528978794958376
0.0
0.03436279291327686
0.12728544312218087
0.024337792239274694
0.05676295860843808
0.011371972225874508
0.0
0.0627938580539034
0.04548788291233795
0.013485500727745903
0.15961447383890012
0.008528978794958376
0.0
0.008041198761357095
0.027149190538610507
0.010852292260423804
0.060635219112204757
0.06975435188864253
0.02247583404697983
0.09927898647437022
0.017057957589916753
0.00828867785749355
0.0199377388296844
0.003994355082545082
0.0
0.022056065657593993
0.015977418225811776
0.004736722646048754
0.034713922459721144
0.019521919812682892
0.01814547759569445
0.05461851538035389
0.037573618328256814
0.010535001373095144
0.021297853251083243
0.024500908414293206
0.007894537568050544
0.03487130607930498
0.005991532360771553
0.0029113615360691954
0.1662826069835023
0.21531181848188966
0.09695655878836101
0.07164317682446157
0.06398817847642223
0.046538699735387636
0.010073462488516179
0.005664969931446393
0.005265546931739822
0.01584947844775645
0.010903303572988377
0.0030571002534063056
0.18324476506771645
0.19796582383387382
0.014940735065169799
0.01334545027372974
0.014068780064565882
0.015690308423898014
0.048252732196557555
0.062480278030469016
0.028135347110469236
0.020789781250929906
0.018568414915906783
0.013504836469940973
0.06205575461158346
0.11691605246835948
0.04936765881514139
0.0431743233501397
0.018868280165992263
0.0278166113574286
0.1373608547470285
0.14839580690052312
0.011199622201170252
0.010003791682158349
0.010546001978297097
0.011761504758701757
0.10880969468302544
0.06933544922670164
0.025125809943978103
0.005620725695313232
0.0387708119695526
0.053338923508783775
0.04651718968489485
0.08764064225664278
0.03700615299542975
0.032363609166724254
0.014143722415477131
0.02085141974347976
0.08414629640376212
0.012303289347396926
0.00595418874436807
0.003874002279313321
0.005707830473518896
0.019222505598366125
0.20622219457906105
0.13140840568764203
0.047619834632546626
0.010652712438823144
0.0734806025627105
0.10109089906473229
0.024704930293513682
0.006998578862161691
0.0
0.02027566180478169
0.010147334947520082
0.008478918260587578
0.1594787482920036
0.023317879322725357
0.01128471018486444
0.007342224920045738
0.01081779826662757
0.036431563394706955
0.01891945408478612
0.01001671961037015
0.007253924923215399
0.03317821813393798
0.017137588335552817
0.023740806294540284
0.09346595970488697
0.026477665880887787
0.0
0.07670874464006072
0.03839032889584454
0.03207822175856041
0.04357451550288536
0.015707557115322447
0.004540882684305291
0.018982528319594225
0.015729323069910463
0.0
0.07157781512103094
0.037896172964463466
0.027443714534727284
0.1255228799411257
0.06483649707889565
0.0898183973046716
0.08827004905505215
0.04527847646048528
0.004925279157661895
0.017621213343931432
0.039437933824976665
0.021714742314861157
0.10256712761223732
0.03697296450759398
0.010688478996915052
0.04468169943116882
0.037024197927313436
0.0
0.11924750531149901
0.018330591739871144
0.0
0.010369347868077828
0.00366611805825799
0.0
0.2077729443754454
0.10657796695187034
0.011593284057429156
0.04147739147231131
0.09283030562030009
0.051112874586700455
0.021350663347970922
0.0
0.0
0.06480842562406762
0.00733223611651598
0.011593284057429156
0.05454250605533149
0.013674912830906256
0.0
0.06030844211223172
0.018107971541273738
0.01673963995198193
0.08250536387679512
0.07650302389153238
0.012263426584539225
0.06030844211223172
0.026092267615042172
0.035059886650856686
0.08605057055857601
0.01957336068785392
0.025452332359534504
0.10499666027121736
0.02530976136441197
0.010921783519119493
0.052731228380844514
0.026132353288311247
0.033363655825736964
0.11909517597623927
0.028682006404930866
0.011584214078380053
0.06205823192051571
0.05754343931348638
0.009224207195304543
0.04536232690222096
0.01962587544495231
0.026371068190607604
0.06701633356124874
0.03227122596453664
0.00751864844092996
0.050345165177032705
0.040807781101222816
0.01616313197621768
0.03966295821928377
0.019656026769563604
0.025095210707048114
0.08958006733216509
0.021573804681122487
0.008713322505510507
0.12119658628841444
0.04613906448643618
0.029058225435645374
0.05757812333873662
0.05802786544305626
0.049410546855517046
0.06388197146322519
0.030761896788425377
0.007167000335918715
0.047990515658562605
0.038899196199734344
0.01540718032145716
0.053975217399697295
0.02304463974159795
0.04995243239650606
0.05179769008117116
0.02846391192261299
0.00162578996960443
0.11552820715924193
0.04398113481049563
0.027699168686322165
0.05488518748447473
0.05531389509569761
0.04709960954998679
0.05071513445689533
0.04289997897351534
0.04155164577877049
0.06408318980353381
0.03149966703360938
0.011775011813593332
0.07154714422885615
0.03054694807590317
0.06621471959601684
0.06866071099845035
0.0377304939147141
0.0021550747740345026
0.07119222753991754
0.037987396772231924
0.03247353280880359
0.07560290165497147
0.048231714885105546
0.037788919050833265
0.06722572347793214
0.05686630144170965
0.0550790110110183
0.08494582225701809
0.041754555682942646
0.015608431222888818
0.024465681571325254
0.012401861794831307
0.0
0.0461380120314234
0.01107170188230135
0.004310149548069005
0.11296084564800403
0.060274676206072644
0.05152581755085376
0.11995927082910816
0.07652935564377562
0.0599597512202108
0.1099358868157734
0.02595188381976432
0.01167477022738475
0.07718348775793824
0.04249302463210499
0.04434020840686461
0.03881974444614899
0.019678058186454666
0.0
0.07320727326118735
0.01756749087091154
0.0068389226555138245
0.0015292295027580624
0.0
0.0
0.04740611600970592
0.002162657079927426
0.0
0.17785939670156375
0.041986166056833876
0.018887986893230773
0.12487104043608611
0.06874719387815503
0.07173565380049338
0.1266231799963855
0.02799077860010086
0.0
0.059377408703944416
0.03848731734933321
0.011064327516970765
0.002474058695997684
0.0
0.0
0.07669582188007497
0.0034988473250126073
0.0
0.012954338924819727
0.027990776756783447
0.011064327516970765
0.07669582188007497
0.020993083028416938
0.0
0.1270252859683307
0.028079666426443696
0.0
0.05956596826025289
0.03860953810031071
0.011099463517900915
0.1970599775134422
0.010529874447623619
0.0
0.009927661376708816
0.033518381813209194
0.013398236496815897
0.012995476866896533
0.028079664577272626
0.011099463517900915
0.07693937798095715
0.021059748895247237
0.0
0.08289186705836314
0.007019916606610924
0.0
0.1563606689946277
0.05808808485112698
0.016649194814558604
0.09045211033726441
0.004833296833747089
0.0
0.004556876203722339
0.0153852061100948
0.006149898022048065
0.034361442277452685
0.03952917415186299
0.012736856327900248
0.05626052338972141
0.009666593667494177
0.004697120418244479
0.03804803187249662
0.003222198030628785
0.0
0.07177080126960729
0.02666289688313857
0.00764211396649702
0.21514668036115048
0.12650235847428545
0.0586139104232723
0.12132892955928694
0.025188814792033953
0.027243027408973546
0.011909209303787215
0.013700274999495473
0.004414421451126458
0.019499133452511145
0.003350310103729049
0.001627958155373243
0.09298093788138942
0.12039680627198637
0.05421560278272706
0.04006101356470538
0.035780536256866426
0.026023238555587688
0.0745669179642448
0.043843999688032605
0.020314785442001913
0.042050959475415844
0.008730101171262656
0.009442063370406633
0.12025361496473852
0.08146690142555549
0.05258373398365251
0.05127239588053061
0.05015838238373808
0.021356306633272856
0.06263722222677293
0.08110610283875799
0.036522698491083215
0.026987366082316815
0.02410379430430583
0.01753072633603676
0.0805550259044844
0.1517695771196172
0.06408451657044457
0.05604490280793226
0.024493051564002118
0.03610894529440416
0.08100964106995473
0.05488071560676832
0.03542337930866154
0.034539987744204956
0.03378952520261142
0.014386816857427761
0.025801549338194105
0.013511624955522135
0.0008411188914438164
0.0179343694692805
0.013855795168952627
0.012081280861688774
0.0808737781906024
0.15237012189167648
0.06433809585903938
0.056266669739228045
0.02458996936760743
0.03625182661971772
0.14629492789690923
0.02139023230845098
0.010351823553377099
0.0067352564325013535
0.009923510401034058
0.033419831777470564
0.025903644803307445
0.013565089792698755
0.0008444471576386862
0.018005334889553547
0.01391062187078155
0.01212908589744735
0.1801981620566873
0.015524290164128285
0.006709621819424801
0.009115580390767309
0.014624566258108884
0.04666324382422016
0.2160336496628961
0.03158694576197599
0.015286532862426266
0.00994594993446458
0.014654043036364143
0.04935104951208312
0.025628735861923435
0.013568883116112773
0.009826336689535212
0.04494399178292079
0.023214978761752596
0.032159852548871284
0.266098539240434
0.022924711818756695
0.00990809531366374
0.0134609731787878
0.02159608995947189
0.06890758971192504
0.03602532513137252
0.01572528261935849
0.0017635167874922332
0.034766303783164955
0.01624116714504248
0.006381061444877305
0.06736869917523633
0.03566769776387794
0.025829893600620348
0.1181415376267664
0.06102380269498926
0.0845366483761586
0.08307935036740073
0.04261588670486256
0.004635649319073636
0.016585002194641995
0.03711879575333793
0.020437812193681085
0.09469758104890673
0.04133609398203175
0.004635649319073636
0.09138806820677663
0.04269216825768882
0.016773508112716384
0.04560875680756485
0.019056971822004574
0.002317824659536818
0.03237814113732543
0.008795525159271586
0.0032778991537956944
0.14167176808720028
0.07267110288395702
0.00790498038755831
0.02828171590478627
0.0632971418335318
0.034851752890560424
0.014558133328831492
0.0
0.0
0.04419018208895609
0.004999548222133237
0.00790498038755831
0.0777747200551323
0.032497063114623526
0.003952490193779155
0.05521310027120427
0.014998644007914683
0.005589665382265587
0.05521310027120427
0.026371392896247705
0.03199989901780098
0.25323229073988635
0.018872070233805334
0.003952490193779155
0.10250368727033508
0.02331584357609227
0.030318891548852603
0.12507232385570577
0.0301490605691973
0.013010059956732616
0.06281359098777078
0.031128934436054204
0.03974288282758631
0.14186651633371772
0.03416608856550774
0.013799149145148118
0.01706005839378398
0.0
0.0
0.03986247424991674
0.010249826389653193
0.008103199958630678
0.12854722867066612
0.038831968427630384
0.021550233904621813
0.03430388869988355
0.03245778161724453
0.021145102661551382
0.04540545534363949
0.02250187292598064
0.028728554809209918
0.10254968185790278
0.02469731127026351
0.009974857995497004
0.13874371538542102
0.052819187629772606
0.03326534420577142
0.06591442054255282
0.06642927737498928
0.05656432297231457
0.09292169670877286
0.028070090893062703
0.015577809958226968
0.024796921525772803
0.023462443885151014
0.015284956639760764
0.04724485949810681
0.022906150872703205
0.008607216187500369
0.03230772944207256
0.037320260729052646
0.0039049881646367177
0.13109004561523097
0.04990546560261644
0.03143029201162041
0.06227831200585479
0.06276476723348019
0.05344400398992438
0.05754654601514898
0.048678676306115345
0.04714872042477808
0.07271530028104241
0.035742723702175176
0.013361125163451917
0.044638640168221895
0.021642554074831646
0.008132407003122101
0.030525503187806825
0.03526152278503781
0.0036895730751272254
0.04239345879016791
0.00828274802114895
0.02935813406985706
0.07626559140776672
0.021116948456050007
0.012586115595833749
0.07178980951107634
0.0607270660231704
0.058818432944607535
0.09071296050231306
0.044589354247441815
0.01666811818880245
0.02612670461093143
0.013243848481986188
0.0
0.049270412032723254
0.011823381407784416
0.004602774042613301
0.05288620328769423
0.010332799165913384
0.036624523944857684
0.09514197912020382
0.02634357423842552
0.01570128710889848
0.09949365910396306
0.052011811107481785
0.006904160872214367
0.0713786577749961
0.03742740534073831
0.047380047729637796
0.042608011096311585
0.021598362728158065
0.0
0.08035128401657521
0.01928183342372327
0.007506306302381045
0.0016784610138974353
0.0
0.0
0.05203229299400917
0.002373702304683918
0.0
0.1622564726108093
0.08482201861307913
0.011259459140933833
0.11640590299491416
0.06103744524279204
0.07726843585790477
0.03524768097920841
0.06669870432868837
0.0037531531511905223
0.09646474785488846
0.049847740582418934
0.007506306302381045
0.0022592433610429813
0.0
0.0
0.07003654629641681
0.0031950525681243287
0.0
0.011829551279420026
0.025560418861727115
0.010103644075849676
0.07003654629641681
0.019170314567112216
0.0
0.047444110161085726
0.08977784035320226
0.005051822037924838
0.12984355273154963
0.06709609341018895
0.010103644075849676
0.07356237229281794
0.04153568296479939
0.023716103046618395
0.18412238546802195
0.0766812515353788
0.038871565373041005
0.006139931352006469
0.013266709229500899
0.005244127994841856
0.03635130160344551
0.009950032140543658
0.0
0.03916365506174297
0.0033166775257932085
0.0
0.0738752247119416
0.027444691488310136
0.0078661917738448
0.03818132279915093
0.021558403699237873
0.012309447856798807
0.09556565421953638
0.03980012506748688
0.020175637883299735
0.27477675749132174
0.051669251878678456
0.03614952881705355
0.07428736721658075
0.055167542647764745
0.05773924491849576
0.009579075038046215
0.0008112292595388992
0.0
0.018069210339345707
0.006712722771868142
0.0019239992065737425
0.054165908036251154
0.03184857467465868
0.014756796043994758
0.0305460982693918
0.00634160389217812
0.006858777996418442
0.06720790423086873
0.01263783066532667
0.008841847079457933
0.018170016660208316
0.013493480877983062
0.014122495942792744
0.2914233653074505
0.12905766539100083
0.07651586621896972
0.0574382644397227
0.02771517874032701
0.10176180210476136
0.04194906287649099
0.02466529058572655
0.011428475724819276
0.02365658111143657
0.004911287377158713
0.005311815491675884
0.06765099849909352
0.045830782115632164
0.0295819972634329
0.02884427863375082
0.028217568780399795
0.012014403628675683
0.2256943069574162
0.0999493651349286
0.059258101625852176
0.04448335593092746
0.02146416108879895
0.0788099450314895
0.01035124203665426
0.019666937923491615
0.036768271131164834
0.03204166397091571
0.03797525160595852
0.009474633350427922
0.10131073694119236
0.06863387701200195
0.04430051306620227
0.043195742705283806
0.04225721351133334
0.01799216733728444
0.03226744302471009
0.016897651482431362
0.0010519041143972746
0.022428740129084534
0.01732807109045975
0.015108861749359891
0.01550150008508956
0.02945221827630995
0.055062315811965294
0.047983986367311625
0.056869829139009793
0.014188734952556733
0.019804601716930305
0.05590511645567427
0.14133767469116212
0.08954947673941596
0.029029993152730173
0.022541297806836284
0.02713224730349066
0.014208478140596096
0.000884499045974301
0.018859322798587763
0.01457039870679512
0.012704364989316232
0.18874490959404536
0.016260602828004157
0.007027857272590706
0.009547929774174846
0.015318205273206615
0.04887646819725418
0.01665280236551116
0.04700810795712028
0.11884451891909331
0.07529814329977726
0.02441002073933599
0.01895396750738382
0.06389368429085818
0.06781892062618715
0.05431573312169223
0.0977283291036535
0.03124279354399505
0.00969741489821649
0.21749879986495652
0.018737785340957342
0.008098499322171436
0.011002486220923386
0.0176518204923954
0.05632243644294753
0.029445727147485872
0.012853246421459588
0.001441431380706285
0.028416651102870383
0.013274910762517047
0.005215636320616338
0.07362741428153728
0.07815063132594179
0.06259033312825317
0.11261651685637157
0.036002401944841195
0.011174744297428076
0.010324602291552652
0.028518942213438023
0.012317631569890176
0.06346702241014285
0.07485000485852891
0.0164000016882242
0.07418440864415683
0.032381964288323475
0.00363148561566279
0.07159179486908197
0.03344428887046057
0.013140069328562832
0.035729092710583256
0.014928894376231702
0.001815742807831395
0.025364462604689365
0.006890258710181689
0.002567848171263537
0.026011397567077436
0.0718495030760828
0.0310325572648295
0.15989632391550218
0.18857416288720633
0.04131752022663036
0.0715813355313915
0.01846268156188881
0.0137569585003225
0.022056444167717786
0.027674746862799773
0.012115245416682905
0.0609455697430017
0.025465241470378278
0.003097237336151644
0.043265907622948394
0.011753187974020847
0.004380155160358296
0.043265907622948394
0.020665063967302635
0.025075655379741938
0.19843705288206162
0.014788469464292346
0.003097237336151644
0.1221012050953479
0.0314930652140413
0.023466189878497423
0.037623193155086505
0.04720671830961663
0.020665807007109308
0.04520279361500368
0.03843406011211275
0.010091178206447456
0.118136567598879
0.0314930652140413
0.019848085507866504
0.022297976995590118
0.0
0.0
0.05210137698800669
0.013396811884803059
0.010591110657279357
0.16801484974926928
0.050754476843307576
0.028166762900995023
0.04483614905843403
0.042423235086517054
0.0276372449515447
0.06352589249083976
0.05805284405078864
0.0
0.06315318265946065
0.023554966322184324
0.01911417721625219
0.07520661982963317
0.04480946542290676
0.03354121222581531
0.10114338176302919
0.04141738295280152
0.01625930112099872
0.12850579937852494
0.03881945333118652
0.021543288512291085
0.034292832951414894
0.03244732084783875
0.021138287838356983
0.06533714569761101
0.031677996989307185
0.01190332544255069
0.04467988365591983
0.05161194971538975
0.005400392410322223
0.05752162272671894
0.03427242402971021
0.025653924612231465
0.07735929975654975
0.031677996989307185
0.012435891773900623
0.051394692407262396
0.024846984062795605
0.013864177104219565
0.07167778128750799
0.07129841502537117
0.04063790588930374
0.06838960425470277
0.03315794797200023
0.012459431884254194
0.04676726429887871
0.054023186629320194
0.0056526910659879265
0.06494982505563905
0.012689765126650428
0.044978770928675624
0.11684436611357886
0.03235268239654674
0.019282833470267415
0.05379577936863211
0.026007799833221528
0.014511891747811015
0.0750264653248703
0.07462937561031194
0.042536451077491086
0.02810594814305161
0.046652978674104145
0.008037869517393024
0.10743831150475562
0.01170749602175564
0.0
0.05908788212944621
0.011544470603447416
0.04091928365756546
0.10629876410744207
0.029432742619105643
0.017542492073486782
0.11116074205179692
0.0581109547104321
0.0077137744526853
0.07974884667412718
0.04181631460958236
0.052936049508167146
0.02556929059609183
0.042442388451725294
0.00731242441698236
0.09774163796348138
0.010650854630814699
0.0
0.04557567744411115
0.0532224896856354
0.026336471797625848
0.055195275126893116
0.019640022787763518
0.0
0.11636679832926476
0.06083249916017073
0.00807503817916943
0.08348377121839842
0.04377472261546223
0.05541523458519666
0.025278866957252958
0.047834853984879966
0.002691679467795462
0.06918241028472456
0.035749710826250405
0.005383358935590924
0.04771014989615007
0.05571508978362018
0.02756990323931681
0.0577802678433598
0.020559835502545545
0.0
0.025474210148975752
0.028173344606282055
0.0199566865144886
0.09542029979230014
0.05234362733606992
0.015226437037127684
0.027048935328483865
0.051184330139181694
0.002880155347647718
0.07402667788966068
0.03825296512642152
0.005760310695295436
0.0419395335691285
0.02368041045610702
0.013521074278210468
0.1049722395496759
0.043717675526959446
0.022161538161900633
0.027257956775873282
0.030146089123815126
0.02135408694598742
0.10210178812487988
0.056008815310663505
0.016292617521068465
0.02952171952937774
0.04666967186065407
0.01919335414846089
0.1324167864932159
0.05598336107675554
0.01390661897599567
0.008980290912120777
0.0050705612751688655
0.0028951962534963073
0.02247715147568601
0.009361035062220814
0.004745333169380538
0.06462780850055318
0.01215266730079069
0.008502410637288169
0.01747247396874564
0.012975469301832944
0.013580336625367362
0.006321329949053088
0.009993130452704734
0.0041097715964922826
0.028353707424933913
0.011987421554865204
0.0029777509042300814
0.05208791840377414
0.5297582660402557
0.06316570256748419
0.035083302617839277
0.02160600621685124
0.0517146819866789
0.02790380648913527
0.005247055169528187
0.0036710144846087986
0.007543943448216391
0.005602309484174487
0.005863467972124161
0.12099501219406741
0.053582984951285224
0.03176834553549499
0.023847585106837144
0.011506964742201788
0.04225011427469468
0.02248956338274012
0.22872928054616937
0.027272525281098886
0.015147623135628695
0.009328643976422475
0.02232841422730752
0.0838852438178143
0.017852426557636258
0.042996495735730826
0.06308646541990337
0.03289012513305073
0.09421046985333374
0.14494153301996432
0.06418776974184857
0.038055723289132024
0.028567339112004517
0.01378434598168653
0.05061197335490814
0.006647597405886034
0.012630164096151478
0.02361268946518109
0.020577248753249847
0.024387815797343153
0.006084636786483989
0.10048724832727972
0.02138565901576062
0.051506073625808106
0.0755721152877416
0.03939951797646558
0.11285597380800838
0.038694023810037885
0.01215279315550645
0.04622407559723143
0.03593349309227684
0.014788754431908004
0.016911292419668673
0.012746480133090687
0.0242177926699838
0.045276309436289366
0.03945598332936424
0.04676258060920832
0.01166702752596275
0.016284808627743036
0.04596932247388084
0.11621829194717731
0.0736342044268058
0.023870607938192713
0.018535122606958936
0.07419411490342012
0.023302454565173342
0.08863266309552646
0.0689009168045744
0.02835679615503839
0.03242667082415812
0.029878696334689103
0.07913110119029385
0.04392103119065529
0.022776696025642244
0.011369487659367458
0.02247056600454573
0.017161824834988026
0.04844499423443087
0.12247721263491343
0.07759976473310765
0.025156156360476346
0.019533329174881556
0.06584670818724846
0.06989192633998177
0.055975989936023395
0.10071556898834798
0.03219778499672836
0.009993833601248421
0.03148780956014219
0.08339269614221742
0.04628639249600678
0.02400333196706499
0.011981789908246825
0.023680715354313448
0.04321653408558424
0.03186356591724352
0.01036863038813347
0.013224880049622127
0.017591700265039464
0.017906571591246704
0.04088474809498893
0.043396456420535974
0.03475594013589801
0.06253510282734993
0.019991862388388616
0.006205251265231879
0.00573317381834127
0.015836353615155296
0.006839887951737099
0.03524275908502718
0.04156364342563949
0.009106797302653284
0.02683349188243526
0.0197843430871288
0.006437965589766236
0.00821143386359827
0.010922827483697531
0.01111833361010418
0.044901003891907265
0.0015437457749681942
0.018860424221567963
0.019137750299285612
0.2634368377462226
0.2467196872399239
0.0073256972405181826
0.020235272059478244
0.008739827167492201
0.0450322615636529
0.05310891970081282
0.011636423730356614
0.020159746927194383
0.005199721199974389
0.0038744289945916565
0.0062118473933751054
0.007794153166973812
0.003412066563833098
0.057373310269286076
0.001972557351665651
0.02409934916554074
0.02445370906228075
0.3366125947820449
0.3152518638477173
0.013005933224883246
0.008690561215591626
0.007864131074664141
0.00835223367714055
0.00405878782447581
0.00553437410254931
0.10917695100164583
0.028159565133530566
0.020982324134797933
0.033640826987831565
0.04220994844246526
0.018478358155947516
0.04041813657603937
0.03436586472981762
0.009023040089848926
0.10563196523878406
0.028159565133530566
0.01774719141614254
0.07043481942267461
0.04706452811327506
0.04258892019378219
0.04523228442383897
0.02198073621852463
0.02997190849671511
0.02907053980121851
0.0424941265039385
0.05232713183400623
0.08017317501406694
0.028986819278166
0.021680035146671158
0.007178354936821856
0.006559906572719435
0.0
0.007136239141936046
0.0026616848997423545
0.002159880688073084
0.008498264086782848
0.005063419571496034
0.003790119539098004
0.011429089231767841
0.004680118038992607
0.001837282876238602
0.017451864298773663
0.02240526259685646
0.018423129146389182
0.029528570476121695
0.012918075664655354
0.01795768025377861
0.07673884367726654
0.30947867074677193
0.19618515250678648
0.15302046691556723
0.05229197391257799
0.03260577181481019
0.0065740162063120285
0.003916917853158145
0.00293192904097225
0.00884121946149965
0.003620406652652997
0.001421269953561138
0.005873783192956125
0.002839705630052072
0.0015845054546415513
0.008191891561461249
0.008148534649100413
0.004644414382676515
0.059362994234623184
0.2394039272280819
0.15176327292809003
0.11837229569800226
0.04045158875398898
0.02522290083491863
0.02352598365768749
0.018896197204774697
0.03613295500428706
0.09714620181894545
0.08434455170874447
0.0467883988790058
0.011472423349267595
0.005546392181162582
0.0030947886188020875
0.01600005395791227
0.015915371081922383
0.009071272509919877
0.005993840771784851
0.009949158245038078
0.0017141464072453819
0.02291216537763834
0.0024967265517443905
0.0
0.045949950034350526
0.03690724817429291
0.07057334992655638
0.1897418269330829
0.16473818876517327
0.09138510941603313
0.010355330621388652
0.0038445008675854486
0.017580874883315174
0.22343628966447576
0.038057342754189045
0.0032633793522396284
0.0103803424405789
0.017230299153951453
0.0029686185165703925
0.039680086897643546
0.0043239180976565985
0.0
0.018502317733584354
0.021606687381523076
0.01069179431899414
0.02240757735401115
0.007973242797315589
0.0
0.017933722637649894
0.006658040651746581
0.03044717212923901
0.38695475717133243
0.06590903315727033
0.005651634149045732
0.03277245540479116
0.014343101543547504
0.03535155195166275
0.13999924675711983
0.09213501328140601
0.01607891964882097
0.01939487542802252
0.022649000855509797
0.01120756987880125
0.023488526015093655
0.008357874566742514
0.0
0.010355639911886344
0.011452877641738104
0.008112685660118553
0.03878975085604504
0.021278451940387445
0.006189769895725059
0.034353409080885626
0.01503501732562078
0.037056922065781664
0.14675285496490664
0.09657963563713454
0.016854571848586103
0.05841583900081883
0.1360692853814856
0.2085226586960441
0.05102516971172236
0.008431826527117554
0.009625297765522985
0.006657382107891413
0.007362768824016414
0.00521544287172712
0.024936961454423555
0.013679384995703146
0.003979248381209759
0.0072102751136148314
0.011398427291560181
0.004687713519726691
0.0323409840448751
0.013673168148168229
0.0033965009598226088
0.037554083059139196
0.0874755431475083
0.1340540062135204
0.032802806468872854
0.005420610559666656
0.006187863393528085
0.05043087594446797
0.226639766158268
0.1858081790795465
0.04052802941097077
0.026880083044190612
0.03167958122035816
0.0028251796591165276
0.0044662102933115295
0.0018367722000912344
0.012672067131927495
0.005357514924075951
0.0013308404010467546
0.02327955173137384
0.23676382810708474
0.028230524191225417
0.01567971197981786
0.00965633019800478
0.023112741907789648
0.01976017317851138
0.08880355426219724
0.07280464056659822
0.015879971639327306
0.010532339287361499
0.012412911721507838
0.06677906788224759
0.1968290734902082
0.055117853205009566
0.010472679438986821
0.011881229195040352
0.07351511014440541
0.016563678655081248
0.16846028700060403
0.02008635459839071
0.011156302047170214
0.0068705940832851755
0.016444991476468798
0.06178191185195553
0.013148403625348509
0.03166713939888169
0.0464635050008187
0.02422374567073021
0.06938649372768357
0.047514103108639606
0.14004623288666646
0.039217009811032155
0.007451436302842297
0.008453636250598202
0.05230687750244638
0.05852421587420849
0.011117654822802836
0.00580450833423159
0.01199183381416894
0.036046459063786125
0.09527253738854281
0.09334080956833786
0.019864756562764933
0.04784307153342757
0.07019758764590026
0.03659750829824651
0.1048298976757124
0.035942187372096486
0.011288512428532484
0.042936717937994626
0.03337797971069384
0.013737009761535043
0.015708597375038706
0.0884190457255635
0.016796678357063596
0.008769516688988507
0.018117397841388886
0.05445939709907585
0.14393882453469017
0.0736084964679635
0.029993140048339768
0.0026129949312376608
0.004493259138102618
0.0060767232606206215
0.027049757533072302
0.07794742977188297
0.024481273792345132
0.09311639192847952
0.0723864605815972
0.02979130325535517
0.03406706381081875
0.031390192972249306
0.08313416718874915
0.04614289824332778
0.023928918300397905
0.011944644693510358
0.023607301844004464
0.15963394352300406
0.06504579572058046
0.005666773610307775
0.009744482089758135
0.013178523463157968
0.058662514159961945
0.019799832853939624
0.03090510917506814
0.014872448408179776
0.03531022678001518
0.0205075952783955
0.01473442119577479
0.05493155186180868
0.14548138714707035
0.08074818176964822
0.04187462682301254
0.020902638923962807
0.04131181119873123
0.075392709641349
0.0555870715726381
0.018088427421850403
0.023071251841906032
0.030689317832689703
0.031238621541870012
0.03464889643185243
0.05408267508727795
0.026026175492716658
0.061791450448660364
0.03588745168250693
0.025784633525030496
0.03418699155417834
0.038739272047691606
0.006553740411147028
0.022217583852581838
0.022176889249359504
0.018586139773737905
0.020018106195878283
0.014759356801903184
0.004802799405533598
0.006125827969841669
0.008148560071342875
0.00829440998224899
0.03349668645988278
0.0011516528299091858
0.01407010226700313
0.01427699084113881
0.1965270348344856
0.18405584041842746
0.009077254693520135
0.010285966182815045
0.0017401347179941038
0.005899163925697256
0.005888358784287973
0.0049349508928919995
0.03301813417206776
0.002675891240612939
0.004477766554128203
0.012217628936214581
0.16677746986595407
0.237279778436156
0.031729864856552784
0.0010909075647959746
0.013327958393274714
0.013523934389454277
0.18616098829433558
0.1743476015017273
0.007192830631908217
0.004806247567101598
0.0043491967788181
0.004619138142494288
0.0022446811687800118
0.0030607427306404283
0.03127655436456276
0.0025347482515074723
0.004241581560368377
0.011573195918285283
0.1579805986571916
0.2247641811374068
0.014733169957236598
0.010302632005432528
0.002017724754112373
0.006078325615821619
0.05136200953897591
0.036681059741821787
0.03917094769756079
0.026174017116057106
0.023684995277622373
0.02515505061175764
0.012224156685954822
0.016668290907024864
0.016167012330364675
0.02363227762039884
0.029100711282201132
0.04458674375776729
0.016120452798352208
0.012056927664077314
0.08023436938081834
0.056106403735096746
0.01098819016546781
0.03310154054370216
0.2797088785001878
0.19975889134161645
0.02370514876872979
0.0048703724497936845
0.0015401469869933456
0.022729564203833878
0.0009740744129821718
0.0015401469869933456
0.007797194136887605
0.010010287678429423
0.00823113863963766
0.013192859665042628
0.005771575008143919
0.008023184044394845
0.03428560134025124
0.13826977082374317
0.08765216682195995
0.06836692441745065
0.023363158538087177
0.01456770053162733
0.03168707966849483
0.08403190416054629
0.046638560204675016
0.041638737022504355
0.0750788788794494
0.05262368222292607
0.053679714108450044
0.12335683428833717
0.03522855536688237
0.009635441474667385
0.008371353322268538
0.018497617926407736
0.03838495065103326
0.15480196123519904
0.09813227612744602
0.0765411985598131
0.026156568719239832
0.016309483985893204
0.01521223336794985
0.012218548045786148
0.02336407913040588
0.06281610641163794
0.05453837861054839
0.03025403966169898
0.06009791564003906
0.13810596318946794
0.039440648738963136
0.010787500613903963
0.009372272079136486
0.02070928096667959
0.0064498627499878485
0.005239649568596549
0.0069051129496558
0.032733483170092385
0.05721647214811582
0.004211924439619689
0.033660706900070426
0.027036461679595218
0.05169861653947494
0.13899566851114784
0.12067921473532783
0.06694430311206835
0.007585813447877764
0.0028162950511179887
0.0128788970619486
0.16367859925011252
0.0278789652412379
0.002390593587095561
0.014271864907781298
0.011593978617183039
0.015279214924479515
0.07243066525184143
0.12660513760533568
0.009319890815374002
0.005484944479091117
0.004644378210501566
0.016451444351400633
0.019908725058131953
0.031445514690228965
0.01631990850873252
0.008312489740979893
0.0030860795458317147
0.014112619620580589
0.17935804596739188
0.030549606070494457
0.002619598386398966
0.01519041555639597
0.0066481949589355
0.016385856905637007
0.0648912847559224
0.04270565393260126
0.007452766908877493
0.006010369886573552
0.005089282315375878
0.01802739591936284
0.021815863775032533
0.0344578099709911
0.01788325971692884
0.04392756285594304
0.03301687097385629
0.09154304593357918
0.11631831517653612
0.16809041714261802
0.05250697760453358
0.010817047748564129
0.004734158986341167
0.011668317821284658
0.04620888237484284
0.030410563556182525
0.005307092173545083
0.018393718022467715
0.04284488778446976
0.06565868180540123
0.016066577143791866
0.002654975811474514
0.0030307706952362127
0.03128068110623331
0.023511211296784275
0.06518751875063668
0.0828299110465971
0.11969666409436609
0.03739005570798104
0.09744678086431788
0.1051730452979008
0.10371568583358219
0.03904227468697246
0.02855832914507691
0.008372014163404837
0.018822747260189145
0.043844234927009305
0.06719015544060411
0.01644132635634225
0.0027169025109691127
0.0031014627238678005
0.02527681558667862
0.11359571822822802
0.09313023002539088
0.020313339919787166
0.013472756309265428
0.01587834669482952
0.09971970459086181
0.10762618236338606
0.10613483032511915
0.039952926754564355
0.02922444559683201
0.008567289466110423
0.03951560358659877
0.040764747663197196
0.052925565482793695
0.017813514212750854
0.008763905573068671
0.01520709072507103
0.02184838375132245
0.09818811376166474
0.08049847091957354
0.017558131257343432
0.011645373169079662
0.013724680260278095
0.07383612929230769
0.21762952643086522
0.06094258372602113
0.011579408602369631
0.01313681072253706
0.08128402132135101
0.034155887570748715
0.03523560344922342
0.04574698347418553
0.015397370493335857
0.007575209442983398
0.0131444703848546
0.013876866190765733
0.016607021994643364
0.040017764022650296
0.040844845082644105
0.011427662966396376
0.024098545422888612
0.05778956962531269
0.1703328274483447
0.0476981353049916
0.009062894358904307
0.01028183147167901
0.06361883612532476
0.07118074480531293
0.013521974433223246
0.007059799440069624
0.014585204598191912
0.04384191681046117
0.1158763098233517
0.010861053153770218
0.012997873304397682
0.03132083686403659
0.03196817115634583
0.008944127095784416
0.0188612889371744
0.024100322869204042
0.026675840162258307
0.07966078766646874
0.07474128305605393
0.027827391390913468
0.027190873427902166
0.09261977063192259
0.017594676396282653
0.009186150083636364
0.018978142307993495
0.057046723663190156
0.1507772539732032
0.0771055828919942
0.031418092437127544
0.0027371364303656774
0.004706730629649107
0.006365423987262375
0.028334871947593734
0.03135913205749918
0.034710372924585904
0.10365392919400748
0.09725271226539091
0.0362087614418832
0.03538052976352058
0.03156706030205151
0.01824006041140311
0.07253672100209237
0.03261277725344302
0.0052048849478536635
0.00440236425728487
0.15880134228511153
0.06470653698373884
0.005637217473193872
0.009693657887389264
0.013109788363924891
0.058356548643922215
0.019696563054419327
0.030743917691675025
0.014794878320754361
0.03512605956671151
0.02040063400914307
0.01465757101556569
0.0650133409273704
0.03756597081627253
0.1493916293483971
0.06716702746085886
0.010719622174655183
0.009066805892176483
0.02629037213313841
0.00898255850795275
0.07918795437774581
0.08766854534850335
0.009206751625405815
0.004014420231611113
0.031884004219294895
0.049767017661443466
0.023949354082718845
0.056860652710724977
0.033023725968164074
0.023727086538585386
0.031458958154764696
0.0356479784529454
0.006030768897132339
0.020444678193186114
0.020407230913922967
0.017103013948273734
0.04255779720065127
0.014540604499187947
0.1281862761803452
0.14191431581582256
0.01490351930229653
0.006498382040007384
0.02521890704094759
0.007903467284876169
0.011773416877538828
0.09305184150147094
0.11635572717180123
0.04679081260463785
0.012809470353166331
0.014515157205679932
0.0024556107362034194
0.008324671716948744
0.008309423919765881
0.0069640116192793
0.04659391248500412
0.0037761141085308116
0.0063188507825444485
0.017241044889502483
0.2353499078690681
0.33484003588150213
0.010268644005661352
0.0032181367664748245
0.0047939042897216936
0.03788888364187914
0.047377768529265715
0.01905230058513211
0.028034624383138192
0.012802753326212607
0.009458008575392144
0.010459343107454212
0.04914245201443824
0.07000478078968912
0.03523763071600833
0.0028557660733200384
0.004778764403966361
0.013038904452806812
0.17798834011215295
0.2532298513700637
0.016599079175342826
0.011607427652634747
0.002273263190798238
0.006848126264978051
0.057866845045347184
0.041326599547636116
0.02120177698305472
0.009682352689365216
0.007152818806443248
0.007910099201716907
0.037165017578664514
0.05294259447768203
0.031801071266224716
0.007540896004111353
0.0027598528249596884
0.013316120893919946
0.08180002838377762
0.10307663038967055
0.04103860190408268
0.028697531804927966
0.005620284241366471
0.01693091072152938
0.14306663593658023
0.10217349100932005
0.012124806001522976
0.0024911179290639344
0.0007877606512116847
0.01162581003643345
0.0004982235464405
0.0007877606512116847
0.07862312662238413
0.018643674498071795
0.006823300268705383
0.0329220060040428
0.20223765216874937
0.2548406905884039
0.015315115113085675
0.007248908390818587
0.0
0.009595192212639195
0.0029893411474020432
0.00491770625474626
0.03771519919142743
0.10001805268918577
0.05551103498722172
0.049560050257474925
0.08936181249996501
0.06263476085482735
0.06389169122934321
0.14682411965638664
0.04193040181639784
0.01146847858232067
0.009963911517068278
0.02201658694837136
0.00301462497875801
0.012781683648367724
0.0431473185531796
0.07054914172767202
0.018281268627184686
0.006589821456429282
0.013960917671874695
0.01979767579343873
0.0154879299223863
0.032984809105469505
0.047950443434783524
0.02455816997801752
0.103677098413791
0.23825161629376868
0.06804049653410883
0.0186099093600083
0.01616844718092169
0.03572633323460623
0.01112689263786088
0.009039109895772234
0.011912261302501002
0.05646972145221697
0.0987062155253523
0.00726614392508103
0.022654392262339017
0.03212570433036218
0.025132276261481727
0.05352447609365036
0.0778092228788866
0.03985056204779544
0.017657693303018064
0.009616089078029497
0.0077932601197879415
0.017883379754766476
0.015831318695459347
0.005127225468836728
0.022210629075339605
0.018043161159216975
0.02377832031362498
0.11272042231226753
0.19702959413883564
0.014504105753556816
0.008535959954154538
0.007227826383277909
0.025602605588238785
0.03098300821135153
0.048937168854998304
0.025397902570764106
0.035246900374050864
0.019194881681593876
0.015556293696882785
0.03569739794154399
0.03160123484268072
0.010234564741505383
0.0058387397091619634
0.005019310368760122
0.008009392497550723
0.23733055153281696
0.05695381290721341
0.004345908088518599
0.00490692470124553
0.0041549398083994835
0.014717742169822426
0.01781068434337942
0.028131692739109027
0.0146000679658359
0.03586289152101168
0.026955296062787393
0.07473663714477563
0.09496340902779198
0.13723065892538455
0.04286720954911378
0.003356418757457457
0.0028853671015290423
0.004604225664047761
0.1364302494307978
0.03274008698324575
0.0024982595822178786
0.02368899297264849
0.011022232218227346
0.09599471511003957
0.11957504281308931
0.04711377019917816
0.02315230855524356
0.024900123709402318
0.018715451490957675
0.05189072692142836
0.065934466864536
0.09528122912127296
0.029763322910659005
0.07756982305992745
0.08372010283019221
0.08256001201160161
0.03107852627314943
0.022733070492654408
0.006664311037783255
0.016447610065811833
0.0076528950719665385
0.0666505175771557
0.08302267977635201
0.03271177132185672
0.016074982321100793
0.024151750938306935
0.0512218916214702
0.09040352549496974
0.013596468508572955
0.004744313725226984
0.002510304200483593
0.10559421657201322
0.11396646686757056
0.11238725891905144
0.04230656335893172
0.030946064774360436
0.009071990566270621
0.04184347737708307
0.04316620883417234
0.05604342338072389
0.018862912655100483
0.009280189375772489
0.01610294412765996
0.032877285503186644
0.06972731538819076
0.12306447370151163
0.0185085950138063
0.006458337420728178
0.003417225861179461
0.004896181562271003
0.004403374716454624
0.09458249838930079
0.03092374265348796
0.008222813498941625
0.0033462725169862173
0.07294214135866735
0.07524794553581739
0.09769568799507304
0.03288209602957357
0.016177357325792792
0.02807087987132239
0.029634959220588557
0.035465386263807186
0.08546056354564716
0.08722684947419115
0.024404524864637275
0.051464026608402234
0.008535092922952679
0.007676025061882784
0.16487754842638372
0.0539067054021936
0.01433412474782156
0.005833269562159116
0.01911527977198619
0.018139361569447756
0.030161643196920104
0.03132705687939126
0.008770361892201749
0.0006508214169644492
0.021202933055255686
0.025374430419592593
0.06114449472445719
0.062408219841154515
0.017460712636673245
0.03682098236780292
0.04704861721705113
0.05207653854053038
0.15551368031329024
0.1459098301670051
0.054324595268104466
0.05308198577461244
0.013676414882876865
0.012978174397313717
0.021579759795873413
0.02241357866861705
0.0062749334219271485
0.00046564339205288784
0.019985494248513026
0.018824189585872148
0.01622931631858897
0.05445000806898991
0.03770862051060191
0.043046638141195304
0.04538424901592991
0.050234305125434184
0.15001230663510773
0.14074819745757558
0.05240283572975517
0.05120418416424726
0.04568517147803459
0.02639777919423513
0.10497817996753972
0.04719857683744032
0.007532727440910368
0.0063712858935350055
0.019278497463518014
0.018158274530089207
0.015655196193400514
0.05252381199052203
0.036374659331754614
0.041523841937497065
0.009565571028052064
0.023815283246930188
0.008222803977553421
0.01937568316310675
0.0015725382838790642
0.025783839038570247
0.08444864373540789
0.04879606617328231
0.19405125631043568
0.08724616043259616
0.013924181423270366
0.01177726678378038
0.03414970278827818
0.011667834208335623
0.10286066293459244
0.11387646977268885
0.01195904835659598
0.005214504271089036
0.017681875184863822
0.04402234478521777
0.01519978192355857
0.03581578248771708
0.00290682339584612
0.04766120311371095
0.029479274508284876
0.01507391730935581
0.006151043611479785
0.03485408604899613
0.008927050593982973
0.022254648530230032
0.040022803257078174
0.013674480151455752
0.1205507439126791
0.1334610603664563
0.014015777603845366
0.006111299996339231
0.023716719878606476
0.007432690059120636
0.011072122580303316
0.0875091238290219
0.10942489232877872
0.044003675243923956
0.03454914999176697
0.01766634487351657
0.00720890632092015
0.0408483270643006
0.010462333795525768
0.02608202552165547
0.026634515517125798
0.025736493609558788
0.01857994933342061
0.08847316440027299
0.07180964593322943
0.020953319255323673
0.018716977986975945
0.005865798345329616
0.008737999000931536
0.06906125099722658
0.08635693769746143
0.034727223035150856
0.05109958502437555
0.023335978153229506
0.017239407482491954
0.01906457119289731
0.0895734813742842
0.12759989929549606
0.021019670644990735
0.020310961499637306
0.014663094409883264
0.06982206135561576
0.05667139339100567
0.01653613219970349
0.03925187316957858
0.011065432161097438
0.011771993963512216
0.025337107303433963
0.07732823063162104
0.08484259624807089
0.03420070390439817
0.015618656761251454
0.011538251641666412
0.012759824842443871
0.05995109574190626
0.08540199244190662
0.05129848423026444
0.01216426111908443
0.004451933880900757
0.021480308382269834
0.13195207893946387
0.166273483502716
0.02627108794181745
0.00740603996559604
0.007878938345945283
0.016958002775665372
0.051755408933781305
0.05678473731981417
0.05370392075265869
0.011649844057653774
0.009283197716691593
0.025565042931376302
0.031811025957432855
0.09384144805324993
0.06813844227514891
0.016157471639163482
0.005913387974484645
0.028531734898595576
0.17526851424195003
0.22085674318723114
0.013272787942945395
0.0062822396814350605
0.0
0.008315637889090713
0.00259070146359444
0.004261911961025569
0.07133352103989336
0.015474184836997792
0.01233063006127586
0.03395738155190143
0.04225375834077795
0.12464715453366905
0.05476451262801284
0.004123321757193197
0.006193818146860981
0.024750111592398438
0.02255414234681437
0.038027584692420686
0.008390265485659349
0.03557381761219881
0.12008706230671484
0.196351464295384
0.050880191824034915
0.01834070636053543
0.03885584658650327
0.055100636754624434
0.04310580745126229
0.0918028966583768
0.1334550577294941
0.06834998296949227
0.008977624549010672
0.0067215583665523665
0.0035425727227869487
0.01517539076183841
0.00858865839371473
0.0
0.011703799737248919
0.013109554727887118
0.016911884275455764
0.036830298685261685
0.0077143476028677105
0.010430310095317013
0.05333071877299187
0.07562714034377453
0.059163907020997095
0.12600200212687027
0.18317073948601728
0.09381223265254847
0.041567986676406654
0.0226372412191772
0.018346118446272184
0.04209927529142185
0.037268517088261066
0.012070004633000956
0.016063787234002695
0.01799322464575881
0.023212026591874626
0.050550598534410816
0.010588154387776159
0.01431588765335684
0.02219458135222242
0.02111069641372076
0.023132809612448575
0.023929306184899263
0.006725974536490098
0.0050867066824573735
0.058892033308356406
0.03207163181289603
0.02599212290524897
0.05964474397138172
0.05280069893211032
0.01710034985365704
0.009755616799823322
0.008386479102702083
0.013382436604062915
0.3965420674622265
0.09516087403926314
0.007261329682553251
0.03144448718277686
0.029908877859246757
0.032773735346326764
0.03390218313572575
0.009529119596714933
0.007206663668970719
0.019118990090020164
0.016772956675193424
0.0027717994424116023
0.028874608420054227
0.007261329682553251
0.0034443509722016665
0.005983741515841826
0.005143962110062295
0.00820830124162962
0.24322452188717034
0.05836822871956654
0.004453836264099193
0.042232159024846797
0.019650166825851523
0.17113703730474789
0.21317547053671396
0.08399328066031019
0.04127537113233606
0.011726895089267341
0.010287923281548822
0.0017001212468130053
0.017710637543684935
0.004453836264099193
0.002112639962228377
0.02117490756442907
0.005789986627112278
0.0009959080824995077
0.008869251929122919
0.0136344133062802
0.004697086945970178
0.03576106570645082
0.01663923709390668
0.14491427805672352
0.18051130192945786
0.07112326951663854
0.03495088324168309
0.05251172351330904
0.11136872922903196
0.1965590382058247
0.029561997260710685
0.010315280711361173
0.005458005941135028
0.017930346878407492
0.004902806226170316
0.0008433083981071588
0.007510245943566959
0.011545257485603115
0.003977367929613239
0.008455865206881687
0.011190698742276444
0.004911645954545307
0.027206325882560743
0.009465817982695435
0.002385236285825154
0.07079761888128593
0.15015010591400185
0.26500581096031106
0.03985622400877712
0.01390731942499155
0.00735862010650509
0.010543388570982951
0.00948218322150801
0.20367300923175435
0.06659087918168927
0.01770692462349231
0.007205829882383361
0.011400408940616988
0.015087579907183438
0.006622003908928564
0.03668024894489364
0.012762052530396258
0.0032158352117858707
0.014721157677528924
0.01067782960988826
0.0
0.01833660561208589
0.0066100865018231285
0.0016079176058929354
0.0187376821547851
0.016851710827298944
0.36196713085169246
0.11834513355110673
0.03146869939393731
0.012806181721230452
0.04196510101302573
0.039822600017042645
0.06621594967877759
0.06877446326007175
0.019254184459618583
0.0014287934484945178
0.026162402310692324
0.018976610411920548
0.0
0.03258776677381643
0.01174742816817667
0.0028575868969890356
0.043450356967952825
0.005421889301215419
0.0
0.05047909202348771
0.007229185576262527
0.0034494122165736885
0.04174193838134871
0.03961083080868863
0.06586382552721835
0.06840873340734178
0.019151794274176886
0.0014211953896696398
0.0609979498711103
0.057453518959569266
0.04953367732285818
0.1661874768456584
0.11509090118126823
0.13138312432037147
0.04321929602030338
0.005393056698507155
0.0
0.0502106535651332
0.007190742106828733
0.003431068881530827
0.017310642407210634
0.008583508495756264
0.005684781558678559
0.024530281493077104
0.016179171516148724
0.0014211953896696398
0.05417509049510639
0.05102711805025982
0.04399314169068803
0.14759875727448057
0.10221753353732937
0.11668740776740436
0.026880501297507364
0.06692404983897507
0.023107150878872797
0.054448194977445505
0.004419037531186383
0.07245594818108293
0.015374379318004318
0.007623409483526726
0.005048916496981886
0.02178647352191242
0.014369467873515111
0.0012622291242454715
0.04621474252018475
0.011597511211353422
0.020126785921863153
0.06786004757141216
0.012395815262487493
0.012405725688170995
0.035296320437088434
0.08787681010559074
0.030341599391395073
0.07149498128307587
0.00580256160396601
0.09514064995542806
0.05884612963380836
0.03009035014841918
0.012278630182795756
0.06957525584053012
0.017820057829220016
0.04442442883038754
0.06068377754031096
0.015228490996431495
0.026428133813584716
0.08910585250799384
0.016276730212032242
0.016289743420257838
0.08120490224165794
0.03155095741109603
0.019728474305629125
0.025957098088583055
0.026295116779717388
0.03226220622421107
0.053853382956597036
0.027537361589026605
0.011236860903705568
0.0636722061484674
0.016308131130417448
0.04065527832193168
0.041516470429779254
0.04011668150000401
0.02896143977508304
0.13790727716789744
0.11193306820403379
0.03266092295577989
0.07431514571283812
0.028874044948758257
0.018054629735921198
0.023754791564121927
0.024064131364945236
0.02952494849922903
0.03264329277650163
0.01736242130951723
0.013390866113227522
0.06332055270442964
0.05646133950741828
0.011874076351448087
0.02307891166622293
0.022300772177793124
0.0160995986261959
0.07666234231714168
0.062223338517650995
0.018156132928224086
0.04309727440141293
0.012149483010829671
0.012925264786865443
0.02781931606872816
0.08490387095945304
0.09315439891580224
0.018146332351585213
0.00965173059188272
0.007443952074011586
0.03519975150569936
0.031386730460440486
0.006600772088671848
0.07834605014232549
0.007038168194221636
0.0049628738960782025
0.019569498347952363
0.037668332571774855
0.2514147263175289
0.017156655775197545
0.0048366051161829755
0.005145437196006584
0.011074631431377553
0.03379950375667773
0.03708396826346535
0.03507200326733448
0.0076080733608959615
0.0060625059788581865
0.01669556443277724
0.020774580155046015
0.0612843071159203
0.031188891462569552
0.0028018344703544763
0.001975677586885535
0.00779044966328795
0.014995440536221368
0.10008604897074252
0.24997688465252316
0.045166683845204066
0.01839908298319477
0.018899750585395985
0.054855387442427274
0.1972698818385354
0.03349814483265112
0.007266660572482808
0.005790450627545218
0.015946349889654765
0.019842319515275902
0.058534169835967674
0.025717356285788463
0.001936307466679423
0.0029086103465244292
0.011622625809859781
0.010591401011696746
0.01785771291101992
0.23875915564550415
0.04313982596102214
0.017573422933986494
0.018051623044875887
0.05239374835223881
0.1884173830213452
0.03212332998258482
0.0049231103330246535
0.08261547303438171
0.07433556569623388
0.017759628074687443
0.018395481438377492
0.037109602510844386
0.027784004318122918
0.014643457731017566
0.06272847745460935
0.035501785283202095
0.0
0.048378427249298875
0.05418920811292589
0.06990638779171528
0.15224046596116028
0.03188776403045875
0.04311437391806679
0.043216576924199904
0.010804890748870076
0.0
0.060030240025472005
0.0169791168220538
0.0024405763562696144
0.07088400410875169
0.03490402455656075
0.024706210556278713
0.0804118809819122
0.0604612166357394
0.017676216463583826
0.04336811642022064
0.048577103882495344
0.06266653416915564
0.1364736852161295
0.0285853084005227
0.03864923466462508
0.059919692284258405
0.05699348020772116
0.06245266858838307
0.06460300559043392
0.018158410746408993
0.013732806864708296
0.0635429036723035
0.031289189966900055
0.022147512365084325
0.07208402617187258
0.054199551970861716
0.01584557946688591
0.02929813243534606
0.0201321214419571
0.004375636231650025
0.04598583241188391
0.006918488408223409
0.0
0.09562628833526259
0.09095632443702356
0.09966868430177603
0.10310042332340848
0.028979144510767375
0.02191628993465419
0.05814303945871636
0.05100848304294941
0.00842935968861187
0.08781099256903406
0.02208253554542204
0.01047466594958512
0.046757110277803327
0.0321290042791971
0.006983110826954504
0.07338913639099473
0.01104126777271102
0.0
0.014053239477451697
0.06746106301329084
0.014867469290455328
0.05070429934287099
0.0044165067600684445
0.0
0.06648776735140718
0.05832925462928133
0.009639147026286701
0.1004136849256311
0.02525183580943834
0.011977997009155625
0.12005499470357003
0.03282738362548541
0.005646482243472533
0.05028583903545319
0.07730278927032892
0.026630989849889437
0.01607016980207673
0.07714311987578581
0.01700125842216863
0.057981414281215865
0.005050366762780699
0.0
0.0555296150307182
0.02272665143028057
0.005646482243472533
0.13738972163186738
0.01262591790471917
0.007985331561163177
0.09969975951430962
0.027261525112103942
0.004689125372634669
0.04175991237339901
0.06419615876096461
0.02211572529920776
0.04701792627485401
0.0622246731180441
0.027310677468114396
0.1512778400860561
0.05263365973234211
0.01326284905106611
0.046114610043126905
0.0188733645589602
0.004689125372634669
0.1140953963661105
0.010485202901020866
0.006631424525533055
0.07702460770815277
0.010485202901020866
0.0033157122627665275
0.06845088126773234
0.023067444835532074
0.0033157122627665275
0.05001888801742106
0.0661962192551365
0.02905380620089375
0.16093328528673537
0.05599305075066794
0.01410936240784462
0.06458855477856808
0.04684859695017209
0.0
0.08045120376891511
0.02900151900184942
0.00705468120392231
0.0819407730791471
0.011154430475735175
0.003527340601961155
0.07281982078090109
0.02453974540118314
0.003527340601961155
0.022084644678855594
0.04926920937073834
0.00705468120392231
0.09975329455771835
0.02007797415113721
0.0
0.0563454621878124
0.0408695605135896
0.0
0.07018364593334371
0.025300209888734982
0.006154329886857515
0.0935781973119559
0.011677018607854812
0.0
0.10871584868649865
0.01556935780203588
0.007428932684048604
0.01926609932595426
0.042981243087723026
0.006154329886857515
0.08702231387404703
0.017515529449749632
0.0
0.2119301705709459
0.04015834286316204
0.01230865977371503
0.02499401698180971
0.037169932737492986
0.06467542179586486
0.09181301754336682
0.011456753229848968
0.0
0.10666512509768382
0.01527567063780829
0.007288799596932411
0.036773905671058246
0.018234397333410708
0.01207647965232866
0.05211096367718683
0.0343702627074599
0.003019119913082165
0.20793249953013318
0.03940082993388636
0.01207647965232866
0.024522551038038798
0.03646879064293742
0.06345543947777804
0.07020995127819958
0.03055134127561658
0.00603823982616433
0.05297620335799169
0.06301214829700982
0.0042696804383284956
0.025210967878009322
0.012500896955562545
0.008279233196432178
0.03572554525780566
0.023563110125625602
0.0020698082991080446
0.07578311716313815
0.019017644651962266
0.033003982981572984
0.11127717380561743
0.020326706785381662
0.020342957940527262
0.04813360979996095
0.020944984479466223
0.004139616598216089
0.03631872483450529
0.043199035230313605
0.0029271510440834507
0.04334183077331167
0.048400673851844406
0.1324431902710467
0.1229438314636069
0.08852524763396799
0.02158003333255735
0.061657557473712064
0.015472859418263074
0.026852220570013362
0.0905357155560423
0.01653791951013307
0.016551141538599476
0.08250798038711776
0.03205724905034194
0.020045053021953755
0.026373626232883165
0.026717069039520563
0.03277991112495683
0.03526314991990368
0.039379052241441365
0.10775650199977453
0.10002777186094583
0.07202462432517799
0.017557632825032216
0.03960136905754294
0.02249736784674101
0.0112623335187055
0.06202076262301568
0.038073278735892994
0.0064470990113483844
0.09133773794450539
0.03548792006838457
0.02219021470908271
0.02919605291758573
0.02957624994730808
0.03628791927917501
0.04012055002606016
0.021339449346956238
0.0164581715902986
0.07782472864638836
0.06939434730911692
0.01459394668096917
0.04383938925968731
0.02490496893979972
0.01246759480414761
0.06865803934359604
0.042147767277188886
0.007137048285971132
0.06999198258286186
0.03669472431176823
0.04751882211311726
0.06415444664627112
0.04535902947519392
0.053318064787942585
0.01449568810146331
0.007710013990075619
0.005946392109240002
0.028118333181033017
0.025072408377855928
0.005272841452056457
0.06258454242107747
0.005622243050131485
0.003964452468443804
0.01563254429919212
0.03009028985490504
0.2008355951055471
0.025288335989043016
0.01325792588204976
0.017168708401386477
0.02317921484880594
0.01638836814127445
0.019263994058845317
0.22365160967954661
0.06834115178030567
0.01737815276207886
0.00746725521959594
0.007371934739946382
0.1558977028651255
0.021466470585387205
0.0019284268988902728
0.0013598054568879192
0.005361955834326811
0.010320956215197227
0.06888652098509244
0.1720523298450705
0.03108700709565639
0.012663591270335874
0.013008187241905016
0.03775547978023164
0.135775525108094
0.07671240397123338
0.023440985069331392
0.005960698771041821
0.002561265263338417
0.002528570380649731
0.053472843667489674
0.039692500239998124
0.052825540291537625
0.06916859448279876
0.0561253149428558
0.04820889550282701
0.05763602778116087
0.1262514760265892
0.022811551198463013
0.009292504734559639
0.0095453682097744
0.027704856159975214
0.09963166711324384
0.016986229550970896
0.0026032507298231413
0.043685551597074324
0.03930728798670779
0.009390966608382555
0.009727194241142035
0.029126235878340175
0.03876322069985482
0.050755704127933024
0.04118458529665618
0.035375540803918346
0.04229314177979175
0.012878716210363371
0.04196892905515573
0.12193731602712839
0.11346826450790795
0.04127627240356971
0.014034093237754673
0.031183086620966603
0.007796310308034284
0.0
0.04331504963650857
0.012251346781543297
0.0017610072185060594
0.05114662468619566
0.025185132618823897
0.01782686086414378
0.058021500740603776
0.04362602246050503
0.012754341698132887
0.03708821396538096
0.01458914684299267
0.0
0.03622713229523966
0.01620464284790787
0.009221947046275361
0.09756524384838616
0.13009739401648418
0.11387251472248443
0.0931163989481537
0.11486092264686353
0.03228837163952772
0.05098038652774066
0.02510327521195325
0.017768919513384645
0.05783291767196353
0.04348422796909829
0.01271288718790446
0.023505852420557666
0.01615197407451403
0.0035105670893591104
0.03689437176569555
0.0055506939855607725
0.0
0.09724813462434491
0.12967454790818697
0.11350240316063165
0.09281374948148655
0.11448759853454121
0.032183427090912875
0.01745501663091268
0.01332166392773612
0.0035105670893591104
0.0755440272222858
0.016762005925234885
0.0
0.062393010099424974
0.042873164670915405
0.009318311199364512
0.09793096923282603
0.014733543787462201
0.0
0.018752739581995297
0.09002050727468408
0.019839253454305865
0.06766016638299069
0.005893417049255573
0.0
0.04633190957949221
0.035360500743102416
0.009318311199364512
0.20052109445344207
0.04449240922082628
0.0
0.1338446911906082
0.008840125185775604
0.009318311199364512
0.03958911482541537
0.03830721043205347
0.004659155599682256
0.014492363978742652
0.06956903290164293
0.01533203620032013
0.05228866714632089
0.004554510266774135
0.0
0.05007759112294068
0.020495297100287958
0.005092097773686027
0.12390048626429866
0.011386276566739685
0.007201313545570805
0.10343693906030967
0.006831765100226421
0.007201313545570805
0.03059498902213787
0.0296043164340971
0.0036006567727854023
0.1718175007832597
0.011386276566739685
0.04007031270668769
0.08009601911257447
0.051544651325204915
0.08942397644048149
0.03732528572477922
0.015276150532169703
0.003795390314896243
0.09234911159964879
0.008486750593724647
0.0053674923185156815
0.06234391850775999
0.008486750593724647
0.0026837461592578407
0.05540432195006378
0.01867085005428001
0.0026837461592578407
0.1280640135726251
0.008486750593724647
0.029866370113262392
0.05969949296192628
0.038418757674948165
0.06665207723535753
0.08873947808011065
0.03734169653166227
0.024752939029563988
0.1192799253053022
0.04603739965555011
0.03978638453016463
0.06944005035287336
0.009452732562634224
0.002989216476824418
0.06171057254767138
0.020796010243385253
0.002989216476824418
0.01871545484497413
0.04175279596454035
0.005978432953648836
0.08453512868693903
0.0170149180151373
0.0
0.09884001477070435
0.041592016502741816
0.0275703769306798
0.13285664772990152
0.05127748506534508
0.04431496465512558
0.13168964604613634
0.020796012235399598
0.007198986457049206
0.051530925066406934
0.0340298360302746
0.02292722256658497
0.017505037823471535
0.039052445086112414
0.00559177940614225
0.07906784191645155
0.01591448275691947
0.0
0.1925582126933954
0.0364875784586339
0.0111835588122845
0.022709382175646924
0.03377233073791807
0.05876361818920053
0.12317265351508384
0.019451035722800252
0.006733393939135113
0.04819817631139051
0.03182896551383894
0.02144441059753335
0.10423980951610841
0.05234962383959848
0.007907970479211615
0.041557045249597295
0.027713507196615365
0.002795889703071125
0.17618683446145103
0.03338538957061598
0.0102327280544885
0.02077862118752292
0.03090099332492939
0.053767511265499494
0.05949079192214511
0.025886978322608473
0.00511636402724425
0.04488817088488865
0.053391898650536854
0.0036178157925815823
0.09537729815113571
0.04789883734656683
0.007235631585163165
0.038023848215480244
0.02535729344648086
0.002558182013622125
0.11763575428110307
0.02851889709194501
0.009793812959495449
0.04084693169492814
0.020269006602848832
0.04883926509298562
0.04785413246267826
0.020823371982168062
0.00411558081471577
0.03610784805729215
0.04294820942710615
0.0029101551781381256
0.043090175858838745
0.048119645865225116
0.1316741876902719
0.12222998484384208
0.08801124503591118
0.021454733562203128
0.0946256855192321
0.022940475912868238
0.007878100249392188
0.03285709295282448
0.016304300136548825
0.039286090933168386
0.05153522168490253
0.013729774564899669
0.006173371050659673
0.0640992138678172
0.0391726916701263
0.002057790407357885
0.04407684358765491
0.049221477100558554
0.1346892292658199
0.12502877549937777
0.09002650381634274
0.021945998515623656
0.04949935992022929
0.028120373987209842
0.01407724817730467
0.07752227068571538
0.047589337751246664
0.008058490956218682
0.052715261894078186
0.014044155400370979
0.006314727308142767
0.06556694112827319
0.040069657856766985
0.002104909161160581
0.02846254028353865
0.014643873611450343
0.0
0.04374626649626956
0.031950270972902386
0.010524545279785977
0.05442219716305825
0.030917016702784458
0.015477266313205052
0.08523205767882645
0.05232221843133927
0.008859928378120802
0.08688801418729017
0.04555281346438541
0.058989843372986926
0.07964129982715848
0.056308677810298066
0.06618902049601276
0.03129321230756337
0.016100244087955566
0.0
0.04809694396542498
0.03512780668482584
0.011571238076433562
0.059415661289637045
0.020491220309112563
0.010215583227277182
0.044817463731275146
0.07120485290986715
0.01086438462215224
0.023654635484585393
0.012401425074287986
0.016059559599014353
0.021681769741787694
0.01532963160316305
0.018019483671707137
0.20920306123750806
0.0639261133931585
0.01625547324112299
0.006984848681480762
0.006895686183746507
0.14582625506702235
0.016175485457090157
0.005578587007427474
0.0027811188892268844
0.012201231410603646
0.019385007887115547
0.002957750391755861
0.08119827523599114
0.002031809037774319
0.0012600745225623076
0.021088911599161545
0.042358707641655585
0.23674481617983245
0.08887163830010984
0.0271564784654786
0.006905494258719693
0.0029672364349239365
0.002929359277669641
0.06194851126132757
0.04598392622239994
0.061198607614459416
0.08013210370655824
0.06502141023962274
0.055850205471095066
0.06677157733113413
0.03449387262633408
0.0008631336311803406
0.0005352927750574579
0.008958789191214993
0.01799441997703606
0.10057166252014581
0.016085026280067475
0.014148771627934653
0.012506660487213814
0.060049652195539725
0.12824213624262734
0.039813914167050664
0.02618254174189133
0.034845547782535236
0.045625989829909445
0.037022192917625804
0.03180024969959677
0.03801871119462451
0.01157710615845728
0.03772726559789542
0.10961350722111994
0.1020003952542174
0.03710461350619701
0.012615712979251145
0.009158567060159693
0.008056093382570512
0.0071211005053027935
0.034191350203364994
0.07301910387126277
0.022669431586707107
0.06167386858239605
0.04038098951559807
0.05988171962019415
0.12663518837984927
0.013194739387402236
0.019883945869319113
0.04381314810751854
0.01723448996468301
0.0
0.042795932806135056
0.019142912025570655
0.010894095147188773
0.11525603478413812
0.15368700142225544
0.1345201836240687
0.11000051342893874
0.13568781231662017
0.038142985534803664
0.03814419995470692
0.009209958142953972
0.0
0.036283506259606024
0.00789424993584084
0.00416063551374212
0.015815888090413035
0.023682749114360475
0.0
0.034422815337153315
0.009209958142953972
0.0
0.11597058748912503
0.15463981454647296
0.13535416825024416
0.11068248348428386
0.13652903588904466
0.03837946055792255
0.020815499866797857
0.015886383815998564
0.00418643020090429
0.09008795132271623
0.019989069015613307
0.0
0.015913941833437778
0.023829575026538406
0.0
0.03463622642541863
0.009267057109755922
0.0
0.018722284591980852
0.009267057807215364
0.0
0.029955654231234256
0.015886382421079683
0.0
0.038731105022665815
0.0295595687802463
0.007789631227637078
0.16762537177992298
0.03719337687316047
0.0
0.1118873113212731
0.007389892195061575
0.007789631227637078
0.03309447372176159
0.032022867260060886
0.003894815613818539
0.034836289084409056
0.01724308286993774
0.0
0.05573806045864988
0.02955956618474054
0.0
0.12832555251341396
0.13272436375947472
0.02106440316943957
0.0671554774501763
0.018596688436580234
0.01777672923550441
0.04390804839273453
0.0029000227129075927
0.0030568926973546405
0.012987297098727486
0.012566765513664943
0.0015284463486773202
0.07293498055575083
0.00483337178233751
0.01700948660527756
0.03400003823788501
0.021880239934924366
0.03795967205419796
0.05035892366386756
0.05208515351765276
0.0082663245975415
0.026353890525197602
0.007297916860950811
0.006976139459601637
0.12489430562887557
0.09600326525250569
0.05259683575921069
0.0933779144856047
0.06724508136323638
0.14897830340935422
0.058147412414376994
0.003853405598219924
0.013560813001627786
0.027106530096510758
0.017444021038012746
0.03026334811130501
0.04029212333279358
0.016954981871216458
0.011239061732230873
0.05415900076839452
0.020903262279365217
0.01806499144617625
0.09957198373499603
0.07653860212517895
0.04193282670781389
0.07444554125627664
0.05361114034818417
0.11877295069018652
0.07411906040017449
0.038156309946500155
0.03257937690330382
0.04462766450172636
0.018919840406969524
0.014735206334638644
0.07014684134805549
0.029517888981824413
0.01956671962209889
0.09428847427799193
0.036391674140787
0.031450367568430795
0.09346025220463533
0.014758947318380707
0.005109126724039158
0.0365715407220191
0.024151003160549248
0.016271469077182663
0.12903807346698856
0.0664284827616903
0.056719283915090374
0.07769483071618008
0.03293862257882164
0.02565335592888682
0.01635256511499837
0.02621125787619106
0.011154840372342831
0.06846331005310129
0.013417224449327666
0.004242898879390801
0.15501625836632493
0.0244796770472187
0.008474166178642828
0.06065876425206044
0.0400576507919583
0.02698839554750436
0.13118874021843435
0.0658834780522557
0.009952403881666946
0.052300713506701665
0.03487823042881377
0.0035187060455910807
0.027122904111883152
0.043474857248892405
0.018501786335950492
0.11355550524909662
0.022254251221598926
0.0070374120911821615
0.023975676178881127
0.022254251221598926
0.0035187060455910807
0.08803463722788572
0.01335254909155296
0.0035187060455910807
0.09022421673203712
0.04531094050411386
0.0068447020935574815
0.03596948109122675
0.023987279824469538
0.002419967569969305
0.11128008441669748
0.02697806712982119
0.009264669058776744
0.03864003792854378
0.01917390490324713
0.046200558457845965
0.01648911789425465
0.015305218893660827
0.002419967569969305
0.06054525850274849
0.00918313020732975
0.002419967569969305
0.09173787222334087
0.05065983690863298
0.024329882818756827
0.09128220354837165
0.11431623281326479
0.06501631909703741
0.10660669310459756
0.025845078552371507
0.008875583948752586
0.03701728558699926
0.01836866503428438
0.04426028954411512
0.0580603409327289
0.015468166549114013
0.006955010887447925
0.07221511985414893
0.04413253226164916
0.002318337026855149
0.08788518845439539
0.04853229321631637
0.023308109124159176
0.08744865633955692
0.10951533342446687
0.06228585117543671
0.05522868189167925
0.01984640957708538
0.002318337026855149
0.021225344381396578
0.035975096756848915
0.006306558556940889
0.08915119674063672
0.023751248047867504
0.010679364502501851
0.11088574841862016
0.06776515609647242
0.0035597882663440956
0.048135386933192886
0.024765481768878102
0.0
0.07398297705347008
0.05403378056140993
0.017798940442129173
0.0848032065598089
0.0304740057736143
0.0035597882663440956
0.03259134931753346
0.05523947805351849
0.009683671050392457
0.06958283547202503
0.06798809953852157
0.02786754120821287
0.06443106277808136
0.029268301164775305
0.0
0.03951402711452251
0.020329823451462826
0.0
0.06073214629730207
0.04435598020988189
0.014611034834230882
0.07502432246812088
0.025874321464537886
0.012899245646818117
0.05659113739031884
0.08991056785455198
0.013718488991255365
0.057120098595301295
0.05581099020474412
0.022876283937318196
0.05289104178520693
0.024026158705778358
0.0
0.18349821742208142
0.07904908570941836
0.005844414225796247
0.042127729916793755
0.023193576923858032
0.0
0.021972949866341195
0.007578011365680339
0.0037779012003952522
0.0165742812977095
0.026332798950124546
0.004017839294382071
0.11030059256810489
0.002760030803614924
0.0017116985073223378
0.02864739970453025
0.05754051474264289
0.3215966525910633
0.0537425330790776
0.023151713206223407
0.0017116985073223378
0.012338272002893521
0.006792881111130482
0.0
0.11591785689454827
0.012622457780742712
0.0
0.01875274805546511
0.018298603810710135
0.13386018191256754
0.05514822261587277
0.0013799635128019805
0.0008558170734648056
0.014323161276725189
0.028769175600755346
0.16079228022878223
0.02571646911568014
0.02262081778787536
0.019995438152208105
0.09600637258563768
0.205031367595536
0.06365381543206304
0.057956749173657354
0.006310991586215143
0.0
0.009376021473172161
0.009148957888776631
0.0669275743641849
0.015009279565651268
0.005588175702995871
0.006146709597800455
0.05668985692236916
0.05914636123943123
0.013406230141835132
0.014715292819670003
0.012943921503050482
0.011441645668531415
0.054936075352995946
0.11732157310608761
0.03642352801072954
0.09909290717100232
0.0648811196300493
0.09621341777249277
0.2034678422992365
0.021200309228447314
0.03194802024765615
0.008588501898426595
0.0031976256704389595
0.0035172259147333382
0.03243866180716138
0.03384430502263342
0.007671216497785239
0.06505690074343866
0.011728832272349252
0.008489514392044392
0.00821923950822147
0.004459262760764965
0.04820295119968742
0.11096150361594181
0.026791774502953055
0.0
0.1055487443911512
0.02296437843344674
0.012103291539759848
0.04600842921381391
0.06889313328393136
0.0
0.10013599323199603
0.026791774502953055
0.0
0.20568473762314723
0.02296437843344674
0.0
0.03247653720106395
0.007654793147217058
0.0
0.10013599323199603
0.02296437843344674
0.0
0.0649530744021279
0.02296437843344674
0.0
0.04868487834772749
0.0729008546963157
0.0
0.10596120606666683
0.028350332856058202
0.0
0.057276327718939334
0.02835033498976765
0.0
0.09164212093636781
0.048600566952597866
0.0
0.10596120606666683
0.024300285610008382
0.0
0.06873159070227586
0.024300285610008382
0.0
0.16896515674243662
0.024300285610008382
0.02186355954842111
0.028638163859469667
0.020250240497668007
0.030919739372252585
0.035740131348833803
0.017690461952969954
0.0
0.05718420802785628
0.03032650164021035
0.0
0.13165501328595045
0.13616795355154548
0.02161092802498002
0.06889785473554157
0.01907918738893974
0.018237953999352026
0.10543338122136868
0.0151632521515288
0.013642747730756407
0.017870065674416902
0.012636045012934896
0.019293756957651537
0.1268774605632384
0.010108835211493743
0.027755059283067686
0.08845211138272951
0.016551978918922208
0.009623324929170797
0.056313563991706284
0.05824391016003146
0.009243767843550414
0.029470079829882527
0.008160851707205515
0.007801026060356692
0.13966230730379464
0.10735507488792363
0.05881609575410258
0.10441929215755065
0.07519640844097582
0.16659409320215388
0.05427003359921112
0.0043239108360244695
0.01187183281532833
0.03783413567194879
0.0070798741405737895
0.004116240701254582
0.027517202059873465
0.0
0.0
0.014413892264755125
0.017295642205102747
0.0
0.12571166134946635
0.09663154704369238
0.05294104940751352
0.09398901498532196
0.06768515868827597
0.14995327394882285
0.09357682624226518
0.04817311993206613
0.04113212816111943
0.05634333711367882
0.023886684595507995
0.018603498686785288
0.024768552470718512
0.0
0.0
0.012974111469983975
0.015568007987867023
0.0
0.03577679527933283
0.011676006247205946
0.0059136578961942075
0.020802878225590158
0.003892002253272435
0.0
0.14923220196542278
0.07682437043114454
0.06559570679514469
0.08985387302819987
0.038093432775893575
0.0296680405264257
0.01891169973580291
0.0303132527017168
0.012900544363469458
0.07917764298983848
0.015516985762730815
0.004906901703318578
0.05705525772992641
0.018620380626304913
0.009430841213127988
0.03317551416828451
0.006206793814598313
0.0
0.08653799615793387
0.05686746392191907
0.032742587802079885
0.07354945308097428
0.014817961489207557
0.0
0.022705963636298603
0.03639501595089651
0.015488787115779489
0.0950630936219641
0.018630166478717663
0.005891375878367766
0.02007125893406214
0.018630166478717663
0.002945687939183883
0.07369827594366433
0.011178098513125755
0.002945687939183883
0.10390015817564334
0.06827681202314717
0.03931174978338225
0.08830571711989753
0.017790896611003932
0.0
0.13147377044207054
0.07110658072305104
0.031349844752940066
0.0843600967662344
0.023353907071521133
0.017125570749502394
0.015633324413492675
0.01451087036423502
0.0022943700405370767
0.05740292924960182
0.008706521148263015
0.0022943700405370767
0.0869766306887003
0.048030565989417885
0.023067149709713453
0.08654461144627967
0.10838316305087638
0.06164193955877407
0.10240374616949721
0.055384280977570075
0.024418114227185313
0.0657073263133507
0.01819014974452126
0.013338954181834527
0.061564408620678024
0.01741304229652603
0.030349906795639182
0.06315446865575351
0.015308256522334529
0.01727987372124499
0.09671539633477211
0.05340854421546909
0.025649976422670244
0.09623500393598507
0.12051881623236484
0.06854398207960735
0.06077774824335225
0.021840464836302368
0.002551270451063806
0.023357947229686246
0.03958967150449805
0.006940205978615975
0.06845777000922948
0.019362779102472853
0.03374818317542601
0.07022586892580876
0.01702232065129066
0.019214699653594913
0.05704813940746851
0.012908519968370915
0.005102540902127612
0.058189101107510965
0.02258990866952382
0.0
0.10478696256648729
0.037655162249065725
0.004398647350049684
0.040271454812491066
0.06825658313879897
0.011965614474117802
0.08597993250095755
0.08400939929417836
0.03443448798537535
0.07961415183851767
0.03616533504986014
0.0
0.09835674109943686
0.022255589221543536
0.008797294700099368
0.10032387404541965
0.03894727893925671
0.0
0.10819241755438799
0.015438451785343879
0.0
0.011802808668119086
0.008345845591671413
0.0
0.06650194378444
0.06497781734317835
0.026633661107188046
0.061578274092643756
0.027972400169126114
0.0
0.21363737877987535
0.0920327167378446
0.006804345858199466
0.04904711293553593
0.027003068739054514
0.0
0.08368238798075867
0.01194100789432804
0.0
0.009128987377804876
0.006455168528595525
0.0
0.08033005708193479
0.07046365500850442
0.011615745080947915
0.02647154662405686
0.048703286218208075
0.015017917159844426
0.07653429112604483
0.032970160821868925
0.0024376155044025074
0.017570829794574847
0.009673685082519267
0.0
0.16507764889348658
0.01797553638002344
0.0
0.02670563140331552
0.026058888388985468
0.19062916363855176
0.028777754201970856
0.02524317568875768
0.004161270002227415
0.009483270518731362
0.017447655965017635
0.005380077449848537
0.28779470247041733
0.023267134520026773
0.0024376155044025074
0.005450673844913347
0.012062537917048189
0.012860135815488899
0.12325682595424457
0.013421608399913194
0.0
0.01994001843338918
0.019457121495561835
0.1423351120027205
0.031920288585870905
0.011884393273371631
0.013072229307018008
0.12056252166792367
0.12578677819336714
0.02851107763728366
0.2148847029911235
0.017372631420498087
0.0018200692339843643
0.004069798436912108
0.00900661080754433
0.00960214500619899
0.03717873175379234
0.012285383450163853
0.0018200692339843643
0.020677356365292474
0.016740083928890245
0.004394035441113425
0.0261973930803063
0.009753675041687289
0.01072854741493269
0.09894721855007214
0.10323483334970708
0.023399409626191883
0.19844219882801253
0.0357763010412801
0.025895452806507322
0.02507103692408896
0.013602029873630598
0.14703282075775934
0.030513065298929835
0.010082772858409948
0.0014937543258041147
0.016970173408861772
0.013738803071992677
0.003606241633748838
0.16056663823388076
0.0064405070654993575
0.0
0.010128813862563098
0.0021490364362875985
0.026228942496237067
